Hora de inicio de la toma de datos: 10:26:17
AT(s)	F1.1	F1.2	F2.1	F2.2	F3.1	F3.2	F4.1	F4.2	F5.1	F5.2	ABD1	ABD2	ABD3	ABD4	PA	TCO	P1	P2	P3	P4	P5	P6	P7	P8	P9	P10	HRoll	HPitch	HYaw	WRoll	WPitch	WYaw	
0.01	0	0	6.2	68.1	4.7	41.9	8.1	34.2	0	41.7	0	50.3	5.5	27.9	83.2	91.1	99.9	99.9	60.1	79.4	99.9	99.2	99.5	99.9	99.9	99.9	-18.6883	-21.6813	172.111	1.48186	41.4877	90.1261	
0.02	0	0	6.2	68.1	4.7	41.9	8.1	34.2	0	41.7	0	50.3	5.5	27.9	83.2	91.1	99.9	99.9	60.1	79.4	99.9	99.2	99.5	99.9	99.9	99.9	-18.6883	-21.6813	172.111	1.48186	41.4877	90.1261	
0.03	0	0	6.2	68.1	4.7	41.9	8.1	34.2	0	41.7	0	50.3	5.5	27.9	83.2	91.1	99.9	99.9	60.1	79.4	99.9	99.2	99.5	99.9	99.9	99.9	-18.6883	-21.6813	172.111	1.48186	41.4877	90.1261	
0.04	0	0	6.2	68.1	4.7	41.9	8.1	34.2	0	41.7	0	50.3	5.5	27.9	83.2	91.1	99.9	99.9	60.1	79.4	99.9	99.2	99.5	99.9	99.9	99.9	-18.6883	-21.6813	172.111	1.48186	41.4877	90.1261	
0.05	0	0	6.2	68.1	4.7	41.9	8.1	34.2	0	41.7	0	50.3	5.5	27.9	83.2	91.1	99.9	99.9	60.1	79.4	99.9	99.2	99.5	99.9	99.9	99.9	-18.6883	-21.6813	172.111	1.48186	41.4877	90.1261	
0.06	0	0	6.2	68.1	4.7	41.9	8.1	34.2	0	41.7	0	50.3	5.5	27.9	83.2	91.1	99.9	99.9	60.1	79.4	99.9	99.2	99.5	99.9	99.9	99.9	-18.6883	-21.6813	172.111	1.48186	41.4877	90.1261	
0.07	0	0	6.2	68.1	4.7	41.9	8.1	34.2	0	41.7	0	50.3	5.5	27.9	83.2	91.1	99.9	99.9	60.1	79.4	99.9	99.2	99.5	99.9	99.9	99.9	-18.6883	-21.6813	172.111	1.48186	41.4877	90.1261	
0.08	0	0	6.2	68.1	4.7	41.9	8.1	34.2	0	41.7	0	50.3	5.5	27.9	83.2	91.1	99.9	99.9	60.1	79.4	99.9	99.2	99.5	99.9	99.9	99.9	-18.6883	-21.6813	172.111	1.48186	41.4877	90.1261	
0.09	0	0	6.2	68.1	4.7	41.9	8.1	34.2	0	41.7	0	50.3	5.5	27.9	83.2	91.1	99.9	99.9	60.1	79.4	99.9	99.2	99.5	99.9	99.9	99.9	-18.6883	-21.6813	172.111	1.48186	41.4877	90.1261	
0.1	0	0	6.2	68.1	4.7	41.9	8.1	34.2	0	41.7	0	50.3	5.5	27.9	83.2	91.1	99.9	99.9	60.1	79.4	99.9	99.2	99.5	99.9	99.9	99.9	-18.6883	-21.6813	172.111	1.48186	41.4877	90.1261	
0.11	0	0	6.2	68.1	4.7	41.9	8.1	34.2	0	41.7	0	50.3	5.5	27.9	83.2	91.1	99.9	99.9	60.1	79.4	99.9	99.2	99.5	99.9	99.9	99.9	-18.6883	-21.6813	172.111	1.48186	41.4877	90.1261	
0.12	0	0	6.2	68.1	4.7	41.9	8.1	34.2	0	41.7	0	50.3	5.5	27.9	83.2	91.1	99.9	99.9	60.1	79.4	99.9	99.2	99.5	99.9	99.9	99.9	-18.6883	-21.6813	172.111	1.48186	41.4877	90.1261	
0.13	0	0	6.2	68.1	4.7	41.9	8.1	34.2	0	41.7	0	50.3	5.5	27.9	83.2	91.1	99.9	99.9	60.1	79.4	99.9	99.2	99.5	99.9	99.9	99.9	-18.6883	-21.6813	172.111	1.48186	41.4877	90.1261	
0.14	0	0	6.2	68.1	4.7	41.9	8.1	34.2	0	41.7	0	50.3	5.5	27.9	83.2	91.1	99.9	99.9	60.1	79.4	99.9	99.2	99.5	99.9	99.9	99.9	-18.6883	-21.6813	172.111	1.48186	41.4877	90.1261	
0.15	0	0	6.3	66.8	4.6	41.7	8.1	34.4	0	41.6	0	49.1	5.6	27.35	83	90.9	99.9	99.9	61.8	78.6	99.9	99.9	99.9	99.9	99.9	99.9	-19.4115	-21.3177	172.208	1.36559	42.0323	89.9041	
0.16	0	0	6.3	66.8	4.6	41.7	8.1	34.4	0	41.6	0	49.1	5.6	27.35	83	90.9	99.9	99.9	61.8	78.6	99.9	99.9	99.9	99.9	99.9	99.9	-19.4115	-21.3177	172.208	1.36559	42.0323	89.9041	
0.171	0	0	6.3	66.8	4.6	41.7	8.1	34.4	0	41.6	0	49.1	5.6	27.35	83	90.9	99.9	99.9	61.8	78.6	99.9	99.9	99.9	99.9	99.9	99.9	-19.4115	-21.3177	172.208	1.36559	42.0323	89.9041	
0.181	0	0	6.3	66.8	4.6	41.7	8.1	34.4	0	41.6	0	49.1	5.6	27.35	83	90.9	99.9	99.9	61.8	78.6	99.9	99.9	99.9	99.9	99.9	99.9	-19.4115	-21.3177	172.208	1.36559	42.0323	89.9041	
0.191	0	0	6.3	66.8	4.6	41.7	8.1	34.4	0	41.6	0	49.1	5.6	27.35	83	90.9	99.9	99.9	61.8	78.6	99.9	99.9	99.9	99.9	99.9	99.9	-19.4115	-21.3177	172.208	1.36559	42.0323	89.9041	
0.201	0	0	6.3	66.8	4.6	41.7	8.1	34.4	0	41.6	0	49.1	5.6	27.35	83	90.9	99.9	99.9	61.8	78.6	99.9	99.9	99.9	99.9	99.9	99.9	-19.4115	-21.3177	172.208	1.36559	42.0323	89.9041	
0.211	0	0	6.3	66.8	4.6	41.7	8.1	34.4	0	41.6	0	49.1	5.6	27.35	83	90.9	99.9	99.9	61.8	78.6	99.9	99.9	99.9	99.9	99.9	99.9	-19.4115	-21.3177	172.208	1.36559	42.0323	89.9041	
0.221	0	0	6.3	66.8	4.6	41.7	8.1	34.4	0	41.6	0	49.1	5.6	27.35	83	90.9	99.9	99.9	61.8	78.6	99.9	99.9	99.9	99.9	99.9	99.9	-19.4115	-21.3177	172.208	1.36559	42.0323	89.9041	
0.231	0	0	6.3	66.8	4.6	41.7	8.1	34.4	0	41.6	0	49.1	5.6	27.35	83	90.9	99.9	99.9	61.8	78.6	99.9	99.9	99.9	99.9	99.9	99.9	-19.4115	-21.3177	172.208	1.36559	42.0323	89.9041	
0.241	0	0	6.3	66.8	4.6	41.7	8.1	34.4	0	41.6	0	49.1	5.6	27.35	83	90.9	99.9	99.9	61.8	78.6	99.9	99.9	99.9	99.9	99.9	99.9	-19.4115	-21.3177	172.208	1.36559	42.0323	89.9041	
0.251	0	0	6.3	66.8	4.6	41.7	8.1	34.4	0	41.6	0	49.1	5.6	27.35	83	90.9	99.9	99.9	61.8	78.6	99.9	99.9	99.9	99.9	99.9	99.9	-19.4115	-21.3177	172.208	1.36559	42.0323	89.9041	
0.261	0	0	6.3	66.8	4.6	41.7	8.1	34.4	0	41.6	0	49.1	5.6	27.35	83	90.9	99.9	99.9	61.8	78.6	99.9	99.9	99.9	99.9	99.9	99.9	-19.4115	-21.3177	172.208	1.36559	42.0323	89.9041	
0.271	0	0	6.3	66.8	4.6	41.7	8.1	34.4	0	41.6	0	49.1	5.6	27.35	83	90.9	99.9	99.9	61.8	78.6	99.9	99.9	99.9	99.9	99.9	99.9	-19.4115	-21.3177	172.208	1.36559	42.0323	89.9041	
0.281	0	0	6.3	66.8	4.6	41.7	8.1	34.4	0	41.6	0	49.1	5.6	27.35	83	90.9	99.9	99.9	61.8	78.6	99.9	99.9	99.9	99.9	99.9	99.9	-19.4115	-21.3177	172.208	1.36559	42.0323	89.9041	
0.29	0	0	6.3	66.8	4.6	41.7	8.1	34.4	0	41.6	0	49.1	5.6	27.35	83	90.9	99.9	99.9	61.8	78.6	99.9	99.9	99.9	99.9	99.9	99.9	-19.4115	-21.3177	172.208	1.36559	42.0323	89.9041	
0.3	0	0	6.3	66.8	4.6	41.7	8.1	34.4	0	41.6	0	49.1	5.6	27.35	83	90.9	99.9	99.9	61.8	78.6	99.9	99.9	99.9	99.9	99.9	99.9	-19.4115	-21.3177	172.208	1.36559	42.0323	89.9041	
0.31	0	0	6.3	66.8	4.6	41.7	8.1	34.4	0	41.6	0	49.1	5.6	27.35	83	90.9	99.9	99.9	61.8	78.6	99.9	99.9	99.9	99.9	99.9	99.9	-19.4115	-21.3177	172.208	1.36559	42.0323	89.9041	
0.32	0	0	6.3	66.8	4.6	41.7	8.1	34.4	0	41.6	0	49.1	5.6	27.35	83	90.9	99.9	99.9	61.8	78.6	99.9	99.9	99.9	99.9	99.9	99.9	-19.4115	-21.3177	172.208	1.36559	42.0323	89.9041	
0.33	0	0	6.3	66.8	4.6	41.7	8.1	34.4	0	41.6	0	49.1	5.6	27.35	83	90.9	99.9	99.9	61.8	78.6	99.9	99.9	99.9	99.9	99.9	99.9	-19.4115	-21.3177	172.208	1.36559	42.0323	89.9041	
0.34	0	0	6.3	66.8	4.6	41.7	8.1	34.4	0	41.6	0	49.1	5.6	27.35	83	90.9	99.9	99.9	61.8	78.6	99.9	99.9	99.9	99.9	99.9	99.9	-19.4115	-21.3177	172.208	1.36559	42.0323	89.9041	
0.35	0	0	6.3	66.8	4.6	41.7	8.1	34.4	0	41.6	0	49.1	5.6	27.35	83	90.9	99.9	99.9	61.8	78.6	99.9	99.9	99.9	99.9	99.9	99.9	-19.4115	-21.3177	172.208	1.36559	42.0323	89.9041	
0.36	0	0	6.3	66.8	4.6	41.7	8.1	34.4	0	41.6	0	49.1	5.6	27.35	83	90.9	99.9	99.9	61.8	78.6	99.9	99.9	99.9	99.9	99.9	99.9	-19.4115	-21.3177	172.208	1.36559	42.0323	89.9041	
0.37	0	0	6.3	66.8	4.6	41.7	8.1	34.4	0	41.6	0	49.1	5.6	27.35	83	90.9	99.9	99.9	61.8	78.6	99.9	99.9	99.9	99.9	99.9	99.9	-19.4115	-21.3177	172.208	1.36559	42.0323	89.9041	
0.38	0	0	6.3	66.8	4.6	41.7	8.1	34.4	0	41.6	0	49.1	5.6	27.35	83	90.9	99.9	99.9	61.8	78.6	99.9	99.9	99.9	99.9	99.9	99.9	-19.4115	-21.3177	172.208	1.36559	42.0323	89.9041	
0.39	0	0	6.3	66.8	4.6	41.7	8.1	34.4	0	41.6	0	49.1	5.6	27.35	83	90.9	99.9	99.9	61.8	78.6	99.9	99.9	99.9	99.9	99.9	99.9	-19.4115	-21.3177	172.208	1.36559	42.0323	89.9041	
0.4	0	0	6.3	66.8	4.6	41.7	8.1	34.4	0	41.6	0	49.1	5.6	27.35	83	90.9	99.9	99.9	61.8	78.6	99.9	99.9	99.9	99.9	99.9	99.9	-19.4115	-21.3177	172.208	1.36559	42.0323	89.9041	
0.41	0	0	6.3	66.8	4.6	41.7	8.1	34.4	0	41.6	0	49.1	5.6	27.35	83	90.9	99.9	99.9	61.8	78.6	99.9	99.9	99.9	99.9	99.9	99.9	-19.4115	-21.3177	172.208	1.36559	42.0323	89.9041	
0.42	0	0	6.3	66.8	4.6	41.7	8.1	34.4	0	41.6	0	49.1	5.6	27.35	83	90.9	99.9	99.9	61.8	78.6	99.9	99.9	99.9	99.9	99.9	99.9	-19.4115	-21.3177	172.208	1.36559	42.0323	89.9041	
0.43	0	0	6.3	66.8	4.6	41.7	8.1	34.4	0	41.6	0	49.1	5.6	27.35	83	90.9	99.9	99.9	61.8	78.6	99.9	99.9	99.9	99.9	99.9	99.9	-19.4115	-21.3177	172.208	1.36559	42.0323	89.9041	
0.44	0	0	6.3	66.8	4.6	41.7	8.1	34.4	0	41.6	0	49.1	5.6	27.35	83	90.9	99.9	99.9	61.8	78.6	99.9	99.9	99.9	99.9	99.9	99.9	-19.4115	-21.3177	172.208	1.36559	42.0323	89.9041	
0.45	0	0	6.3	66.8	4.6	41.7	8.1	34.4	0	41.6	0	49.1	5.6	27.35	83	90.9	99.9	99.9	61.8	78.6	99.9	99.9	99.9	99.9	99.9	99.9	-19.4115	-21.3177	172.208	1.36559	42.0323	89.9041	
0.46	0	0	6.3	66.8	4.6	41.7	8.1	34.4	0	41.6	0	49.1	5.6	27.35	83	90.9	99.9	99.9	61.8	78.6	99.9	99.9	99.9	99.9	99.9	99.9	-19.4115	-21.3177	172.208	1.36559	42.0323	89.9041	
0.47	0	0	6.3	66.8	4.6	41.7	8.1	34.4	0	41.6	0	49.1	5.6	27.35	83	90.9	99.9	99.9	61.8	78.6	99.9	99.9	99.9	99.9	99.9	99.9	-19.4115	-21.3177	172.208	1.36559	42.0323	89.9041	
0.48	0	0	6.3	66.8	4.6	41.7	8.1	34.4	0	41.6	0	49.1	5.6	27.35	83	90.9	99.9	99.9	61.8	78.6	99.9	99.9	99.9	99.9	99.9	99.9	-19.4115	-21.3177	172.208	1.36559	42.0323	89.9041	
0.49	0	0	6.3	66.8	4.6	41.7	8.1	34.4	0	41.6	0	49.1	5.6	27.35	83	90.9	99.9	99.9	61.8	78.6	99.9	99.9	99.9	99.9	99.9	99.9	-19.4115	-21.3177	172.208	1.36559	42.0323	89.9041	
0.5	0	0	6.3	66.8	4.6	41.7	8.1	34.4	0	41.6	0	49.1	5.6	27.35	83	90.9	99.9	99.9	61.8	78.6	99.9	99.9	99.9	99.9	99.9	99.9	-19.4115	-21.3177	172.208	1.36559	42.0323	89.9041	
0.51	0	0	6.5	66.6	4.6	41.5	8.2	34.3	0	41.6	0	49	5.5	27.25	82.8	91.1	99.9	99.9	61.2	76.8	99.9	99.9	99.9	99.9	99.9	99.9	-18.4125	-22.0745	171.944	1.00797	41.7614	89.7662	
0.52	0	0	6.4	66	4.7	41.3	8.1	34.6	0	41.8	0	48.6	5.5	27.05	82.7	90.9	99.9	99.9	63.9	81.7	99.9	99.2	99.6	99.9	99.9	99.9	-18.76	-21.2188	171.285	3.59912	42.0103	90.818	
0.53	0	0	6.4	66	4.7	41.3	8.1	34.6	0	41.8	0	48.6	5.5	27.05	82.7	90.9	99.9	99.9	63.9	81.7	99.9	99.2	99.6	99.9	99.9	99.9	-18.76	-21.2188	171.285	3.59912	42.0103	90.818	
0.54	0	0	6.4	66	4.7	41.3	8.1	34.6	0	41.8	0	48.6	5.5	27.05	82.7	90.9	99.9	99.9	63.9	81.7	99.9	99.2	99.6	99.9	99.9	99.9	-18.76	-21.2188	171.285	3.59912	42.0103	90.818	
0.55	0	0	6.4	66	4.7	41.3	8.1	34.6	0	41.8	0	48.6	5.5	27.05	82.7	90.9	99.9	99.9	63.9	81.7	99.9	99.2	99.6	99.9	99.9	99.9	-18.76	-21.2188	171.285	3.59912	42.0103	90.818	
0.56	0	0	6.4	66	4.7	41.3	8.1	34.6	0	41.8	0	48.6	5.5	27.05	82.7	90.9	99.9	99.9	63.9	81.7	99.9	99.2	99.6	99.9	99.9	99.9	-18.76	-21.2188	171.285	3.59912	42.0103	90.818	
0.57	0	0	6.4	66	4.7	41.3	8.1	34.6	0	41.8	0	48.6	5.5	27.05	82.7	90.9	99.9	99.9	63.9	81.7	99.9	99.2	99.6	99.9	99.9	99.9	-18.76	-21.2188	171.285	3.59912	42.0103	90.818	
0.58	0	0	6.4	66	4.7	41.3	8.1	34.6	0	41.8	0	48.6	5.5	27.05	82.7	90.9	99.9	99.9	63.9	81.7	99.9	99.2	99.6	99.9	99.9	99.9	-18.76	-21.2188	171.285	3.59912	42.0103	90.818	
0.59	0	0	6.4	66	4.7	41.3	8.1	34.6	0	41.8	0	48.6	5.5	27.05	82.7	90.9	99.9	99.9	63.9	81.7	99.9	99.2	99.6	99.9	99.9	99.9	-18.76	-21.2188	171.285	3.59912	42.0103	90.818	
0.6	0	0	6.4	66	4.7	41.3	8.1	34.6	0	41.8	0	48.6	5.5	27.05	82.7	90.9	99.9	99.9	63.9	81.7	99.9	99.2	99.6	99.9	99.9	99.9	-18.76	-21.2188	171.285	3.59912	42.0103	90.818	
0.61	0	0	6.4	66	4.7	41.3	8.1	34.6	0	41.8	0	48.6	5.5	27.05	82.7	90.9	99.9	99.9	63.9	81.7	99.9	99.2	99.6	99.9	99.9	99.9	-18.76	-21.2188	171.285	3.59912	42.0103	90.818	
0.62	0	0	6.4	66	4.7	41.3	8.1	34.6	0	41.8	0	48.6	5.5	27.05	82.7	90.9	99.9	99.9	63.9	81.7	99.9	99.2	99.6	99.9	99.9	99.9	-18.76	-21.2188	171.285	3.59912	42.0103	90.818	
0.63	0	0	6.4	66	4.7	41.3	8.1	34.6	0	41.8	0	48.6	5.5	27.05	82.7	90.9	99.9	99.9	63.9	81.7	99.9	99.2	99.6	99.9	99.9	99.9	-18.76	-21.2188	171.285	3.59912	42.0103	90.818	
0.64	0	0	6.4	66	4.7	41.3	8.1	34.6	0	41.8	0	48.6	5.5	27.05	82.7	90.9	99.9	99.9	63.9	81.7	99.9	99.2	99.6	99.9	99.9	99.9	-18.76	-21.2188	171.285	3.59912	42.0103	90.818	
0.65	0	0	6.4	66	4.7	41.3	8.1	34.6	0	41.8	0	48.6	5.5	27.05	82.7	90.9	99.9	99.9	63.9	81.7	99.9	99.2	99.6	99.9	99.9	99.9	-18.76	-21.2188	171.285	3.59912	42.0103	90.818	
0.66	0	0	6.4	66	4.7	41.3	8.1	34.6	0	41.8	0	48.6	5.5	27.05	82.7	90.9	99.9	99.9	63.9	81.7	99.9	99.2	99.6	99.9	99.9	99.9	-18.76	-21.2188	171.285	3.59912	42.0103	90.818	
0.67	0	0	6.4	66	4.7	41.3	8.1	34.6	0	41.8	0	48.6	5.5	27.05	82.7	90.9	99.9	99.9	63.9	81.7	99.9	99.2	99.6	99.9	99.9	99.9	-18.76	-21.2188	171.285	3.59912	42.0103	90.818	
0.68	0	0	6.4	66	4.7	41.3	8.1	34.6	0	41.8	0	48.6	5.5	27.05	82.7	90.9	99.9	99.9	63.9	81.7	99.9	99.2	99.6	99.9	99.9	99.9	-18.76	-21.2188	171.285	3.59912	42.0103	90.818	
0.69	0	0	6.4	66	4.7	41.3	8.1	34.6	0	41.8	0	48.6	5.5	27.05	82.7	90.9	99.9	99.9	63.9	81.7	99.9	99.2	99.6	99.9	99.9	99.9	-18.76	-21.2188	171.285	3.59912	42.0103	90.818	
0.7	0	0	6.4	66	4.7	41.3	8.1	34.6	0	41.8	0	48.6	5.5	27.05	82.7	90.9	99.9	99.9	63.9	81.7	99.9	99.2	99.6	99.9	99.9	99.9	-18.76	-21.2188	171.285	3.59912	42.0103	90.818	
0.71	0	0	6.4	66	4.7	41.3	8.1	34.6	0	41.8	0	48.6	5.5	27.05	82.7	90.9	99.9	99.9	63.9	81.7	99.9	99.2	99.6	99.9	99.9	99.9	-18.76	-21.2188	171.285	3.59912	42.0103	90.818	
0.72	0	0	6.4	66	4.7	41.3	8.1	34.6	0	41.8	0	48.6	5.5	27.05	82.7	90.9	99.9	99.9	63.9	81.7	99.9	99.2	99.6	99.9	99.9	99.9	-18.76	-21.2188	171.285	3.59912	42.0103	90.818	
0.73	0	0	6.4	66	4.7	41.3	8.1	34.6	0	41.8	0	48.6	5.5	27.05	82.7	90.9	99.9	99.9	63.9	81.7	99.9	99.2	99.6	99.9	99.9	99.9	-18.76	-21.2188	171.285	3.59912	42.0103	90.818	
0.74	0	0	6.4	66	4.7	41.3	8.1	34.6	0	41.8	0	48.6	5.5	27.05	82.7	90.9	99.9	99.9	63.9	81.7	99.9	99.2	99.6	99.9	99.9	99.9	-18.76	-21.2188	171.285	3.59912	42.0103	90.818	
0.75	0	0	6.4	66	4.7	41.3	8.1	34.6	0	41.8	0	48.6	5.5	27.05	82.7	90.9	99.9	99.9	63.9	81.7	99.9	99.2	99.6	99.9	99.9	99.9	-18.76	-21.2188	171.285	3.59912	42.0103	90.818	
0.76	0	0	6.4	66	4.7	41.3	8.1	34.6	0	41.8	0	48.6	5.5	27.05	82.7	90.9	99.9	99.9	63.9	81.7	99.9	99.2	99.6	99.9	99.9	99.9	-18.76	-21.2188	171.285	3.59912	42.0103	90.818	
0.77	0	0	6.4	66	4.7	41.3	8.1	34.6	0	41.8	0	48.6	5.5	27.05	82.7	90.9	99.9	99.9	63.9	81.7	99.9	99.2	99.6	99.9	99.9	99.9	-18.76	-21.2188	171.285	3.59912	42.0103	90.818	
0.78	0	0	6.4	66	4.7	41.3	8.1	34.6	0	41.8	0	48.6	5.5	27.05	82.7	90.9	99.9	99.9	63.9	81.7	99.9	99.2	99.6	99.9	99.9	99.9	-18.76	-21.2188	171.285	3.59912	42.0103	90.818	
0.79	0	0	6.4	66	4.7	41.3	8.1	34.6	0	41.8	0	48.6	5.5	27.05	82.7	90.9	99.9	99.9	63.9	81.7	99.9	99.2	99.6	99.9	99.9	99.9	-18.76	-21.2188	171.285	3.59912	42.0103	90.818	
0.8	0	0	6.4	66	4.7	41.3	8.1	34.6	0	41.8	0	48.6	5.5	27.05	82.7	90.9	99.9	99.9	63.9	81.7	99.9	99.2	99.6	99.9	99.9	99.9	-18.76	-21.2188	171.285	3.59912	42.0103	90.818	
0.81	0	0	6.4	66	4.7	41.3	8.1	34.6	0	41.8	0	48.6	5.5	27.05	82.7	90.9	99.9	99.9	63.9	81.7	99.9	99.2	99.6	99.9	99.9	99.9	-18.76	-21.2188	171.285	3.59912	42.0103	90.818	
0.82	0	0	6.4	66	4.7	41.3	8.1	34.6	0	41.8	0	48.6	5.5	27.05	82.7	90.9	99.9	99.9	63.9	81.7	99.9	99.2	99.6	99.9	99.9	99.9	-18.76	-21.2188	171.285	3.59912	42.0103	90.818	
0.83	0	0	6.4	66	4.7	41.3	8.1	34.6	0	41.8	0	48.6	5.5	27.05	82.7	90.9	99.9	99.9	63.9	81.7	99.9	99.2	99.6	99.9	99.9	99.9	-18.76	-21.2188	171.285	3.59912	42.0103	90.818	
0.84	0	0	6.4	66	4.7	41.3	8.1	34.6	0	41.8	0	48.6	5.5	27.05	82.7	90.9	99.9	99.9	63.9	81.7	99.9	99.2	99.6	99.9	99.9	99.9	-18.76	-21.2188	171.285	3.59912	42.0103	90.818	
0.85	0	0	6.4	66	4.7	41.3	8.1	34.6	0	41.8	0	48.6	5.5	27.05	82.7	90.9	99.9	99.9	63.9	81.7	99.9	99.2	99.6	99.9	99.9	99.9	-18.76	-21.2188	171.285	3.59912	42.0103	90.818	
0.86	0	0	6.4	66	4.7	41.3	8.1	34.6	0	41.8	0	48.6	5.5	27.05	82.7	90.9	99.9	99.9	63.9	81.7	99.9	99.2	99.6	99.9	99.9	99.9	-18.76	-21.2188	171.285	3.59912	42.0103	90.818	
0.87	0	0	6.4	66	4.7	41.3	8.1	34.6	0	41.8	0	48.6	5.5	27.05	82.7	90.9	99.9	99.9	63.9	81.7	99.9	99.2	99.6	99.9	99.9	99.9	-18.76	-21.2188	171.285	3.59912	42.0103	90.818	
0.88	0	0	6.4	66	4.7	41.3	8.1	34.6	0	41.8	0	48.6	5.5	27.05	82.7	90.9	99.9	99.9	63.9	81.7	99.9	99.2	99.6	99.9	99.9	99.9	-18.76	-21.2188	171.285	3.59912	42.0103	90.818	
0.89	0	0	6.4	65.2	4.5	40.6	8.2	34.6	0	41.6	0	48.1	5.6	26.85	82.6	91.1	100	99.9	64.8	83.1	99.9	99.9	99.9	99.7	99.4	99.5	-18.7516	-20.7443	170.95	3.81066	42.3043	90.7065	
0.9	0	0	6.4	65.2	4.5	40.6	8.2	34.6	0	41.6	0	48.1	5.6	26.85	82.6	91.1	100	99.9	64.8	83.1	99.9	99.9	99.9	99.7	99.4	99.5	-18.7516	-20.7443	170.95	3.81066	42.3043	90.7065	
0.91	0	0	6.4	65.2	4.5	40.6	8.2	34.6	0	41.6	0	48.1	5.6	26.85	82.6	91.1	100	99.9	64.8	83.1	99.9	99.9	99.9	99.7	99.4	99.5	-18.7516	-20.7443	170.95	3.81066	42.3043	90.7065	
0.92	0	0	6.4	65.2	4.5	40.6	8.2	34.6	0	41.6	0	48.1	5.6	26.85	82.6	91.1	100	99.9	64.8	83.1	99.9	99.9	99.9	99.7	99.4	99.5	-18.7516	-20.7443	170.95	3.81066	42.3043	90.7065	
0.93	0	0	6.4	65.2	4.5	40.6	8.2	34.6	0	41.6	0	48.1	5.6	26.85	82.6	91.1	100	99.9	64.8	83.1	99.9	99.9	99.9	99.7	99.4	99.5	-18.7516	-20.7443	170.95	3.81066	42.3043	90.7065	
0.94	0	0	6.4	65.2	4.5	40.6	8.2	34.6	0	41.6	0	48.1	5.6	26.85	82.6	91.1	100	99.9	64.8	83.1	99.9	99.9	99.9	99.7	99.4	99.5	-18.7516	-20.7443	170.95	3.81066	42.3043	90.7065	
0.95	0	0	6.4	65.2	4.5	40.6	8.2	34.6	0	41.6	0	48.1	5.6	26.85	82.6	91.1	100	99.9	64.8	83.1	99.9	99.9	99.9	99.7	99.4	99.5	-18.7516	-20.7443	170.95	3.81066	42.3043	90.7065	
0.96	0	0	6.4	65.2	4.5	40.6	8.2	34.6	0	41.6	0	48.1	5.6	26.85	82.6	91.1	100	99.9	64.8	83.1	99.9	99.9	99.9	99.7	99.4	99.5	-18.7516	-20.7443	170.95	3.81066	42.3043	90.7065	
0.97	0	0	6.4	65.2	4.5	40.6	8.2	34.6	0	41.6	0	48.1	5.6	26.85	82.6	91.1	100	99.9	64.8	83.1	99.9	99.9	99.9	99.7	99.4	99.5	-18.7516	-20.7443	170.95	3.81066	42.3043	90.7065	
0.98	0	0	6.4	65.2	4.5	40.6	8.2	34.6	0	41.6	0	48.1	5.6	26.85	82.6	91.1	100	99.9	64.8	83.1	99.9	99.9	99.9	99.7	99.4	99.5	-18.7516	-20.7443	170.95	3.81066	42.3043	90.7065	
0.99	0	0	6.4	65.2	4.5	40.6	8.2	34.6	0	41.6	0	48.1	5.6	26.85	82.6	91.1	100	99.9	64.8	83.1	99.9	99.9	99.9	99.7	99.4	99.5	-18.7516	-20.7443	170.95	3.81066	42.3043	90.7065	
1	0	0	6.4	65.2	4.5	40.6	8.2	34.6	0	41.6	0	48.1	5.6	26.85	82.6	91.1	100	99.9	64.8	83.1	99.9	99.9	99.9	99.7	99.4	99.5	-18.7516	-20.7443	170.95	3.81066	42.3043	90.7065	
1.01	0	0	6.4	65.2	4.5	40.6	8.2	34.6	0	41.6	0	48.1	5.6	26.85	82.6	91.1	100	99.9	64.8	83.1	99.9	99.9	99.9	99.7	99.4	99.5	-18.7516	-20.7443	170.95	3.81066	42.3043	90.7065	
1.02	0	0	6.4	65.2	4.5	40.6	8.2	34.6	0	41.6	0	48.1	5.6	26.85	82.6	91.1	100	99.9	64.8	83.1	99.9	99.9	99.9	99.7	99.4	99.5	-18.7516	-20.7443	170.95	3.81066	42.3043	90.7065	
1.03	0	0	6.4	65.2	4.5	40.6	8.2	34.6	0	41.6	0	48.1	5.6	26.85	82.6	91.1	100	99.9	64.8	83.1	99.9	99.9	99.9	99.7	99.4	99.5	-18.7516	-20.7443	170.95	3.81066	42.3043	90.7065	
1.04	0	0	6.4	65.2	4.5	40.6	8.2	34.6	0	41.6	0	48.1	5.6	26.85	82.6	91.1	100	99.9	64.8	83.1	99.9	99.9	99.9	99.7	99.4	99.5	-18.7516	-20.7443	170.95	3.81066	42.3043	90.7065	
1.05	0	0	6.4	65.2	4.5	40.6	8.2	34.6	0	41.6	0	48.1	5.6	26.85	82.6	91.1	100	99.9	64.8	83.1	99.9	99.9	99.9	99.7	99.4	99.5	-18.7516	-20.7443	170.95	3.81066	42.3043	90.7065	
1.06	0	0	6.4	65.2	4.5	40.6	8.2	34.6	0	41.6	0	48.1	5.6	26.85	82.6	91.1	100	99.9	64.8	83.1	99.9	99.9	99.9	99.7	99.4	99.5	-18.7516	-20.7443	170.95	3.81066	42.3043	90.7065	
1.07	0	0	6.4	65.2	4.5	40.6	8.2	34.6	0	41.6	0	48.1	5.6	26.85	82.6	91.1	100	99.9	64.8	83.1	99.9	99.9	99.9	99.7	99.4	99.5	-18.7516	-20.7443	170.95	3.81066	42.3043	90.7065	
1.08	0	0	6.4	65.2	4.5	40.6	8.2	34.6	0	41.6	0	48.1	5.6	26.85	82.6	91.1	100	99.9	64.8	83.1	99.9	99.9	99.9	99.7	99.4	99.5	-18.7516	-20.7443	170.95	3.81066	42.3043	90.7065	
1.09	0	0	6.4	65.2	4.5	40.6	8.2	34.6	0	41.6	0	48.1	5.6	26.85	82.6	91.1	100	99.9	64.8	83.1	99.9	99.9	99.9	99.7	99.4	99.5	-18.7516	-20.7443	170.95	3.81066	42.3043	90.7065	
1.1	0	0	6.4	65.2	4.5	40.6	8.2	34.6	0	41.6	0	48.1	5.6	26.85	82.6	91.1	100	99.9	64.8	83.1	99.9	99.9	99.9	99.7	99.4	99.5	-18.7516	-20.7443	170.95	3.81066	42.3043	90.7065	
1.11	0	0	6.4	65.2	4.5	40.6	8.2	34.6	0	41.6	0	48.1	5.6	26.85	82.6	91.1	100	99.9	64.8	83.1	99.9	99.9	99.9	99.7	99.4	99.5	-18.7516	-20.7443	170.95	3.81066	42.3043	90.7065	
1.12	0	0	6.4	65.2	4.5	40.6	8.2	34.6	0	41.6	0	48.1	5.6	26.85	82.6	91.1	100	99.9	64.8	83.1	99.9	99.9	99.9	99.7	99.4	99.5	-18.7516	-20.7443	170.95	3.81066	42.3043	90.7065	
1.13	0	0	6.4	65.2	4.5	40.6	8.2	34.6	0	41.6	0	48.1	5.6	26.85	82.6	91.1	100	99.9	64.8	83.1	99.9	99.9	99.9	99.7	99.4	99.5	-18.7516	-20.7443	170.95	3.81066	42.3043	90.7065	
1.14	0	0	6.4	65.2	4.5	40.6	8.2	34.6	0	41.6	0	48.1	5.6	26.85	82.6	91.1	100	99.9	64.8	83.1	99.9	99.9	99.9	99.7	99.4	99.5	-18.7516	-20.7443	170.95	3.81066	42.3043	90.7065	
1.15	0	0	6.4	65.2	4.5	40.6	8.2	34.6	0	41.6	0	48.1	5.6	26.85	82.6	91.1	100	99.9	64.8	83.1	99.9	99.9	99.9	99.7	99.4	99.5	-18.7516	-20.7443	170.95	3.81066	42.3043	90.7065	
1.16	0	0	6.4	65.2	4.5	40.6	8.2	34.6	0	41.6	0	48.1	5.6	26.85	82.6	91.1	100	99.9	64.8	83.1	99.9	99.9	99.9	99.7	99.4	99.5	-18.7516	-20.7443	170.95	3.81066	42.3043	90.7065	
1.17	0	0	6.4	65.2	4.5	40.6	8.2	34.6	0	41.6	0	48.1	5.6	26.85	82.6	91.1	100	99.9	64.8	83.1	99.9	99.9	99.9	99.7	99.4	99.5	-18.7516	-20.7443	170.95	3.81066	42.3043	90.7065	
1.18	0	0	6.4	65.2	4.5	40.6	8.2	34.6	0	41.6	0	48.1	5.6	26.85	82.6	91.1	100	99.9	64.8	83.1	99.9	99.9	99.9	99.7	99.4	99.5	-18.7516	-20.7443	170.95	3.81066	42.3043	90.7065	
1.19	0	0	6.4	65.2	4.5	40.6	8.2	34.6	0	41.6	0	48.1	5.6	26.85	82.6	91.1	100	99.9	64.8	83.1	99.9	99.9	99.9	99.7	99.4	99.5	-18.7516	-20.7443	170.95	3.81066	42.3043	90.7065	
1.2	0	0	6.4	65.2	4.5	40.6	8.2	34.6	0	41.6	0	48.1	5.6	26.85	82.6	91.1	100	99.9	64.8	83.1	99.9	99.9	99.9	99.7	99.4	99.5	-18.7516	-20.7443	170.95	3.81066	42.3043	90.7065	
1.21	0	0	6.4	65.2	4.5	40.6	8.2	34.6	0	41.6	0	48.1	5.6	26.85	82.6	91.1	100	99.9	64.8	83.1	99.9	99.9	99.9	99.7	99.4	99.5	-18.7516	-20.7443	170.95	3.81066	42.3043	90.7065	
1.22	0	0	6.4	65.2	4.5	40.6	8.2	34.6	0	41.6	0	48.1	5.6	26.85	82.6	91.1	100	99.9	64.8	83.1	99.9	99.9	99.9	99.7	99.4	99.5	-18.7516	-20.7443	170.95	3.81066	42.3043	90.7065	
1.23	0	0	6.4	65.2	4.5	40.6	8.2	34.6	0	41.6	0	48.1	5.6	26.85	82.6	91.1	100	99.9	64.8	83.1	99.9	99.9	99.9	99.7	99.4	99.5	-18.7516	-20.7443	170.95	3.81066	42.3043	90.7065	
1.24	0	0	6.4	65.2	4.5	40.6	8.2	34.6	0	41.6	0	48.1	5.6	26.85	82.6	91.1	100	99.9	64.8	83.1	99.9	99.9	99.9	99.7	99.4	99.5	-18.7516	-20.7443	170.95	3.81066	42.3043	90.7065	
1.25	0	0	6.4	65.2	4.5	40.6	8.2	34.6	0	41.6	0	48.1	5.6	26.85	82.6	91.1	100	99.9	64.8	83.1	99.9	99.9	99.9	99.7	99.4	99.5	-18.7516	-20.7443	170.95	3.81066	42.3043	90.7065	
1.26	0	0	6.2	65	4.5	40	8.1	34	0	41.6	0	48.1	5.5	26.8	83.2	91.2	100	99.9	65.2	82	99.9	99.6	99.5	99.4	99.6	99.9	-19.6252	-20.8626	171.014	1.60146	42.6689	89.1352	
1.27	0	0	6.2	65	4.5	40	8.1	34	0	41.6	0	48.1	5.5	26.8	83.2	91.2	100	99.9	65.2	82	99.9	99.6	99.5	99.4	99.6	99.9	-19.6252	-20.8626	171.014	1.60146	42.6689	89.1352	
1.28	0	0	6.2	65	4.5	40	8.1	34	0	41.6	0	48.1	5.5	26.8	83.2	91.2	100	99.9	65.2	82	99.9	99.6	99.5	99.4	99.6	99.9	-19.6252	-20.8626	171.014	1.60146	42.6689	89.1352	
1.29	0	0	6.2	65	4.5	40	8.1	34	0	41.6	0	48.1	5.5	26.8	83.2	91.2	100	99.9	65.2	82	99.9	99.6	99.5	99.4	99.6	99.9	-19.6252	-20.8626	171.014	1.60146	42.6689	89.1352	
1.3	0	0	6.2	65	4.5	40	8.1	34	0	41.6	0	48.1	5.5	26.8	83.2	91.2	100	99.9	65.2	82	99.9	99.6	99.5	99.4	99.6	99.9	-19.6252	-20.8626	171.014	1.60146	42.6689	89.1352	
1.31	0	0	6.2	65	4.5	40	8.1	34	0	41.6	0	48.1	5.5	26.8	83.2	91.2	100	99.9	65.2	82	99.9	99.6	99.5	99.4	99.6	99.9	-19.6252	-20.8626	171.014	1.60146	42.6689	89.1352	
1.32	0	0	6.2	65	4.5	40	8.1	34	0	41.6	0	48.1	5.5	26.8	83.2	91.2	100	99.9	65.2	82	99.9	99.6	99.5	99.4	99.6	99.9	-19.6252	-20.8626	171.014	1.60146	42.6689	89.1352	
1.33	0	0	6.2	65	4.5	40	8.1	34	0	41.6	0	48.1	5.5	26.8	83.2	91.2	100	99.9	65.2	82	99.9	99.6	99.5	99.4	99.6	99.9	-19.6252	-20.8626	171.014	1.60146	42.6689	89.1352	
1.34	0	0	6.2	65	4.5	40	8.1	34	0	41.6	0	48.1	5.5	26.8	83.2	91.2	100	99.9	65.2	82	99.9	99.6	99.5	99.4	99.6	99.9	-19.6252	-20.8626	171.014	1.60146	42.6689	89.1352	
1.35	0	0	6.2	65	4.5	40	8.1	34	0	41.6	0	48.1	5.5	26.8	83.2	91.2	100	99.9	65.2	82	99.9	99.6	99.5	99.4	99.6	99.9	-19.6252	-20.8626	171.014	1.60146	42.6689	89.1352	
1.36	0	0	6.2	65	4.5	40	8.1	34	0	41.6	0	48.1	5.5	26.8	83.2	91.2	100	99.9	65.2	82	99.9	99.6	99.5	99.4	99.6	99.9	-19.6252	-20.8626	171.014	1.60146	42.6689	89.1352	
1.37	0	0	6.2	65	4.5	40	8.1	34	0	41.6	0	48.1	5.5	26.8	83.2	91.2	100	99.9	65.2	82	99.9	99.6	99.5	99.4	99.6	99.9	-19.6252	-20.8626	171.014	1.60146	42.6689	89.1352	
1.38	0	0	6.2	65	4.5	40	8.1	34	0	41.6	0	48.1	5.5	26.8	83.2	91.2	100	99.9	65.2	82	99.9	99.6	99.5	99.4	99.6	99.9	-19.6252	-20.8626	171.014	1.60146	42.6689	89.1352	
1.39	0	0	6.2	65	4.5	40	8.1	34	0	41.6	0	48.1	5.5	26.8	83.2	91.2	100	99.9	65.2	82	99.9	99.6	99.5	99.4	99.6	99.9	-19.6252	-20.8626	171.014	1.60146	42.6689	89.1352	
1.4	0	0	6.2	65	4.5	40	8.1	34	0	41.6	0	48.1	5.5	26.8	83.2	91.2	100	99.9	65.2	82	99.9	99.6	99.5	99.4	99.6	99.9	-19.6252	-20.8626	171.014	1.60146	42.6689	89.1352	
1.41	0	0	6.2	65	4.5	40	8.1	34	0	41.6	0	48.1	5.5	26.8	83.2	91.2	100	99.9	65.2	82	99.9	99.6	99.5	99.4	99.6	99.9	-19.6252	-20.8626	171.014	1.60146	42.6689	89.1352	
1.42	0	0	6.2	65	4.5	40	8.1	34	0	41.6	0	48.1	5.5	26.8	83.2	91.2	100	99.9	65.2	82	99.9	99.6	99.5	99.4	99.6	99.9	-19.6252	-20.8626	171.014	1.60146	42.6689	89.1352	
1.43	0	0	6.2	65	4.5	40	8.1	34	0	41.6	0	48.1	5.5	26.8	83.2	91.2	100	99.9	65.2	82	99.9	99.6	99.5	99.4	99.6	99.9	-19.6252	-20.8626	171.014	1.60146	42.6689	89.1352	
1.44	0	0	6.2	65	4.5	40	8.1	34	0	41.6	0	48.1	5.5	26.8	83.2	91.2	100	99.9	65.2	82	99.9	99.6	99.5	99.4	99.6	99.9	-19.6252	-20.8626	171.014	1.60146	42.6689	89.1352	
1.45	0	0	6.2	65	4.5	40	8.1	34	0	41.6	0	48.1	5.5	26.8	83.2	91.2	100	99.9	65.2	82	99.9	99.6	99.5	99.4	99.6	99.9	-19.6252	-20.8626	171.014	1.60146	42.6689	89.1352	
1.46	0	0	6.2	65	4.5	40	8.1	34	0	41.6	0	48.1	5.5	26.8	83.2	91.2	100	99.9	65.2	82	99.9	99.6	99.5	99.4	99.6	99.9	-19.6252	-20.8626	171.014	1.60146	42.6689	89.1352	
1.47	0	0	6.2	65	4.5	40	8.1	34	0	41.6	0	48.1	5.5	26.8	83.2	91.2	100	99.9	65.2	82	99.9	99.6	99.5	99.4	99.6	99.9	-19.6252	-20.8626	171.014	1.60146	42.6689	89.1352	
1.48	0	0	6.2	65	4.5	40	8.1	34	0	41.6	0	48.1	5.5	26.8	83.2	91.2	100	99.9	65.2	82	99.9	99.6	99.5	99.4	99.6	99.9	-19.6252	-20.8626	171.014	1.60146	42.6689	89.1352	
1.49	0	0	6.2	65	4.5	40	8.1	34	0	41.6	0	48.1	5.5	26.8	83.2	91.2	100	99.9	65.2	82	99.9	99.6	99.5	99.4	99.6	99.9	-19.6252	-20.8626	171.014	1.60146	42.6689	89.1352	
1.5	0	0	6.2	65	4.5	40	8.1	34	0	41.6	0	48.1	5.5	26.8	83.2	91.2	100	99.9	65.2	82	99.9	99.6	99.5	99.4	99.6	99.9	-19.6252	-20.8626	171.014	1.60146	42.6689	89.1352	
1.51	0	0	6.2	65	4.5	40	8.1	34	0	41.6	0	48.1	5.5	26.8	83.2	91.2	100	99.9	65.2	82	99.9	99.6	99.5	99.4	99.6	99.9	-19.6252	-20.8626	171.014	1.60146	42.6689	89.1352	
1.52	0	0	6.2	65	4.5	40	8.1	34	0	41.6	0	48.1	5.5	26.8	83.2	91.2	100	99.9	65.2	82	99.9	99.6	99.5	99.4	99.6	99.9	-19.6252	-20.8626	171.014	1.60146	42.6689	89.1352	
1.53	0	0	6.2	65	4.5	40	8.1	34	0	41.6	0	48.1	5.5	26.8	83.2	91.2	100	99.9	65.2	82	99.9	99.6	99.5	99.4	99.6	99.9	-19.6252	-20.8626	171.014	1.60146	42.6689	89.1352	
1.54	0	0	6.2	65	4.5	40	8.1	34	0	41.6	0	48.1	5.5	26.8	83.2	91.2	100	99.9	65.2	82	99.9	99.6	99.5	99.4	99.6	99.9	-19.6252	-20.8626	171.014	1.60146	42.6689	89.1352	
1.55	0	0	6.2	65	4.5	40	8.1	34	0	41.6	0	48.1	5.5	26.8	83.2	91.2	100	99.9	65.2	82	99.9	99.6	99.5	99.4	99.6	99.9	-19.6252	-20.8626	171.014	1.60146	42.6689	89.1352	
1.56	0	0	6.2	65	4.5	40	8.1	34	0	41.6	0	48.1	5.5	26.8	83.2	91.2	100	99.9	65.2	82	99.9	99.6	99.5	99.4	99.6	99.9	-19.6252	-20.8626	171.014	1.60146	42.6689	89.1352	
1.57	0	0	6.2	65	4.5	40	8.1	34	0	41.6	0	48.1	5.5	26.8	83.2	91.2	100	99.9	65.2	82	99.9	99.6	99.5	99.4	99.6	99.9	-19.6252	-20.8626	171.014	1.60146	42.6689	89.1352	
1.58	0	0	6.2	65	4.5	40	8.1	34	0	41.6	0	48.1	5.5	26.8	83.2	91.2	100	99.9	65.2	82	99.9	99.6	99.5	99.4	99.6	99.9	-19.6252	-20.8626	171.014	1.60146	42.6689	89.1352	
1.59	0	0	6.2	65	4.5	40	8.1	34	0	41.6	0	48.1	5.5	26.8	83.2	91.2	100	99.9	65.2	82	99.9	99.6	99.5	99.4	99.6	99.9	-19.6252	-20.8626	171.014	1.60146	42.6689	89.1352	
1.6	0	0	6.2	65	4.5	40	8.1	34	0	41.6	0	48.1	5.5	26.8	83.2	91.2	100	99.9	65.2	82	99.9	99.6	99.5	99.4	99.6	99.9	-19.6252	-20.8626	171.014	1.60146	42.6689	89.1352	
1.61	0	0	6.2	65	4.5	40	8.1	34	0	41.6	0	48.1	5.5	26.8	83.2	91.2	100	99.9	65.2	82	99.9	99.6	99.5	99.4	99.6	99.9	-19.6252	-20.8626	171.014	1.60146	42.6689	89.1352	
1.62	0	0	6.2	65	4.5	40	8.1	34	0	41.6	0	48.1	5.5	26.8	83.2	91.2	100	99.9	65.2	82	99.9	99.6	99.5	99.4	99.6	99.9	-19.6252	-20.8626	171.014	1.60146	42.6689	89.1352	
1.63	0	0	6.1	64.8	4.6	40.1	8.1	34.2	0	41.9	0	48.2	5.5	26.85	83	91.4	100	99.9	66.2	85.9	99.9	99.9	99.9	99.9	99.9	99.8	-18.8824	-20.9916	170.538	2.35243	42.4863	89.6358	
1.64	0	0	6.1	64.8	4.6	40.1	8.1	34.2	0	41.9	0	48.2	5.5	26.85	83	91.4	100	99.9	66.2	85.9	99.9	99.9	99.9	99.9	99.9	99.8	-18.8824	-20.9916	170.538	2.35243	42.4863	89.6358	
1.65	0	0	6.1	64.8	4.6	40.1	8.1	34.2	0	41.9	0	48.2	5.5	26.85	83	91.4	100	99.9	66.2	85.9	99.9	99.9	99.9	99.9	99.9	99.8	-18.8824	-20.9916	170.538	2.35243	42.4863	89.6358	
1.66	0	0	6.1	64.8	4.6	40.1	8.1	34.2	0	41.9	0	48.2	5.5	26.85	83	91.4	100	99.9	66.2	85.9	99.9	99.9	99.9	99.9	99.9	99.8	-18.8824	-20.9916	170.538	2.35243	42.4863	89.6358	
1.67	0	0	6.1	64.8	4.6	40.1	8.1	34.2	0	41.9	0	48.2	5.5	26.85	83	91.4	100	99.9	66.2	85.9	99.9	99.9	99.9	99.9	99.9	99.8	-18.8824	-20.9916	170.538	2.35243	42.4863	89.6358	
1.68	0	0	6.1	64.8	4.6	40.1	8.1	34.2	0	41.9	0	48.2	5.5	26.85	83	91.4	100	99.9	66.2	85.9	99.9	99.9	99.9	99.9	99.9	99.8	-18.8824	-20.9916	170.538	2.35243	42.4863	89.6358	
1.69	0	0	6.1	64.8	4.6	40.1	8.1	34.2	0	41.9	0	48.2	5.5	26.85	83	91.4	100	99.9	66.2	85.9	99.9	99.9	99.9	99.9	99.9	99.8	-18.8824	-20.9916	170.538	2.35243	42.4863	89.6358	
1.7	0	0	6.1	64.8	4.6	40.1	8.1	34.2	0	41.9	0	48.2	5.5	26.85	83	91.4	100	99.9	66.2	85.9	99.9	99.9	99.9	99.9	99.9	99.8	-18.8824	-20.9916	170.538	2.35243	42.4863	89.6358	
1.71	0	0	6.1	64.8	4.6	40.1	8.1	34.2	0	41.9	0	48.2	5.5	26.85	83	91.4	100	99.9	66.2	85.9	99.9	99.9	99.9	99.9	99.9	99.8	-18.8824	-20.9916	170.538	2.35243	42.4863	89.6358	
1.72	0	0	6.1	64.8	4.6	40.1	8.1	34.2	0	41.9	0	48.2	5.5	26.85	83	91.4	100	99.9	66.2	85.9	99.9	99.9	99.9	99.9	99.9	99.8	-18.8824	-20.9916	170.538	2.35243	42.4863	89.6358	
1.73	0	0	6.1	64.8	4.6	40.1	8.1	34.2	0	41.9	0	48.2	5.5	26.85	83	91.4	100	99.9	66.2	85.9	99.9	99.9	99.9	99.9	99.9	99.8	-18.8824	-20.9916	170.538	2.35243	42.4863	89.6358	
1.74	0	0	6.1	64.8	4.6	40.1	8.1	34.2	0	41.9	0	48.2	5.5	26.85	83	91.4	100	99.9	66.2	85.9	99.9	99.9	99.9	99.9	99.9	99.8	-18.8824	-20.9916	170.538	2.35243	42.4863	89.6358	
1.75	0	0	6.1	64.8	4.6	40.1	8.1	34.2	0	41.9	0	48.2	5.5	26.85	83	91.4	100	99.9	66.2	85.9	99.9	99.9	99.9	99.9	99.9	99.8	-18.8824	-20.9916	170.538	2.35243	42.4863	89.6358	
1.76	0	0	6.1	64.8	4.6	40.1	8.1	34.2	0	41.9	0	48.2	5.5	26.85	83	91.4	100	99.9	66.2	85.9	99.9	99.9	99.9	99.9	99.9	99.8	-18.8824	-20.9916	170.538	2.35243	42.4863	89.6358	
1.77	0	0	6.1	64.8	4.6	40.1	8.1	34.2	0	41.9	0	48.2	5.5	26.85	83	91.4	100	99.9	66.2	85.9	99.9	99.9	99.9	99.9	99.9	99.8	-18.8824	-20.9916	170.538	2.35243	42.4863	89.6358	
1.78	0	0	6.1	64.8	4.6	40.1	8.1	34.2	0	41.9	0	48.2	5.5	26.85	83	91.4	100	99.9	66.2	85.9	99.9	99.9	99.9	99.9	99.9	99.8	-18.8824	-20.9916	170.538	2.35243	42.4863	89.6358	
1.79	0	0	6.1	64.8	4.6	40.1	8.1	34.2	0	41.9	0	48.2	5.5	26.85	83	91.4	100	99.9	66.2	85.9	99.9	99.9	99.9	99.9	99.9	99.8	-18.8824	-20.9916	170.538	2.35243	42.4863	89.6358	
1.8	0	0	6.1	64.8	4.6	40.1	8.1	34.2	0	41.9	0	48.2	5.5	26.85	83	91.4	100	99.9	66.2	85.9	99.9	99.9	99.9	99.9	99.9	99.8	-18.8824	-20.9916	170.538	2.35243	42.4863	89.6358	
1.81	0	0	6.1	64.8	4.6	40.1	8.1	34.2	0	41.9	0	48.2	5.5	26.85	83	91.4	100	99.9	66.2	85.9	99.9	99.9	99.9	99.9	99.9	99.8	-18.8824	-20.9916	170.538	2.35243	42.4863	89.6358	
1.82	0	0	6.1	64.8	4.6	40.1	8.1	34.2	0	41.9	0	48.2	5.5	26.85	83	91.4	100	99.9	66.2	85.9	99.9	99.9	99.9	99.9	99.9	99.8	-18.8824	-20.9916	170.538	2.35243	42.4863	89.6358	
1.83	0	0	6.1	64.8	4.6	40.1	8.1	34.2	0	41.9	0	48.2	5.5	26.85	83	91.4	100	99.9	66.2	85.9	99.9	99.9	99.9	99.9	99.9	99.8	-18.8824	-20.9916	170.538	2.35243	42.4863	89.6358	
1.84	0	0	6.1	64.8	4.6	40.1	8.1	34.2	0	41.9	0	48.2	5.5	26.85	83	91.4	100	99.9	66.2	85.9	99.9	99.9	99.9	99.9	99.9	99.8	-18.8824	-20.9916	170.538	2.35243	42.4863	89.6358	
1.85	0	0	6.1	64.8	4.6	40.1	8.1	34.2	0	41.9	0	48.2	5.5	26.85	83	91.4	100	99.9	66.2	85.9	99.9	99.9	99.9	99.9	99.9	99.8	-18.8824	-20.9916	170.538	2.35243	42.4863	89.6358	
1.86	0	0	6.1	64.8	4.6	40.1	8.1	34.2	0	41.9	0	48.2	5.5	26.85	83	91.4	100	99.9	66.2	85.9	99.9	99.9	99.9	99.9	99.9	99.8	-18.8824	-20.9916	170.538	2.35243	42.4863	89.6358	
1.87	0	0	6.1	64.8	4.6	40.1	8.1	34.2	0	41.9	0	48.2	5.5	26.85	83	91.4	100	99.9	66.2	85.9	99.9	99.9	99.9	99.9	99.9	99.8	-18.8824	-20.9916	170.538	2.35243	42.4863	89.6358	
1.88	0	0	6.1	64.8	4.6	40.1	8.1	34.2	0	41.9	0	48.2	5.5	26.85	83	91.4	100	99.9	66.2	85.9	99.9	99.9	99.9	99.9	99.9	99.8	-18.8824	-20.9916	170.538	2.35243	42.4863	89.6358	
1.89	0	0	6.1	64.8	4.6	40.1	8.1	34.2	0	41.9	0	48.2	5.5	26.85	83	91.4	100	99.9	66.2	85.9	99.9	99.9	99.9	99.9	99.9	99.8	-18.8824	-20.9916	170.538	2.35243	42.4863	89.6358	
1.9	0	0	6.1	64.8	4.6	40.1	8.1	34.2	0	41.9	0	48.2	5.5	26.85	83	91.4	100	99.9	66.2	85.9	99.9	99.9	99.9	99.9	99.9	99.8	-18.8824	-20.9916	170.538	2.35243	42.4863	89.6358	
1.91	0	0	6.1	64.8	4.6	40.1	8.1	34.2	0	41.9	0	48.2	5.5	26.85	83	91.4	100	99.9	66.2	85.9	99.9	99.9	99.9	99.9	99.9	99.8	-18.8824	-20.9916	170.538	2.35243	42.4863	89.6358	
1.92	0	0	6.1	64.8	4.6	40.1	8.1	34.2	0	41.9	0	48.2	5.5	26.85	83	91.4	100	99.9	66.2	85.9	99.9	99.9	99.9	99.9	99.9	99.8	-18.8824	-20.9916	170.538	2.35243	42.4863	89.6358	
1.93	0	0	6.1	64.8	4.6	40.1	8.1	34.2	0	41.9	0	48.2	5.5	26.85	83	91.4	100	99.9	66.2	85.9	99.9	99.9	99.9	99.9	99.9	99.8	-18.8824	-20.9916	170.538	2.35243	42.4863	89.6358	
1.94	0	0	6.1	64.8	4.6	40.1	8.1	34.2	0	41.9	0	48.2	5.5	26.85	83	91.4	100	99.9	66.2	85.9	99.9	99.9	99.9	99.9	99.9	99.8	-18.8824	-20.9916	170.538	2.35243	42.4863	89.6358	
1.95	0	0	6.1	64.8	4.6	40.1	8.1	34.2	0	41.9	0	48.2	5.5	26.85	83	91.4	100	99.9	66.2	85.9	99.9	99.9	99.9	99.9	99.9	99.8	-18.8824	-20.9916	170.538	2.35243	42.4863	89.6358	
1.96	0	0	6.1	64.8	4.6	40.1	8.1	34.2	0	41.9	0	48.2	5.5	26.85	83	91.4	100	99.9	66.2	85.9	99.9	99.9	99.9	99.9	99.9	99.8	-18.8824	-20.9916	170.538	2.35243	42.4863	89.6358	
1.97	0	0	6.1	64.8	4.6	40.1	8.1	34.2	0	41.9	0	48.2	5.5	26.85	83	91.4	100	99.9	66.2	85.9	99.9	99.9	99.9	99.9	99.9	99.8	-18.8824	-20.9916	170.538	2.35243	42.4863	89.6358	
1.98	0	0	6.1	64.8	4.6	40.1	8.1	34.2	0	41.9	0	48.2	5.5	26.85	83	91.4	100	99.9	66.2	85.9	99.9	99.9	99.9	99.9	99.9	99.8	-18.8824	-20.9916	170.538	2.35243	42.4863	89.6358	
1.99	0	0	6.2	64.5	4.5	40	8.1	34.3	0	42.1	0	47.8	5.6	26.7	82.6	91.2	100	99.9	66	88.1	99.9	99.7	99.9	99.9	99.9	99.9	-19.3887	-20.9404	170.512	1.85177	42.8415	89.5838	
2	0	0	6.2	64.5	4.5	40	8.1	34.3	0	42.1	0	47.8	5.6	26.7	82.6	91.2	100	99.9	66	88.1	99.9	99.7	99.9	99.9	99.9	99.9	-19.3887	-20.9404	170.512	1.85177	42.8415	89.5838	
2.01	0	0	6.2	64.5	4.5	40	8.1	34.3	0	42.1	0	47.8	5.6	26.7	82.6	91.2	100	99.9	66	88.1	99.9	99.7	99.9	99.9	99.9	99.9	-19.3887	-20.9404	170.512	1.85177	42.8415	89.5838	
2.02	0	0	6.2	64.5	4.5	40	8.1	34.3	0	42.1	0	47.8	5.6	26.7	82.6	91.2	100	99.9	66	88.1	99.9	99.7	99.9	99.9	99.9	99.9	-19.3887	-20.9404	170.512	1.85177	42.8415	89.5838	
2.03	0	0	6.2	64.5	4.5	40	8.1	34.3	0	42.1	0	47.8	5.6	26.7	82.6	91.2	100	99.9	66	88.1	99.9	99.7	99.9	99.9	99.9	99.9	-19.3887	-20.9404	170.512	1.85177	42.8415	89.5838	
2.04	0	0	6.2	64.5	4.5	40	8.1	34.3	0	42.1	0	47.8	5.6	26.7	82.6	91.2	100	99.9	66	88.1	99.9	99.7	99.9	99.9	99.9	99.9	-19.3887	-20.9404	170.512	1.85177	42.8415	89.5838	
2.05	0	0	6.2	64.5	4.5	40	8.1	34.3	0	42.1	0	47.8	5.6	26.7	82.6	91.2	100	99.9	66	88.1	99.9	99.7	99.9	99.9	99.9	99.9	-19.3887	-20.9404	170.512	1.85177	42.8415	89.5838	
2.06	0	0	6.2	64.5	4.5	40	8.1	34.3	0	42.1	0	47.8	5.6	26.7	82.6	91.2	100	99.9	66	88.1	99.9	99.7	99.9	99.9	99.9	99.9	-19.3887	-20.9404	170.512	1.85177	42.8415	89.5838	
2.07	0	0	6.2	64.5	4.5	40	8.1	34.3	0	42.1	0	47.8	5.6	26.7	82.6	91.2	100	99.9	66	88.1	99.9	99.7	99.9	99.9	99.9	99.9	-19.3887	-20.9404	170.512	1.85177	42.8415	89.5838	
2.08	0	0	6.2	64.5	4.5	40	8.1	34.3	0	42.1	0	47.8	5.6	26.7	82.6	91.2	100	99.9	66	88.1	99.9	99.7	99.9	99.9	99.9	99.9	-19.3887	-20.9404	170.512	1.85177	42.8415	89.5838	
2.09	0	0	6.2	64.5	4.5	40	8.1	34.3	0	42.1	0	47.8	5.6	26.7	82.6	91.2	100	99.9	66	88.1	99.9	99.7	99.9	99.9	99.9	99.9	-19.3887	-20.9404	170.512	1.85177	42.8415	89.5838	
2.1	0	0	6.2	64.5	4.5	40	8.1	34.3	0	42.1	0	47.8	5.6	26.7	82.6	91.2	100	99.9	66	88.1	99.9	99.7	99.9	99.9	99.9	99.9	-19.3887	-20.9404	170.512	1.85177	42.8415	89.5838	
2.11	0	0	6.2	64.5	4.5	40	8.1	34.3	0	42.1	0	47.8	5.6	26.7	82.6	91.2	100	99.9	66	88.1	99.9	99.7	99.9	99.9	99.9	99.9	-19.3887	-20.9404	170.512	1.85177	42.8415	89.5838	
2.12	0	0	6.2	64.5	4.5	40	8.1	34.3	0	42.1	0	47.8	5.6	26.7	82.6	91.2	100	99.9	66	88.1	99.9	99.7	99.9	99.9	99.9	99.9	-19.3887	-20.9404	170.512	1.85177	42.8415	89.5838	
2.13	0	0	6.2	64.5	4.5	40	8.1	34.3	0	42.1	0	47.8	5.6	26.7	82.6	91.2	100	99.9	66	88.1	99.9	99.7	99.9	99.9	99.9	99.9	-19.3887	-20.9404	170.512	1.85177	42.8415	89.5838	
2.14	0	0	6.2	64.5	4.5	40	8.1	34.3	0	42.1	0	47.8	5.6	26.7	82.6	91.2	100	99.9	66	88.1	99.9	99.7	99.9	99.9	99.9	99.9	-19.3887	-20.9404	170.512	1.85177	42.8415	89.5838	
2.15	0	0	6.2	64.5	4.5	40	8.1	34.3	0	42.1	0	47.8	5.6	26.7	82.6	91.2	100	99.9	66	88.1	99.9	99.7	99.9	99.9	99.9	99.9	-19.3887	-20.9404	170.512	1.85177	42.8415	89.5838	
2.16	0	0	6.2	64.5	4.5	40	8.1	34.3	0	42.1	0	47.8	5.6	26.7	82.6	91.2	100	99.9	66	88.1	99.9	99.7	99.9	99.9	99.9	99.9	-19.3887	-20.9404	170.512	1.85177	42.8415	89.5838	
2.17	0	0	6.2	64.5	4.5	40	8.1	34.3	0	42.1	0	47.8	5.6	26.7	82.6	91.2	100	99.9	66	88.1	99.9	99.7	99.9	99.9	99.9	99.9	-19.3887	-20.9404	170.512	1.85177	42.8415	89.5838	
2.18	0	0	6.2	64.5	4.5	40	8.1	34.3	0	42.1	0	47.8	5.6	26.7	82.6	91.2	100	99.9	66	88.1	99.9	99.7	99.9	99.9	99.9	99.9	-19.3887	-20.9404	170.512	1.85177	42.8415	89.5838	
2.19	0	0	6.2	64.5	4.5	40	8.1	34.3	0	42.1	0	47.8	5.6	26.7	82.6	91.2	100	99.9	66	88.1	99.9	99.7	99.9	99.9	99.9	99.9	-19.3887	-20.9404	170.512	1.85177	42.8415	89.5838	
2.2	0	0	6.2	64.5	4.5	40	8.1	34.3	0	42.1	0	47.8	5.6	26.7	82.6	91.2	100	99.9	66	88.1	99.9	99.7	99.9	99.9	99.9	99.9	-19.3887	-20.9404	170.512	1.85177	42.8415	89.5838	
2.21	0	0	6.2	64.5	4.5	40	8.1	34.3	0	42.1	0	47.8	5.6	26.7	82.6	91.2	100	99.9	66	88.1	99.9	99.7	99.9	99.9	99.9	99.9	-19.3887	-20.9404	170.512	1.85177	42.8415	89.5838	
2.22	0	0	6.2	64.5	4.5	40	8.1	34.3	0	42.1	0	47.8	5.6	26.7	82.6	91.2	100	99.9	66	88.1	99.9	99.7	99.9	99.9	99.9	99.9	-19.3887	-20.9404	170.512	1.85177	42.8415	89.5838	
2.23	0	0	6.2	64.5	4.5	40	8.1	34.3	0	42.1	0	47.8	5.6	26.7	82.6	91.2	100	99.9	66	88.1	99.9	99.7	99.9	99.9	99.9	99.9	-19.3887	-20.9404	170.512	1.85177	42.8415	89.5838	
2.24	0	0	6.2	64.5	4.5	40	8.1	34.3	0	42.1	0	47.8	5.6	26.7	82.6	91.2	100	99.9	66	88.1	99.9	99.7	99.9	99.9	99.9	99.9	-19.3887	-20.9404	170.512	1.85177	42.8415	89.5838	
2.25	0	0	6.2	64.5	4.5	40	8.1	34.3	0	42.1	0	47.8	5.6	26.7	82.6	91.2	100	99.9	66	88.1	99.9	99.7	99.9	99.9	99.9	99.9	-19.3887	-20.9404	170.512	1.85177	42.8415	89.5838	
2.26	0	0	6.2	64.5	4.5	40	8.1	34.3	0	42.1	0	47.8	5.6	26.7	82.6	91.2	100	99.9	66	88.1	99.9	99.7	99.9	99.9	99.9	99.9	-19.3887	-20.9404	170.512	1.85177	42.8415	89.5838	
2.27	0	0	6.2	64.5	4.5	40	8.1	34.3	0	42.1	0	47.8	5.6	26.7	82.6	91.2	100	99.9	66	88.1	99.9	99.7	99.9	99.9	99.9	99.9	-19.3887	-20.9404	170.512	1.85177	42.8415	89.5838	
2.28	0	0	6.2	64.5	4.5	40	8.1	34.3	0	42.1	0	47.8	5.6	26.7	82.6	91.2	100	99.9	66	88.1	99.9	99.7	99.9	99.9	99.9	99.9	-19.3887	-20.9404	170.512	1.85177	42.8415	89.5838	
2.29	0	0	6.2	64.5	4.5	40	8.1	34.3	0	42.1	0	47.8	5.6	26.7	82.6	91.2	100	99.9	66	88.1	99.9	99.7	99.9	99.9	99.9	99.9	-19.3887	-20.9404	170.512	1.85177	42.8415	89.5838	
2.3	0	0	6.2	64.5	4.5	40	8.1	34.3	0	42.1	0	47.8	5.6	26.7	82.6	91.2	100	99.9	66	88.1	99.9	99.7	99.9	99.9	99.9	99.9	-19.3887	-20.9404	170.512	1.85177	42.8415	89.5838	
2.31	0	0	6.2	64.5	4.5	40	8.1	34.3	0	42.1	0	47.8	5.6	26.7	82.6	91.2	100	99.9	66	88.1	99.9	99.7	99.9	99.9	99.9	99.9	-19.3887	-20.9404	170.512	1.85177	42.8415	89.5838	
2.32	0	0	6.2	64.5	4.5	40	8.1	34.3	0	42.1	0	47.8	5.6	26.7	82.6	91.2	100	99.9	66	88.1	99.9	99.7	99.9	99.9	99.9	99.9	-19.3887	-20.9404	170.512	1.85177	42.8415	89.5838	
2.33	0	0	6.2	64.5	4.5	40	8.1	34.3	0	42.1	0	47.8	5.6	26.7	82.6	91.2	100	99.9	66	88.1	99.9	99.7	99.9	99.9	99.9	99.9	-19.3887	-20.9404	170.512	1.85177	42.8415	89.5838	
2.34	0	0	6.2	64.5	4.5	40	8.1	34.3	0	42.1	0	47.8	5.6	26.7	82.6	91.2	100	99.9	66	88.1	99.9	99.7	99.9	99.9	99.9	99.9	-19.3887	-20.9404	170.512	1.85177	42.8415	89.5838	
2.35	0	0	6.2	64.5	4.5	40	8.1	34.3	0	42.1	0	47.8	5.6	26.7	82.6	91.2	100	99.9	66	88.1	99.9	99.7	99.9	99.9	99.9	99.9	-19.3887	-20.9404	170.512	1.85177	42.8415	89.5838	
2.36	0	0	6.3	64.1	4.5	40	8.1	34.3	0	42.3	0	47.6	5.7	26.65	83	91.2	100	99.9	65.2	90.6	99.9	99.4	99.9	99.9	99.9	99.9	-19.8118	-21.4023	170.105	0.177416	42.7129	88.3562	
2.37	0	0	6.3	64.1	4.5	40	8.1	34.3	0	42.3	0	47.6	5.7	26.65	83	91.2	100	99.9	65.2	90.6	99.9	99.4	99.9	99.9	99.9	99.9	-19.8118	-21.4023	170.105	0.177416	42.7129	88.3562	
2.38	0	0	6.3	64.1	4.5	40	8.1	34.3	0	42.3	0	47.6	5.7	26.65	83	91.2	100	99.9	65.2	90.6	99.9	99.4	99.9	99.9	99.9	99.9	-19.8118	-21.4023	170.105	0.177416	42.7129	88.3562	
2.39	0	0	6.3	64.1	4.5	40	8.1	34.3	0	42.3	0	47.6	5.7	26.65	83	91.2	100	99.9	65.2	90.6	99.9	99.4	99.9	99.9	99.9	99.9	-19.8118	-21.4023	170.105	0.177416	42.7129	88.3562	
2.4	0	0	6.3	64.1	4.5	40	8.1	34.3	0	42.3	0	47.6	5.7	26.65	83	91.2	100	99.9	65.2	90.6	99.9	99.4	99.9	99.9	99.9	99.9	-19.8118	-21.4023	170.105	0.177416	42.7129	88.3562	
2.41	0	0	6.3	64.1	4.5	40	8.1	34.3	0	42.3	0	47.6	5.7	26.65	83	91.2	100	99.9	65.2	90.6	99.9	99.4	99.9	99.9	99.9	99.9	-19.8118	-21.4023	170.105	0.177416	42.7129	88.3562	
2.42	0	0	6.3	64.1	4.5	40	8.1	34.3	0	42.3	0	47.6	5.7	26.65	83	91.2	100	99.9	65.2	90.6	99.9	99.4	99.9	99.9	99.9	99.9	-19.8118	-21.4023	170.105	0.177416	42.7129	88.3562	
2.43	0	0	6.3	64.1	4.5	40	8.1	34.3	0	42.3	0	47.6	5.7	26.65	83	91.2	100	99.9	65.2	90.6	99.9	99.4	99.9	99.9	99.9	99.9	-19.8118	-21.4023	170.105	0.177416	42.7129	88.3562	
2.44	0	0	6.3	64.1	4.5	40	8.1	34.3	0	42.3	0	47.6	5.7	26.65	83	91.2	100	99.9	65.2	90.6	99.9	99.4	99.9	99.9	99.9	99.9	-19.8118	-21.4023	170.105	0.177416	42.7129	88.3562	
2.45	0	0	6.3	64.1	4.5	40	8.1	34.3	0	42.3	0	47.6	5.7	26.65	83	91.2	100	99.9	65.2	90.6	99.9	99.4	99.9	99.9	99.9	99.9	-19.8118	-21.4023	170.105	0.177416	42.7129	88.3562	
2.46	0	0	6.3	64.1	4.5	40	8.1	34.3	0	42.3	0	47.6	5.7	26.65	83	91.2	100	99.9	65.2	90.6	99.9	99.4	99.9	99.9	99.9	99.9	-19.8118	-21.4023	170.105	0.177416	42.7129	88.3562	
2.47	0	0	6.3	64.1	4.5	40	8.1	34.3	0	42.3	0	47.6	5.7	26.65	83	91.2	100	99.9	65.2	90.6	99.9	99.4	99.9	99.9	99.9	99.9	-19.8118	-21.4023	170.105	0.177416	42.7129	88.3562	
2.48	0	0	6.3	64.1	4.5	40	8.1	34.3	0	42.3	0	47.6	5.7	26.65	83	91.2	100	99.9	65.2	90.6	99.9	99.4	99.9	99.9	99.9	99.9	-19.8118	-21.4023	170.105	0.177416	42.7129	88.3562	
2.49	0	0	6.3	64.1	4.5	40	8.1	34.3	0	42.3	0	47.6	5.7	26.65	83	91.2	100	99.9	65.2	90.6	99.9	99.4	99.9	99.9	99.9	99.9	-19.8118	-21.4023	170.105	0.177416	42.7129	88.3562	
2.5	0	0	6.3	64.1	4.5	40	8.1	34.3	0	42.3	0	47.6	5.7	26.65	83	91.2	100	99.9	65.2	90.6	99.9	99.4	99.9	99.9	99.9	99.9	-19.8118	-21.4023	170.105	0.177416	42.7129	88.3562	
2.51	0	0	6.3	64.1	4.5	40	8.1	34.3	0	42.3	0	47.6	5.7	26.65	83	91.2	100	99.9	65.2	90.6	99.9	99.4	99.9	99.9	99.9	99.9	-19.8118	-21.4023	170.105	0.177416	42.7129	88.3562	
2.52	0	0	6.3	64.1	4.5	40	8.1	34.3	0	42.3	0	47.6	5.7	26.65	83	91.2	100	99.9	65.2	90.6	99.9	99.4	99.9	99.9	99.9	99.9	-19.8118	-21.4023	170.105	0.177416	42.7129	88.3562	
2.53	0	0	6.3	64.1	4.5	40	8.1	34.3	0	42.3	0	47.6	5.7	26.65	83	91.2	100	99.9	65.2	90.6	99.9	99.4	99.9	99.9	99.9	99.9	-19.8118	-21.4023	170.105	0.177416	42.7129	88.3562	
2.54	0	0	6.3	64.1	4.5	40	8.1	34.3	0	42.3	0	47.6	5.7	26.65	83	91.2	100	99.9	65.2	90.6	99.9	99.4	99.9	99.9	99.9	99.9	-19.8118	-21.4023	170.105	0.177416	42.7129	88.3562	
2.55	0	0	6.3	64.1	4.5	40	8.1	34.3	0	42.3	0	47.6	5.7	26.65	83	91.2	100	99.9	65.2	90.6	99.9	99.4	99.9	99.9	99.9	99.9	-19.8118	-21.4023	170.105	0.177416	42.7129	88.3562	
2.56	0	0	6.3	64.1	4.5	40	8.1	34.3	0	42.3	0	47.6	5.7	26.65	83	91.2	100	99.9	65.2	90.6	99.9	99.4	99.9	99.9	99.9	99.9	-19.8118	-21.4023	170.105	0.177416	42.7129	88.3562	
2.57	0	0	6.3	64.1	4.5	40	8.1	34.3	0	42.3	0	47.6	5.7	26.65	83	91.2	100	99.9	65.2	90.6	99.9	99.4	99.9	99.9	99.9	99.9	-19.8118	-21.4023	170.105	0.177416	42.7129	88.3562	
2.58	0	0	6.3	64.1	4.5	40	8.1	34.3	0	42.3	0	47.6	5.7	26.65	83	91.2	100	99.9	65.2	90.6	99.9	99.4	99.9	99.9	99.9	99.9	-19.8118	-21.4023	170.105	0.177416	42.7129	88.3562	
2.59	0	0	6.3	64.1	4.5	40	8.1	34.3	0	42.3	0	47.6	5.7	26.65	83	91.2	100	99.9	65.2	90.6	99.9	99.4	99.9	99.9	99.9	99.9	-19.8118	-21.4023	170.105	0.177416	42.7129	88.3562	
2.6	0	0	6.3	64.1	4.5	40	8.1	34.3	0	42.3	0	47.6	5.7	26.65	83	91.2	100	99.9	65.2	90.6	99.9	99.4	99.9	99.9	99.9	99.9	-19.8118	-21.4023	170.105	0.177416	42.7129	88.3562	
2.61	0	0	6.3	64.1	4.5	40	8.1	34.3	0	42.3	0	47.6	5.7	26.65	83	91.2	100	99.9	65.2	90.6	99.9	99.4	99.9	99.9	99.9	99.9	-19.8118	-21.4023	170.105	0.177416	42.7129	88.3562	
2.62	0	0	6.3	64.1	4.5	40	8.1	34.3	0	42.3	0	47.6	5.7	26.65	83	91.2	100	99.9	65.2	90.6	99.9	99.4	99.9	99.9	99.9	99.9	-19.8118	-21.4023	170.105	0.177416	42.7129	88.3562	
2.63	0	0	6.3	64.1	4.5	40	8.1	34.3	0	42.3	0	47.6	5.7	26.65	83	91.2	100	99.9	65.2	90.6	99.9	99.4	99.9	99.9	99.9	99.9	-19.8118	-21.4023	170.105	0.177416	42.7129	88.3562	
2.64	0	0	6.3	64.1	4.5	40	8.1	34.3	0	42.3	0	47.6	5.7	26.65	83	91.2	100	99.9	65.2	90.6	99.9	99.4	99.9	99.9	99.9	99.9	-19.8118	-21.4023	170.105	0.177416	42.7129	88.3562	
2.65	0	0	6.3	64.1	4.5	40	8.1	34.3	0	42.3	0	47.6	5.7	26.65	83	91.2	100	99.9	65.2	90.6	99.9	99.4	99.9	99.9	99.9	99.9	-19.8118	-21.4023	170.105	0.177416	42.7129	88.3562	
2.66	0	0	6.3	64.1	4.5	40	8.1	34.3	0	42.3	0	47.6	5.7	26.65	83	91.2	100	99.9	65.2	90.6	99.9	99.4	99.9	99.9	99.9	99.9	-19.8118	-21.4023	170.105	0.177416	42.7129	88.3562	
2.67	0	0	6.3	64.1	4.5	40	8.1	34.3	0	42.3	0	47.6	5.7	26.65	83	91.2	100	99.9	65.2	90.6	99.9	99.4	99.9	99.9	99.9	99.9	-19.8118	-21.4023	170.105	0.177416	42.7129	88.3562	
2.68	0	0	6.3	64.1	4.5	40	8.1	34.3	0	42.3	0	47.6	5.7	26.65	83	91.2	100	99.9	65.2	90.6	99.9	99.4	99.9	99.9	99.9	99.9	-19.8118	-21.4023	170.105	0.177416	42.7129	88.3562	
2.69	0	0	6.3	64.1	4.5	40	8.1	34.3	0	42.3	0	47.6	5.7	26.65	83	91.2	100	99.9	65.2	90.6	99.9	99.4	99.9	99.9	99.9	99.9	-19.8118	-21.4023	170.105	0.177416	42.7129	88.3562	
2.7	0	0	6.3	64.1	4.5	40	8.1	34.3	0	42.3	0	47.6	5.7	26.65	83	91.2	100	99.9	65.2	90.6	99.9	99.4	99.9	99.9	99.9	99.9	-19.8118	-21.4023	170.105	0.177416	42.7129	88.3562	
2.71	0	0	6.3	64.1	4.5	40	8.1	34.3	0	42.3	0	47.6	5.7	26.65	83	91.2	100	99.9	65.2	90.6	99.9	99.4	99.9	99.9	99.9	99.9	-19.8118	-21.4023	170.105	0.177416	42.7129	88.3562	
2.72	0	0	6.3	64.1	4.5	40	8.1	34.3	0	42.3	0	47.6	5.7	26.65	83	91.2	100	99.9	65.2	90.6	99.9	99.4	99.9	99.9	99.9	99.9	-19.8118	-21.4023	170.105	0.177416	42.7129	88.3562	
2.73	0	0	6.3	63.9	4.5	40.1	8.2	34.6	0	42.4	0	47.5	5.8	26.65	82.8	91.1	100	99.9	66.3	91.2	99.9	99.9	99.9	99.9	99.4	99.4	-18.6111	-20.6288	169.986	3.03108	42.8459	90.7449	
2.74	0	0	6.3	63.9	4.5	40.1	8.2	34.6	0	42.3	0	47.5	5.7	26.6	82.8	91.2	100	99.9	66.5	91.5	99.9	99.4	99.7	99.9	99.9	99.9	-18.3199	-21.1765	169.879	2.66274	42.4701	90.5825	
2.75	0	0	6.3	63.9	4.5	40.1	8.2	34.6	0	42.3	0	47.5	5.7	26.6	82.8	91.2	100	99.9	66.5	91.5	99.9	99.4	99.7	99.9	99.9	99.9	-18.3199	-21.1765	169.879	2.66274	42.4701	90.5825	
2.76	0	0	6.3	63.9	4.5	40.1	8.2	34.6	0	42.3	0	47.5	5.7	26.6	82.8	91.2	100	99.9	66.5	91.5	99.9	99.4	99.7	99.9	99.9	99.9	-18.3199	-21.1765	169.879	2.66274	42.4701	90.5825	
2.77	0	0	6.3	63.9	4.5	40.1	8.2	34.6	0	42.3	0	47.5	5.7	26.6	82.8	91.2	100	99.9	66.5	91.5	99.9	99.4	99.7	99.9	99.9	99.9	-18.3199	-21.1765	169.879	2.66274	42.4701	90.5825	
2.78	0	0	6.3	63.9	4.5	40.1	8.2	34.6	0	42.3	0	47.5	5.7	26.6	82.8	91.2	100	99.9	66.5	91.5	99.9	99.4	99.7	99.9	99.9	99.9	-18.3199	-21.1765	169.879	2.66274	42.4701	90.5825	
2.79	0	0	6.3	63.9	4.5	40.1	8.2	34.6	0	42.3	0	47.5	5.7	26.6	82.8	91.2	100	99.9	66.5	91.5	99.9	99.4	99.7	99.9	99.9	99.9	-18.3199	-21.1765	169.879	2.66274	42.4701	90.5825	
2.8	0	0	6.3	63.9	4.5	40.1	8.2	34.6	0	42.3	0	47.5	5.7	26.6	82.8	91.2	100	99.9	66.5	91.5	99.9	99.4	99.7	99.9	99.9	99.9	-18.3199	-21.1765	169.879	2.66274	42.4701	90.5825	
