Hora de inicio de la toma de datos: 10:02:26
AT(s)	F1.1	F1.2	F2.1	F2.2	F3.1	F3.2	F4.1	F4.2	F5.1	F5.2	ABD1	ABD2	ABD3	ABD4	PA	TCO	P1	P2	P3	P4	P5	P6	P7	P8	P9	P10	HRoll	HPitch	HYaw	WRoll	WPitch	WYaw	
0.01	1.9	0	0	3.4	6.8	2.9	0.6	0	0	3.1	47.2	58.6	27.2	42.9	36.7	30.8	99.9	85.4	99.9	94.3	99.9	99.6	99.4	99.5	99.9	89.2	-4.35825	-38.3026	-177.15	-1.6711	3.46681	2.25198	
0.02	1.9	0	0	3.4	6.8	2.9	0.6	0	0	3.1	47.2	58.6	27.2	42.9	36.7	30.8	99.9	85.4	99.9	94.3	99.9	99.6	99.4	99.5	99.9	89.2	-4.35825	-38.3026	-177.15	-1.6711	3.46681	2.25198	
0.03	1.9	0	0	3.4	6.8	2.9	0.6	0	0	3.1	47.2	58.6	27.2	42.9	36.7	30.8	99.9	85.4	99.9	94.3	99.9	99.6	99.4	99.5	99.9	89.2	-4.35825	-38.3026	-177.15	-1.6711	3.46681	2.25198	
0.04	1.9	0	0	3.4	6.8	2.9	0.6	0	0	3.1	47.2	58.6	27.2	42.9	36.7	30.8	99.9	85.4	99.9	94.3	99.9	99.6	99.4	99.5	99.9	89.2	-4.35825	-38.3026	-177.15	-1.6711	3.46681	2.25198	
0.05	1.9	0	0	3.4	6.8	2.9	0.6	0	0	3.1	47.2	58.6	27.2	42.9	36.7	30.8	99.9	85.4	99.9	94.3	99.9	99.6	99.4	99.5	99.9	89.2	-4.35825	-38.3026	-177.15	-1.6711	3.46681	2.25198	
0.06	1.9	0	0	3.4	6.8	2.9	0.6	0	0	3.1	47.2	58.6	27.2	42.9	36.7	30.8	99.9	85.4	99.9	94.3	99.9	99.6	99.4	99.5	99.9	89.2	-4.35825	-38.3026	-177.15	-1.6711	3.46681	2.25198	
0.07	1.9	0	0	3.4	6.8	2.9	0.6	0	0	3.1	47.2	58.6	27.2	42.9	36.7	30.8	99.9	85.4	99.9	94.3	99.9	99.6	99.4	99.5	99.9	89.2	-4.35825	-38.3026	-177.15	-1.6711	3.46681	2.25198	
0.08	1.9	0	0	3.4	6.8	2.9	0.6	0	0	3.1	47.2	58.6	27.2	42.9	36.7	30.8	99.9	85.4	99.9	94.3	99.9	99.6	99.4	99.5	99.9	89.2	-4.35825	-38.3026	-177.15	-1.6711	3.46681	2.25198	
0.09	1.9	0	0	3.4	6.8	2.9	0.6	0	0	3.1	47.2	58.6	27.2	42.9	36.7	30.8	99.9	85.4	99.9	94.3	99.9	99.6	99.4	99.5	99.9	89.2	-4.35825	-38.3026	-177.15	-1.6711	3.46681	2.25198	
0.1	1.9	0	0	3.4	7	3	0.6	0	0	3.1	46.9	58.1	26.8	42.45	36.5	30.9	100	87.2	99.9	95.5	99.9	99.9	99.9	99.9	99.9	88.3	-4.44211	-38.3578	-177.181	-1.43517	3.39245	2.41046	
0.11	1.9	0	0	3.4	7	3	0.6	0	0	3.1	46.9	58.1	26.8	42.45	36.5	30.9	100	87.2	99.9	95.5	99.9	99.9	99.9	99.9	99.9	88.3	-4.44211	-38.3578	-177.181	-1.43517	3.39245	2.41046	
0.12	1.9	0	0	3.4	7	3	0.6	0	0	3.1	46.9	58.1	26.8	42.45	36.5	30.9	100	87.2	99.9	95.5	99.9	99.9	99.9	99.9	99.9	88.3	-4.44211	-38.3578	-177.181	-1.43517	3.39245	2.41046	
0.13	1.9	0	0	3.4	7	3	0.6	0	0	3.1	46.9	58.1	26.8	42.45	36.5	30.9	100	87.2	99.9	95.5	99.9	99.9	99.9	99.9	99.9	88.3	-4.44211	-38.3578	-177.181	-1.43517	3.39245	2.41046	
0.14	1.9	0	0	3.4	7	3	0.6	0	0	3.1	46.9	58.1	26.8	42.45	36.5	30.9	100	87.2	99.9	95.5	99.9	99.9	99.9	99.9	99.9	88.3	-4.44211	-38.3578	-177.181	-1.43517	3.39245	2.41046	
0.15	1.9	0	0	3.4	7	3	0.6	0	0	3.1	46.9	58.1	26.8	42.45	36.5	30.9	100	87.2	99.9	95.5	99.9	99.9	99.9	99.9	99.9	88.3	-4.44211	-38.3578	-177.181	-1.43517	3.39245	2.41046	
0.16	1.9	0	0	3.4	7	3	0.6	0	0	3.1	46.9	58.1	26.8	42.45	36.5	30.9	100	87.2	99.9	95.5	99.9	99.9	99.9	99.9	99.9	88.3	-4.44211	-38.3578	-177.181	-1.43517	3.39245	2.41046	
0.171	1.9	0	0	3.4	7	3	0.6	0	0	3.1	46.9	58.1	26.8	42.45	36.5	30.9	100	87.2	99.9	95.5	99.9	99.9	99.9	99.9	99.9	88.3	-4.44211	-38.3578	-177.181	-1.43517	3.39245	2.41046	
0.181	1.9	0	0	3.4	7	3	0.6	0	0	3.1	46.9	58.1	26.8	42.45	36.5	30.9	100	87.2	99.9	95.5	99.9	99.9	99.9	99.9	99.9	88.3	-4.44211	-38.3578	-177.181	-1.43517	3.39245	2.41046	
0.191	1.9	0	0	3.4	7	3	0.6	0	0	3.1	46.9	58.1	26.8	42.45	36.5	30.9	100	87.2	99.9	95.5	99.9	99.9	99.9	99.9	99.9	88.3	-4.44211	-38.3578	-177.181	-1.43517	3.39245	2.41046	
0.201	1.9	0	0	3.4	7	3	0.6	0	0	3.1	46.9	58.1	26.8	42.45	36.5	30.9	100	87.2	99.9	95.5	99.9	99.9	99.9	99.9	99.9	88.3	-4.44211	-38.3578	-177.181	-1.43517	3.39245	2.41046	
0.211	1.9	0	0	3.4	7	3	0.6	0	0	3.1	46.9	58.1	26.8	42.45	36.5	30.9	100	87.2	99.9	95.5	99.9	99.9	99.9	99.9	99.9	88.3	-4.44211	-38.3578	-177.181	-1.43517	3.39245	2.41046	
0.221	1.9	0	0	3.4	7	3	0.6	0	0	3.1	46.9	58.1	26.8	42.45	36.5	30.9	100	87.2	99.9	95.5	99.9	99.9	99.9	99.9	99.9	88.3	-4.44211	-38.3578	-177.181	-1.43517	3.39245	2.41046	
0.231	1.9	0	0	3.4	7	3	0.6	0	0	3.1	46.9	58.1	26.8	42.45	36.5	30.9	100	87.2	99.9	95.5	99.9	99.9	99.9	99.9	99.9	88.3	-4.44211	-38.3578	-177.181	-1.43517	3.39245	2.41046	
0.241	1.9	0	0	3.4	7	3	0.6	0	0	3.1	46.9	58.1	26.8	42.45	36.5	30.9	100	87.2	99.9	95.5	99.9	99.9	99.9	99.9	99.9	88.3	-4.44211	-38.3578	-177.181	-1.43517	3.39245	2.41046	
0.251	1.9	0	0	3.4	7	3	0.6	0	0	3.1	46.9	58.1	26.8	42.45	36.5	30.9	100	87.2	99.9	95.5	99.9	99.9	99.9	99.9	99.9	88.3	-4.44211	-38.3578	-177.181	-1.43517	3.39245	2.41046	
0.261	1.9	0	0	3.4	7	3	0.6	0	0	3.1	46.9	58.1	26.8	42.45	36.5	30.9	100	87.2	99.9	95.5	99.9	99.9	99.9	99.9	99.9	88.3	-4.44211	-38.3578	-177.181	-1.43517	3.39245	2.41046	
0.271	1.9	0	0	3.4	7	3	0.6	0	0	3.1	46.9	58.1	26.8	42.45	36.5	30.9	100	87.2	99.9	95.5	99.9	99.9	99.9	99.9	99.9	88.3	-4.44211	-38.3578	-177.181	-1.43517	3.39245	2.41046	
0.281	1.9	0	0	3.4	7	3	0.6	0	0	3.1	46.9	58.1	26.8	42.45	36.5	30.9	100	87.2	99.9	95.5	99.9	99.9	99.9	99.9	99.9	88.3	-4.44211	-38.3578	-177.181	-1.43517	3.39245	2.41046	
0.29	1.9	0	0	3.4	7	3	0.6	0	0	3.1	46.9	58.1	26.8	42.45	36.5	30.9	100	87.2	99.9	95.5	99.9	99.9	99.9	99.9	99.9	88.3	-4.44211	-38.3578	-177.181	-1.43517	3.39245	2.41046	
0.3	1.9	0	0	3.4	7	3	0.6	0	0	3.1	46.9	58.1	26.8	42.45	36.5	30.9	100	87.2	99.9	95.5	99.9	99.9	99.9	99.9	99.9	88.3	-4.44211	-38.3578	-177.181	-1.43517	3.39245	2.41046	
0.31	1.9	0	0	3.4	7	3	0.6	0	0	3.1	46.9	58.1	26.8	42.45	36.5	30.9	100	87.2	99.9	95.5	99.9	99.9	99.9	99.9	99.9	88.3	-4.44211	-38.3578	-177.181	-1.43517	3.39245	2.41046	
0.32	1.9	0	0	3.4	7	3	0.6	0	0	3.1	46.9	58.1	26.8	42.45	36.5	30.9	100	87.2	99.9	95.5	99.9	99.9	99.9	99.9	99.9	88.3	-4.44211	-38.3578	-177.181	-1.43517	3.39245	2.41046	
0.33	1.9	0	0	3.4	7	3	0.6	0	0	3.1	46.9	58.1	26.8	42.45	36.5	30.9	100	87.2	99.9	95.5	99.9	99.9	99.9	99.9	99.9	88.3	-4.44211	-38.3578	-177.181	-1.43517	3.39245	2.41046	
0.34	1.9	0	0	3.4	7	3	0.6	0	0	3.1	46.9	58.1	26.8	42.45	36.5	30.9	100	87.2	99.9	95.5	99.9	99.9	99.9	99.9	99.9	88.3	-4.44211	-38.3578	-177.181	-1.43517	3.39245	2.41046	
0.35	1.9	0	0	3.4	7	3	0.6	0	0	3.1	46.9	58.1	26.8	42.45	36.5	30.9	100	87.2	99.9	95.5	99.9	99.9	99.9	99.9	99.9	88.3	-4.44211	-38.3578	-177.181	-1.43517	3.39245	2.41046	
0.36	1.9	0	0	3.4	7	3	0.6	0	0	3.1	46.9	58.1	26.8	42.45	36.5	30.9	100	87.2	99.9	95.5	99.9	99.9	99.9	99.9	99.9	88.3	-4.44211	-38.3578	-177.181	-1.43517	3.39245	2.41046	
0.37	1.9	0	0	3.4	7	3	0.6	0	0	3.1	46.9	58.1	26.8	42.45	36.5	30.9	100	87.2	99.9	95.5	99.9	99.9	99.9	99.9	99.9	88.3	-4.44211	-38.3578	-177.181	-1.43517	3.39245	2.41046	
0.38	1.9	0	0	3.4	7	3	0.6	0	0	3.1	46.9	58.1	26.8	42.45	36.5	30.9	100	87.2	99.9	95.5	99.9	99.9	99.9	99.9	99.9	88.3	-4.44211	-38.3578	-177.181	-1.43517	3.39245	2.41046	
0.39	1.9	0	0	3.4	7	3	0.6	0	0	3.1	46.9	58.1	26.8	42.45	36.5	30.9	100	87.2	99.9	95.5	99.9	99.9	99.9	99.9	99.9	88.3	-4.44211	-38.3578	-177.181	-1.43517	3.39245	2.41046	
0.4	1.9	0	0	3.4	7	3	0.6	0	0	3.1	46.9	58.1	26.8	42.45	36.5	30.9	100	87.2	99.9	95.5	99.9	99.9	99.9	99.9	99.9	88.3	-4.44211	-38.3578	-177.181	-1.43517	3.39245	2.41046	
0.41	1.9	0	0	3.4	7	3	0.6	0	0	3.1	46.9	58.1	26.8	42.45	36.5	30.9	100	87.2	99.9	95.5	99.9	99.9	99.9	99.9	99.9	88.3	-4.44211	-38.3578	-177.181	-1.43517	3.39245	2.41046	
0.42	1.9	0	0	3.4	7	3	0.6	0	0	3.1	46.9	58.1	26.8	42.45	36.5	30.9	100	87.2	99.9	95.5	99.9	99.9	99.9	99.9	99.9	88.3	-4.44211	-38.3578	-177.181	-1.43517	3.39245	2.41046	
0.43	1.9	0	0	3.4	7	3	0.6	0	0	3.1	46.9	58.1	26.8	42.45	36.5	30.9	100	87.2	99.9	95.5	99.9	99.9	99.9	99.9	99.9	88.3	-4.44211	-38.3578	-177.181	-1.43517	3.39245	2.41046	
0.44	1.9	0	0	3.4	7	3	0.6	0	0	3.1	46.9	58.1	26.8	42.45	36.5	30.9	100	87.2	99.9	95.5	99.9	99.9	99.9	99.9	99.9	88.3	-4.44211	-38.3578	-177.181	-1.43517	3.39245	2.41046	
0.45	1.9	0	0	3.4	7	3	0.6	0	0	3.1	46.9	58.1	26.8	42.45	36.5	30.9	100	87.2	99.9	95.5	99.9	99.9	99.9	99.9	99.9	88.3	-4.44211	-38.3578	-177.181	-1.43517	3.39245	2.41046	
0.46	1.9	0	0	3.4	7	3	0.6	0	0	3.1	46.9	58.1	26.8	42.45	36.5	30.9	100	87.2	99.9	95.5	99.9	99.9	99.9	99.9	99.9	88.3	-4.44211	-38.3578	-177.181	-1.43517	3.39245	2.41046	
0.47	1.9	0	0	3.4	6.8	2.9	0.6	0	0	3	47.1	57.7	26.5	42.1	36.6	30.9	100	84.4	99.9	93.2	99.9	99.9	99.9	99.9	99.9	88.2	-4.19524	-38.2646	-177.327	-1.48236	3.39239	2.59105	
0.48	1.9	0	0	3.4	6.8	2.9	0.6	0	0	3	47.1	57.7	26.5	42.1	36.6	30.9	100	84.4	99.9	93.2	99.9	99.9	99.9	99.9	99.9	88.2	-4.19524	-38.2646	-177.327	-1.48236	3.39239	2.59105	
0.49	1.9	0	0	3.4	6.8	2.9	0.6	0	0	3	47.1	57.7	26.5	42.1	36.6	30.9	100	84.4	99.9	93.2	99.9	99.9	99.9	99.9	99.9	88.2	-4.19524	-38.2646	-177.327	-1.48236	3.39239	2.59105	
0.5	1.9	0	0	3.4	6.8	2.9	0.6	0	0	3	47.1	57.7	26.5	42.1	36.6	30.9	100	84.4	99.9	93.2	99.9	99.9	99.9	99.9	99.9	88.2	-4.19524	-38.2646	-177.327	-1.48236	3.39239	2.59105	
0.51	1.9	0	0	3.4	6.8	2.9	0.6	0	0	3	47.1	57.7	26.5	42.1	36.6	30.9	100	84.4	99.9	93.2	99.9	99.9	99.9	99.9	99.9	88.2	-4.19524	-38.2646	-177.327	-1.48236	3.39239	2.59105	
0.52	1.9	0	0	3.4	6.8	2.9	0.6	0	0	3	47.1	57.7	26.5	42.1	36.6	30.9	100	84.4	99.9	93.2	99.9	99.9	99.9	99.9	99.9	88.2	-4.19524	-38.2646	-177.327	-1.48236	3.39239	2.59105	
0.53	1.9	0	0	3.4	6.8	2.9	0.6	0	0	3	47.1	57.7	26.5	42.1	36.6	30.9	100	84.4	99.9	93.2	99.9	99.9	99.9	99.9	99.9	88.2	-4.19524	-38.2646	-177.327	-1.48236	3.39239	2.59105	
0.54	1.9	0	0	3.4	6.8	2.9	0.6	0	0	3	47.1	57.7	26.5	42.1	36.6	30.9	100	84.4	99.9	93.2	99.9	99.9	99.9	99.9	99.9	88.2	-4.19524	-38.2646	-177.327	-1.48236	3.39239	2.59105	
0.55	1.9	0	0	3.4	6.8	2.9	0.6	0	0	3	47.1	57.7	26.5	42.1	36.6	30.9	100	84.4	99.9	93.2	99.9	99.9	99.9	99.9	99.9	88.2	-4.19524	-38.2646	-177.327	-1.48236	3.39239	2.59105	
0.56	1.9	0	0	3.4	6.8	2.9	0.6	0	0	3	47.1	57.7	26.5	42.1	36.6	30.9	100	84.4	99.9	93.2	99.9	99.9	99.9	99.9	99.9	88.2	-4.19524	-38.2646	-177.327	-1.48236	3.39239	2.59105	
0.57	1.9	0	0	3.4	6.8	2.9	0.6	0	0	3	47.1	57.7	26.5	42.1	36.6	30.9	100	84.4	99.9	93.2	99.9	99.9	99.9	99.9	99.9	88.2	-4.19524	-38.2646	-177.327	-1.48236	3.39239	2.59105	
0.58	1.9	0	0	3.4	6.8	2.9	0.6	0	0	3	47.1	57.7	26.5	42.1	36.6	30.9	100	84.4	99.9	93.2	99.9	99.9	99.9	99.9	99.9	88.2	-4.19524	-38.2646	-177.327	-1.48236	3.39239	2.59105	
0.59	1.9	0	0	3.4	6.8	2.9	0.6	0	0	3	47.1	57.7	26.5	42.1	36.6	30.9	100	84.4	99.9	93.2	99.9	99.9	99.9	99.9	99.9	88.2	-4.19524	-38.2646	-177.327	-1.48236	3.39239	2.59105	
0.6	1.9	0	0	3.4	6.8	2.9	0.6	0	0	3	47.1	57.7	26.5	42.1	36.6	30.9	100	84.4	99.9	93.2	99.9	99.9	99.9	99.9	99.9	88.2	-4.19524	-38.2646	-177.327	-1.48236	3.39239	2.59105	
0.61	1.9	0	0	3.4	6.8	2.9	0.6	0	0	3	47.1	57.7	26.5	42.1	36.6	30.9	100	84.4	99.9	93.2	99.9	99.9	99.9	99.9	99.9	88.2	-4.19524	-38.2646	-177.327	-1.48236	3.39239	2.59105	
0.62	1.9	0	0	3.4	6.8	2.9	0.6	0	0	3	47.1	57.7	26.5	42.1	36.6	30.9	100	84.4	99.9	93.2	99.9	99.9	99.9	99.9	99.9	88.2	-4.19524	-38.2646	-177.327	-1.48236	3.39239	2.59105	
0.63	1.9	0	0	3.4	6.8	2.9	0.6	0	0	3	47.1	57.7	26.5	42.1	36.6	30.9	100	84.4	99.9	93.2	99.9	99.9	99.9	99.9	99.9	88.2	-4.19524	-38.2646	-177.327	-1.48236	3.39239	2.59105	
0.64	1.9	0	0	3.4	6.8	2.9	0.6	0	0	3	47.1	57.7	26.5	42.1	36.6	30.9	100	84.4	99.9	93.2	99.9	99.9	99.9	99.9	99.9	88.2	-4.19524	-38.2646	-177.327	-1.48236	3.39239	2.59105	
0.65	1.9	0	0	3.4	6.8	2.9	0.6	0	0	3	47.1	57.7	26.5	42.1	36.6	30.9	100	84.4	99.9	93.2	99.9	99.9	99.9	99.9	99.9	88.2	-4.19524	-38.2646	-177.327	-1.48236	3.39239	2.59105	
0.66	1.9	0	0	3.4	6.8	2.9	0.6	0	0	3	47.1	57.7	26.5	42.1	36.6	30.9	100	84.4	99.9	93.2	99.9	99.9	99.9	99.9	99.9	88.2	-4.19524	-38.2646	-177.327	-1.48236	3.39239	2.59105	
0.67	1.9	0	0	3.4	6.8	2.9	0.6	0	0	3	47.1	57.7	26.5	42.1	36.6	30.9	100	84.4	99.9	93.2	99.9	99.9	99.9	99.9	99.9	88.2	-4.19524	-38.2646	-177.327	-1.48236	3.39239	2.59105	
0.68	1.9	0	0	3.4	6.8	2.9	0.6	0	0	3	47.1	57.7	26.5	42.1	36.6	30.9	100	84.4	99.9	93.2	99.9	99.9	99.9	99.9	99.9	88.2	-4.19524	-38.2646	-177.327	-1.48236	3.39239	2.59105	
0.69	1.9	0	0	3.4	6.8	2.9	0.6	0	0	3	47.1	57.7	26.5	42.1	36.6	30.9	100	84.4	99.9	93.2	99.9	99.9	99.9	99.9	99.9	88.2	-4.19524	-38.2646	-177.327	-1.48236	3.39239	2.59105	
0.7	1.9	0	0	3.4	6.8	2.9	0.6	0	0	3	47.1	57.7	26.5	42.1	36.6	30.9	100	84.4	99.9	93.2	99.9	99.9	99.9	99.9	99.9	88.2	-4.19524	-38.2646	-177.327	-1.48236	3.39239	2.59105	
0.71	1.9	0	0	3.4	6.8	2.9	0.6	0	0	3	47.1	57.7	26.5	42.1	36.6	30.9	100	84.4	99.9	93.2	99.9	99.9	99.9	99.9	99.9	88.2	-4.19524	-38.2646	-177.327	-1.48236	3.39239	2.59105	
0.72	1.9	0	0	3.4	6.8	2.9	0.6	0	0	3	47.1	57.7	26.5	42.1	36.6	30.9	100	84.4	99.9	93.2	99.9	99.9	99.9	99.9	99.9	88.2	-4.19524	-38.2646	-177.327	-1.48236	3.39239	2.59105	
0.73	1.9	0	0	3.4	6.8	2.9	0.6	0	0	3	47.1	57.7	26.5	42.1	36.6	30.9	100	84.4	99.9	93.2	99.9	99.9	99.9	99.9	99.9	88.2	-4.19524	-38.2646	-177.327	-1.48236	3.39239	2.59105	
0.74	1.9	0	0	3.4	6.8	2.9	0.6	0	0	3	47.1	57.7	26.5	42.1	36.6	30.9	100	84.4	99.9	93.2	99.9	99.9	99.9	99.9	99.9	88.2	-4.19524	-38.2646	-177.327	-1.48236	3.39239	2.59105	
0.75	1.9	0	0	3.4	6.8	2.9	0.6	0	0	3	47.1	57.7	26.5	42.1	36.6	30.9	100	84.4	99.9	93.2	99.9	99.9	99.9	99.9	99.9	88.2	-4.19524	-38.2646	-177.327	-1.48236	3.39239	2.59105	
0.76	1.9	0	0	3.4	6.8	2.9	0.6	0	0	3	47.1	57.7	26.5	42.1	36.6	30.9	100	84.4	99.9	93.2	99.9	99.9	99.9	99.9	99.9	88.2	-4.19524	-38.2646	-177.327	-1.48236	3.39239	2.59105	
0.77	1.9	0	0	3.4	6.8	2.9	0.6	0	0	3	47.1	57.7	26.5	42.1	36.6	30.9	100	84.4	99.9	93.2	99.9	99.9	99.9	99.9	99.9	88.2	-4.19524	-38.2646	-177.327	-1.48236	3.39239	2.59105	
0.78	1.9	0	0	3.4	6.8	2.9	0.6	0	0	3	47.1	57.7	26.5	42.1	36.6	30.9	100	84.4	99.9	93.2	99.9	99.9	99.9	99.9	99.9	88.2	-4.19524	-38.2646	-177.327	-1.48236	3.39239	2.59105	
0.79	1.9	0	0	3.4	6.8	2.9	0.6	0	0	3	47.1	57.7	26.5	42.1	36.6	30.9	100	84.4	99.9	93.2	99.9	99.9	99.9	99.9	99.9	88.2	-4.19524	-38.2646	-177.327	-1.48236	3.39239	2.59105	
0.8	1.9	0	0	3.4	6.8	2.9	0.6	0	0	3	47.1	57.7	26.5	42.1	36.6	30.9	100	84.4	99.9	93.2	99.9	99.9	99.9	99.9	99.9	88.2	-4.19524	-38.2646	-177.327	-1.48236	3.39239	2.59105	
0.81	1.9	0	0	3.4	6.8	2.9	0.6	0	0	3	47.1	57.7	26.5	42.1	36.6	30.9	100	84.4	99.9	93.2	99.9	99.9	99.9	99.9	99.9	88.2	-4.19524	-38.2646	-177.327	-1.48236	3.39239	2.59105	
0.82	1.9	0	0	3.4	6.8	2.9	0.6	0	0	3	47.1	57.7	26.5	42.1	36.6	30.9	100	84.4	99.9	93.2	99.9	99.9	99.9	99.9	99.9	88.2	-4.19524	-38.2646	-177.327	-1.48236	3.39239	2.59105	
0.83	1.9	0	0	3.4	6.8	2.9	0.6	0	0	3	47.1	57.7	26.5	42.1	36.6	30.9	100	84.4	99.9	93.2	99.9	99.9	99.9	99.9	99.9	88.2	-4.19524	-38.2646	-177.327	-1.48236	3.39239	2.59105	
0.84	2	0	0	3.4	6.7	2.8	0.5	0	0	3	46.7	57.2	26.3	41.75	36.4	30.9	100	82.8	99.9	97.8	99.8	99.5	99.4	99.5	99.8	89.8	-4.7959	-38.1231	-176.968	-1.7141	3.53405	2.57875	
0.85	2	0	0	3.4	6.7	2.8	0.5	0	0	3	46.7	57.2	26.3	41.75	36.4	30.9	100	82.8	99.9	97.8	99.8	99.5	99.4	99.5	99.8	89.8	-4.7959	-38.1231	-176.968	-1.7141	3.53405	2.57875	
0.86	2	0	0	3.4	6.7	2.8	0.5	0	0	3	46.7	57.2	26.3	41.75	36.4	30.9	100	82.8	99.9	97.8	99.8	99.5	99.4	99.5	99.8	89.8	-4.7959	-38.1231	-176.968	-1.7141	3.53405	2.57875	
0.87	2	0	0	3.4	6.7	2.8	0.5	0	0	3	46.7	57.2	26.3	41.75	36.4	30.9	100	82.8	99.9	97.8	99.8	99.5	99.4	99.5	99.8	89.8	-4.7959	-38.1231	-176.968	-1.7141	3.53405	2.57875	
0.88	2	0	0	3.4	6.7	2.8	0.5	0	0	3	46.7	57.2	26.3	41.75	36.4	30.9	100	82.8	99.9	97.8	99.8	99.5	99.4	99.5	99.8	89.8	-4.7959	-38.1231	-176.968	-1.7141	3.53405	2.57875	
0.89	2	0	0	3.4	6.7	2.8	0.5	0	0	3	46.7	57.2	26.3	41.75	36.4	30.9	100	82.8	99.9	97.8	99.8	99.5	99.4	99.5	99.8	89.8	-4.7959	-38.1231	-176.968	-1.7141	3.53405	2.57875	
0.9	2	0	0	3.4	6.7	2.8	0.5	0	0	3	46.7	57.2	26.3	41.75	36.4	30.9	100	82.8	99.9	97.8	99.8	99.5	99.4	99.5	99.8	89.8	-4.7959	-38.1231	-176.968	-1.7141	3.53405	2.57875	
0.91	2	0	0	3.4	6.7	2.8	0.5	0	0	3	46.7	57.2	26.3	41.75	36.4	30.9	100	82.8	99.9	97.8	99.8	99.5	99.4	99.5	99.8	89.8	-4.7959	-38.1231	-176.968	-1.7141	3.53405	2.57875	
0.92	2	0	0	3.4	6.7	2.8	0.5	0	0	3	46.7	57.2	26.3	41.75	36.4	30.9	100	82.8	99.9	97.8	99.8	99.5	99.4	99.5	99.8	89.8	-4.7959	-38.1231	-176.968	-1.7141	3.53405	2.57875	
0.93	2	0	0	3.4	6.7	2.8	0.5	0	0	3	46.7	57.2	26.3	41.75	36.4	30.9	100	82.8	99.9	97.8	99.8	99.5	99.4	99.5	99.8	89.8	-4.7959	-38.1231	-176.968	-1.7141	3.53405	2.57875	
0.94	2	0	0	3.4	6.7	2.8	0.5	0	0	3	46.7	57.2	26.3	41.75	36.4	30.9	100	82.8	99.9	97.8	99.8	99.5	99.4	99.5	99.8	89.8	-4.7959	-38.1231	-176.968	-1.7141	3.53405	2.57875	
0.954	2	0	0	3.4	6.7	2.8	0.5	0	0	3	46.7	57.2	26.3	41.75	36.4	30.9	100	82.8	99.9	97.8	99.8	99.5	99.4	99.5	99.8	89.8	-4.7959	-38.1231	-176.968	-1.7141	3.53405	2.57875	
0.96	2	0	0	3.4	6.7	2.8	0.5	0	0	3	46.7	57.2	26.3	41.75	36.4	30.9	100	82.8	99.9	97.8	99.8	99.5	99.4	99.5	99.8	89.8	-4.7959	-38.1231	-176.968	-1.7141	3.53405	2.57875	
0.97	2	0	0	3.4	6.7	2.8	0.5	0	0	3	46.7	57.2	26.3	41.75	36.4	30.9	100	82.8	99.9	97.8	99.8	99.5	99.4	99.5	99.8	89.8	-4.7959	-38.1231	-176.968	-1.7141	3.53405	2.57875	
0.98	2	0	0	3.4	6.7	2.8	0.5	0	0	3	46.7	57.2	26.3	41.75	36.4	30.9	100	82.8	99.9	97.8	99.8	99.5	99.4	99.5	99.8	89.8	-4.7959	-38.1231	-176.968	-1.7141	3.53405	2.57875	
0.99	2	0	0	3.4	6.7	2.8	0.5	0	0	3	46.7	57.2	26.3	41.75	36.4	30.9	100	82.8	99.9	97.8	99.8	99.5	99.4	99.5	99.8	89.8	-4.7959	-38.1231	-176.968	-1.7141	3.53405	2.57875	
1	2	0	0	3.4	6.7	2.8	0.5	0	0	3	46.7	57.2	26.3	41.75	36.4	30.9	100	82.8	99.9	97.8	99.8	99.5	99.4	99.5	99.8	89.8	-4.7959	-38.1231	-176.968	-1.7141	3.53405	2.57875	
1.01	2	0	0	3.4	6.7	2.8	0.5	0	0	3	46.7	57.2	26.3	41.75	36.4	30.9	100	82.8	99.9	97.8	99.8	99.5	99.4	99.5	99.8	89.8	-4.7959	-38.1231	-176.968	-1.7141	3.53405	2.57875	
1.02	2	0	0	3.4	6.7	2.8	0.5	0	0	3	46.7	57.2	26.3	41.75	36.4	30.9	100	82.8	99.9	97.8	99.8	99.5	99.4	99.5	99.8	89.8	-4.7959	-38.1231	-176.968	-1.7141	3.53405	2.57875	
1.03	2	0	0	3.4	6.7	2.8	0.5	0	0	3	46.7	57.2	26.3	41.75	36.4	30.9	100	82.8	99.9	97.8	99.8	99.5	99.4	99.5	99.8	89.8	-4.7959	-38.1231	-176.968	-1.7141	3.53405	2.57875	
1.04	2	0	0	3.4	6.7	2.8	0.5	0	0	3	46.7	57.2	26.3	41.75	36.4	30.9	100	82.8	99.9	97.8	99.8	99.5	99.4	99.5	99.8	89.8	-4.7959	-38.1231	-176.968	-1.7141	3.53405	2.57875	
1.05	2	0	0	3.4	6.7	2.8	0.5	0	0	3	46.7	57.2	26.3	41.75	36.4	30.9	100	82.8	99.9	97.8	99.8	99.5	99.4	99.5	99.8	89.8	-4.7959	-38.1231	-176.968	-1.7141	3.53405	2.57875	
1.06	2	0	0	3.4	6.7	2.8	0.5	0	0	3	46.7	57.2	26.3	41.75	36.4	30.9	100	82.8	99.9	97.8	99.8	99.5	99.4	99.5	99.8	89.8	-4.7959	-38.1231	-176.968	-1.7141	3.53405	2.57875	
1.07	2	0	0	3.4	6.7	2.8	0.5	0	0	3	46.7	57.2	26.3	41.75	36.4	30.9	100	82.8	99.9	97.8	99.8	99.5	99.4	99.5	99.8	89.8	-4.7959	-38.1231	-176.968	-1.7141	3.53405	2.57875	
1.08	2	0	0	3.4	6.7	2.8	0.5	0	0	3	46.7	57.2	26.3	41.75	36.4	30.9	100	82.8	99.9	97.8	99.8	99.5	99.4	99.5	99.8	89.8	-4.7959	-38.1231	-176.968	-1.7141	3.53405	2.57875	
1.09	2	0	0	3.4	6.7	2.8	0.5	0	0	3	46.7	57.2	26.3	41.75	36.4	30.9	100	82.8	99.9	97.8	99.8	99.5	99.4	99.5	99.8	89.8	-4.7959	-38.1231	-176.968	-1.7141	3.53405	2.57875	
1.1	2	0	0	3.4	6.7	2.8	0.5	0	0	3	46.7	57.2	26.3	41.75	36.4	30.9	100	82.8	99.9	97.8	99.8	99.5	99.4	99.5	99.8	89.8	-4.7959	-38.1231	-176.968	-1.7141	3.53405	2.57875	
1.11	2	0	0	3.4	6.7	2.8	0.5	0	0	3	46.7	57.2	26.3	41.75	36.4	30.9	100	82.8	99.9	97.8	99.8	99.5	99.4	99.5	99.8	89.8	-4.7959	-38.1231	-176.968	-1.7141	3.53405	2.57875	
1.12	2	0	0	3.4	6.7	2.8	0.5	0	0	3	46.7	57.2	26.3	41.75	36.4	30.9	100	82.8	99.9	97.8	99.8	99.5	99.4	99.5	99.8	89.8	-4.7959	-38.1231	-176.968	-1.7141	3.53405	2.57875	
1.13	2	0	0	3.4	6.7	2.8	0.5	0	0	3	46.7	57.2	26.3	41.75	36.4	30.9	100	82.8	99.9	97.8	99.8	99.5	99.4	99.5	99.8	89.8	-4.7959	-38.1231	-176.968	-1.7141	3.53405	2.57875	
1.14	2	0	0	3.4	6.7	2.8	0.5	0	0	3	46.7	57.2	26.3	41.75	36.4	30.9	100	82.8	99.9	97.8	99.8	99.5	99.4	99.5	99.8	89.8	-4.7959	-38.1231	-176.968	-1.7141	3.53405	2.57875	
1.15	2	0	0	3.4	6.7	2.8	0.5	0	0	3	46.7	57.2	26.3	41.75	36.4	30.9	100	82.8	99.9	97.8	99.8	99.5	99.4	99.5	99.8	89.8	-4.7959	-38.1231	-176.968	-1.7141	3.53405	2.57875	
1.16	2	0	0	3.4	6.7	2.8	0.5	0	0	3	46.7	57.2	26.3	41.75	36.4	30.9	100	82.8	99.9	97.8	99.8	99.5	99.4	99.5	99.8	89.8	-4.7959	-38.1231	-176.968	-1.7141	3.53405	2.57875	
1.17	2	0	0	3.4	6.7	2.8	0.5	0	0	3	46.7	57.2	26.3	41.75	36.4	30.9	100	82.8	99.9	97.8	99.8	99.5	99.4	99.5	99.8	89.8	-4.7959	-38.1231	-176.968	-1.7141	3.53405	2.57875	
1.18	2	0	0	3.4	6.7	2.8	0.5	0	0	3	46.7	57.2	26.3	41.75	36.4	30.9	100	82.8	99.9	97.8	99.8	99.5	99.4	99.5	99.8	89.8	-4.7959	-38.1231	-176.968	-1.7141	3.53405	2.57875	
1.19	2	0	0	3.4	6.7	2.8	0.5	0	0	3	46.7	57.2	26.3	41.75	36.4	30.9	100	82.8	99.9	97.8	99.8	99.5	99.4	99.5	99.8	89.8	-4.7959	-38.1231	-176.968	-1.7141	3.53405	2.57875	
1.2	2	0	0	3.4	6.7	2.8	0.5	0	0	3	46.7	57.2	26.3	41.75	36.4	30.9	100	82.8	99.9	97.8	99.8	99.5	99.4	99.5	99.8	89.8	-4.7959	-38.1231	-176.968	-1.7141	3.53405	2.57875	
1.21	1.7	0	0	3.5	6.8	2.9	0.5	0	0	3	46.6	57.3	25.3	41.3	36.6	30.9	99.9	82.9	99.9	94	99.9	99.3	99.4	99.7	99.9	90.9	-4.31199	-38.1544	-177.262	-1.10538	3.36214	2.7004	
1.22	1.7	0	0	3.5	6.8	2.9	0.5	0	0	3	46.6	57.3	25.3	41.3	36.6	30.9	99.9	82.9	99.9	94	99.9	99.3	99.4	99.7	99.9	90.9	-4.31199	-38.1544	-177.262	-1.10538	3.36214	2.7004	
1.23	1.7	0	0	3.5	6.8	2.9	0.5	0	0	3	46.6	57.3	25.3	41.3	36.6	30.9	99.9	82.9	99.9	94	99.9	99.3	99.4	99.7	99.9	90.9	-4.31199	-38.1544	-177.262	-1.10538	3.36214	2.7004	
1.24	1.7	0	0	3.5	6.8	2.9	0.5	0	0	3	46.6	57.3	25.3	41.3	36.6	30.9	99.9	82.9	99.9	94	99.9	99.3	99.4	99.7	99.9	90.9	-4.31199	-38.1544	-177.262	-1.10538	3.36214	2.7004	
1.25	1.7	0	0	3.5	6.8	2.9	0.5	0	0	3	46.6	57.3	25.3	41.3	36.6	30.9	99.9	82.9	99.9	94	99.9	99.3	99.4	99.7	99.9	90.9	-4.31199	-38.1544	-177.262	-1.10538	3.36214	2.7004	
1.26	1.7	0	0	3.5	6.8	2.9	0.5	0	0	3	46.6	57.3	25.3	41.3	36.6	30.9	99.9	82.9	99.9	94	99.9	99.3	99.4	99.7	99.9	90.9	-4.31199	-38.1544	-177.262	-1.10538	3.36214	2.7004	
1.27	1.7	0	0	3.5	6.8	2.9	0.5	0	0	3	46.6	57.3	25.3	41.3	36.6	30.9	99.9	82.9	99.9	94	99.9	99.3	99.4	99.7	99.9	90.9	-4.31199	-38.1544	-177.262	-1.10538	3.36214	2.7004	
1.28	1.7	0	0	3.5	6.8	2.9	0.5	0	0	3	46.6	57.3	25.3	41.3	36.6	30.9	99.9	82.9	99.9	94	99.9	99.3	99.4	99.7	99.9	90.9	-4.31199	-38.1544	-177.262	-1.10538	3.36214	2.7004	
1.29	1.7	0	0	3.5	6.8	2.9	0.5	0	0	3	46.6	57.3	25.3	41.3	36.6	30.9	99.9	82.9	99.9	94	99.9	99.3	99.4	99.7	99.9	90.9	-4.31199	-38.1544	-177.262	-1.10538	3.36214	2.7004	
1.3	1.7	0	0	3.5	6.8	2.9	0.5	0	0	3	46.6	57.3	25.3	41.3	36.6	30.9	99.9	82.9	99.9	94	99.9	99.3	99.4	99.7	99.9	90.9	-4.31199	-38.1544	-177.262	-1.10538	3.36214	2.7004	
1.31	1.7	0	0	3.5	6.8	2.9	0.5	0	0	3	46.6	57.3	25.3	41.3	36.6	30.9	99.9	82.9	99.9	94	99.9	99.3	99.4	99.7	99.9	90.9	-4.31199	-38.1544	-177.262	-1.10538	3.36214	2.7004	
1.32	1.7	0	0	3.5	6.8	2.9	0.5	0	0	3	46.6	57.3	25.3	41.3	36.6	30.9	99.9	82.9	99.9	94	99.9	99.3	99.4	99.7	99.9	90.9	-4.31199	-38.1544	-177.262	-1.10538	3.36214	2.7004	
1.33	1.7	0	0	3.5	6.8	2.9	0.5	0	0	3	46.6	57.3	25.3	41.3	36.6	30.9	99.9	82.9	99.9	94	99.9	99.3	99.4	99.7	99.9	90.9	-4.31199	-38.1544	-177.262	-1.10538	3.36214	2.7004	
1.34	1.7	0	0	3.5	6.8	2.9	0.5	0	0	3	46.6	57.3	25.3	41.3	36.6	30.9	99.9	82.9	99.9	94	99.9	99.3	99.4	99.7	99.9	90.9	-4.31199	-38.1544	-177.262	-1.10538	3.36214	2.7004	
1.35	1.7	0	0	3.5	6.8	2.9	0.5	0	0	3	46.6	57.3	25.3	41.3	36.6	30.9	99.9	82.9	99.9	94	99.9	99.3	99.4	99.7	99.9	90.9	-4.31199	-38.1544	-177.262	-1.10538	3.36214	2.7004	
1.36	1.7	0	0	3.5	6.8	2.9	0.5	0	0	3	46.6	57.3	25.3	41.3	36.6	30.9	99.9	82.9	99.9	94	99.9	99.3	99.4	99.7	99.9	90.9	-4.31199	-38.1544	-177.262	-1.10538	3.36214	2.7004	
1.37	1.7	0	0	3.5	6.8	2.9	0.5	0	0	3	46.6	57.3	25.3	41.3	36.6	30.9	99.9	82.9	99.9	94	99.9	99.3	99.4	99.7	99.9	90.9	-4.31199	-38.1544	-177.262	-1.10538	3.36214	2.7004	
1.38	1.7	0	0	3.5	6.8	2.9	0.5	0	0	3	46.6	57.3	25.3	41.3	36.6	30.9	99.9	82.9	99.9	94	99.9	99.3	99.4	99.7	99.9	90.9	-4.31199	-38.1544	-177.262	-1.10538	3.36214	2.7004	
1.39	1.7	0	0	3.5	6.8	2.9	0.5	0	0	3	46.6	57.3	25.3	41.3	36.6	30.9	99.9	82.9	99.9	94	99.9	99.3	99.4	99.7	99.9	90.9	-4.31199	-38.1544	-177.262	-1.10538	3.36214	2.7004	
1.4	1.7	0	0	3.5	6.8	2.9	0.5	0	0	3	46.6	57.3	25.3	41.3	36.6	30.9	99.9	82.9	99.9	94	99.9	99.3	99.4	99.7	99.9	90.9	-4.31199	-38.1544	-177.262	-1.10538	3.36214	2.7004	
1.41	1.7	0	0	3.5	6.8	2.9	0.5	0	0	3	46.6	57.3	25.3	41.3	36.6	30.9	99.9	82.9	99.9	94	99.9	99.3	99.4	99.7	99.9	90.9	-4.31199	-38.1544	-177.262	-1.10538	3.36214	2.7004	
1.42	1.7	0	0	3.5	6.8	2.9	0.5	0	0	3	46.6	57.3	25.3	41.3	36.6	30.9	99.9	82.9	99.9	94	99.9	99.3	99.4	99.7	99.9	90.9	-4.31199	-38.1544	-177.262	-1.10538	3.36214	2.7004	
1.43	1.7	0	0	3.5	6.8	2.9	0.5	0	0	3	46.6	57.3	25.3	41.3	36.6	30.9	99.9	82.9	99.9	94	99.9	99.3	99.4	99.7	99.9	90.9	-4.31199	-38.1544	-177.262	-1.10538	3.36214	2.7004	
1.44	1.7	0	0	3.5	6.8	2.9	0.5	0	0	3	46.6	57.3	25.3	41.3	36.6	30.9	99.9	82.9	99.9	94	99.9	99.3	99.4	99.7	99.9	90.9	-4.31199	-38.1544	-177.262	-1.10538	3.36214	2.7004	
1.45	1.7	0	0	3.5	6.8	2.9	0.5	0	0	3	46.6	57.3	25.3	41.3	36.6	30.9	99.9	82.9	99.9	94	99.9	99.3	99.4	99.7	99.9	90.9	-4.31199	-38.1544	-177.262	-1.10538	3.36214	2.7004	
1.46	1.7	0	0	3.5	6.8	2.9	0.5	0	0	3	46.6	57.3	25.3	41.3	36.6	30.9	99.9	82.9	99.9	94	99.9	99.3	99.4	99.7	99.9	90.9	-4.31199	-38.1544	-177.262	-1.10538	3.36214	2.7004	
1.47	1.7	0	0	3.5	6.8	2.9	0.5	0	0	3	46.6	57.3	25.3	41.3	36.6	30.9	99.9	82.9	99.9	94	99.9	99.3	99.4	99.7	99.9	90.9	-4.31199	-38.1544	-177.262	-1.10538	3.36214	2.7004	
1.48	1.7	0	0	3.5	6.8	2.9	0.5	0	0	3	46.6	57.3	25.3	41.3	36.6	30.9	99.9	82.9	99.9	94	99.9	99.3	99.4	99.7	99.9	90.9	-4.31199	-38.1544	-177.262	-1.10538	3.36214	2.7004	
1.49	1.7	0	0	3.5	6.8	2.9	0.5	0	0	3	46.6	57.3	25.3	41.3	36.6	30.9	99.9	82.9	99.9	94	99.9	99.3	99.4	99.7	99.9	90.9	-4.31199	-38.1544	-177.262	-1.10538	3.36214	2.7004	
1.5	1.7	0	0	3.5	6.8	2.9	0.5	0	0	3	46.6	57.3	25.3	41.3	36.6	30.9	99.9	82.9	99.9	94	99.9	99.3	99.4	99.7	99.9	90.9	-4.31199	-38.1544	-177.262	-1.10538	3.36214	2.7004	
1.51	1.7	0	0	3.5	6.8	2.9	0.5	0	0	3	46.6	57.3	25.3	41.3	36.6	30.9	99.9	82.9	99.9	94	99.9	99.3	99.4	99.7	99.9	90.9	-4.31199	-38.1544	-177.262	-1.10538	3.36214	2.7004	
1.52	1.7	0	0	3.5	6.8	2.9	0.5	0	0	3	46.6	57.3	25.3	41.3	36.6	30.9	99.9	82.9	99.9	94	99.9	99.3	99.4	99.7	99.9	90.9	-4.31199	-38.1544	-177.262	-1.10538	3.36214	2.7004	
1.53	1.7	0	0	3.5	6.8	2.9	0.5	0	0	3	46.6	57.3	25.3	41.3	36.6	30.9	99.9	82.9	99.9	94	99.9	99.3	99.4	99.7	99.9	90.9	-4.31199	-38.1544	-177.262	-1.10538	3.36214	2.7004	
1.54	1.7	0	0	3.5	6.8	2.9	0.5	0	0	3	46.6	57.3	25.3	41.3	36.6	30.9	99.9	82.9	99.9	94	99.9	99.3	99.4	99.7	99.9	90.9	-4.31199	-38.1544	-177.262	-1.10538	3.36214	2.7004	
1.55	1.7	0	0	3.5	6.8	2.9	0.5	0	0	3	46.6	57.3	25.3	41.3	36.6	30.9	99.9	82.9	99.9	94	99.9	99.3	99.4	99.7	99.9	90.9	-4.31199	-38.1544	-177.262	-1.10538	3.36214	2.7004	
1.56	1.7	0	0	3.5	6.8	2.9	0.5	0	0	3	46.6	57.3	25.3	41.3	36.6	30.9	99.9	82.9	99.9	94	99.9	99.3	99.4	99.7	99.9	90.9	-4.31199	-38.1544	-177.262	-1.10538	3.36214	2.7004	
1.57	1.9	0	0	3.5	6.8	2.8	0.5	0	0	3.1	46	56.6	25.9	41.25	36.8	30.9	100	84.3	99.9	95.7	99.9	99.9	99.9	99.9	99.9	91.2	-4.04052	-37.6715	-177.441	0.216508	3.38842	2.82312	
1.58	1.9	0	0	3.5	6.8	2.8	0.5	0	0	3.1	46	56.6	25.9	41.25	36.8	30.9	100	84.3	99.9	95.7	99.9	99.9	99.9	99.9	99.9	91.2	-4.04052	-37.6715	-177.441	0.216508	3.38842	2.82312	
1.59	1.9	0	0	3.5	6.8	2.8	0.5	0	0	3.1	46	56.6	25.9	41.25	36.8	30.9	100	84.3	99.9	95.7	99.9	99.9	99.9	99.9	99.9	91.2	-4.04052	-37.6715	-177.441	0.216508	3.38842	2.82312	
1.6	1.9	0	0	3.5	6.8	2.8	0.5	0	0	3.1	46	56.6	25.9	41.25	36.8	30.9	100	84.3	99.9	95.7	99.9	99.9	99.9	99.9	99.9	91.2	-4.04052	-37.6715	-177.441	0.216508	3.38842	2.82312	
1.61	1.9	0	0	3.5	6.8	2.8	0.5	0	0	3.1	46	56.6	25.9	41.25	36.8	30.9	100	84.3	99.9	95.7	99.9	99.9	99.9	99.9	99.9	91.2	-4.04052	-37.6715	-177.441	0.216508	3.38842	2.82312	
1.62	1.9	0	0	3.5	6.8	2.8	0.5	0	0	3.1	46	56.6	25.9	41.25	36.8	30.9	100	84.3	99.9	95.7	99.9	99.9	99.9	99.9	99.9	91.2	-4.04052	-37.6715	-177.441	0.216508	3.38842	2.82312	
1.63	1.9	0	0	3.5	6.8	2.8	0.5	0	0	3.1	46	56.6	25.9	41.25	36.8	30.9	100	84.3	99.9	95.7	99.9	99.9	99.9	99.9	99.9	91.2	-4.04052	-37.6715	-177.441	0.216508	3.38842	2.82312	
1.64	1.9	0	0	3.5	6.8	2.8	0.5	0	0	3.1	46	56.6	25.9	41.25	36.8	30.9	100	84.3	99.9	95.7	99.9	99.9	99.9	99.9	99.9	91.2	-4.04052	-37.6715	-177.441	0.216508	3.38842	2.82312	
1.65	1.9	0	0	3.5	6.8	2.8	0.5	0	0	3.1	46	56.6	25.9	41.25	36.8	30.9	100	84.3	99.9	95.7	99.9	99.9	99.9	99.9	99.9	91.2	-4.04052	-37.6715	-177.441	0.216508	3.38842	2.82312	
1.66	1.9	0	0	3.5	6.8	2.8	0.5	0	0	3.1	46	56.6	25.9	41.25	36.8	30.9	100	84.3	99.9	95.7	99.9	99.9	99.9	99.9	99.9	91.2	-4.04052	-37.6715	-177.441	0.216508	3.38842	2.82312	
1.67	1.9	0	0	3.5	6.8	2.8	0.5	0	0	3.1	46	56.6	25.9	41.25	36.8	30.9	100	84.3	99.9	95.7	99.9	99.9	99.9	99.9	99.9	91.2	-4.04052	-37.6715	-177.441	0.216508	3.38842	2.82312	
1.68	1.9	0	0	3.5	6.8	2.8	0.5	0	0	3.1	46	56.6	25.9	41.25	36.8	30.9	100	84.3	99.9	95.7	99.9	99.9	99.9	99.9	99.9	91.2	-4.04052	-37.6715	-177.441	0.216508	3.38842	2.82312	
1.69	1.9	0	0	3.5	6.8	2.8	0.5	0	0	3.1	46	56.6	25.9	41.25	36.8	30.9	100	84.3	99.9	95.7	99.9	99.9	99.9	99.9	99.9	91.2	-4.04052	-37.6715	-177.441	0.216508	3.38842	2.82312	
1.7	1.9	0	0	3.5	6.8	2.8	0.5	0	0	3.1	46	56.6	25.9	41.25	36.8	30.9	100	84.3	99.9	95.7	99.9	99.9	99.9	99.9	99.9	91.2	-4.04052	-37.6715	-177.441	0.216508	3.38842	2.82312	
1.71	1.9	0	0	3.5	6.8	2.8	0.5	0	0	3.1	46	56.6	25.9	41.25	36.8	30.9	100	84.3	99.9	95.7	99.9	99.9	99.9	99.9	99.9	91.2	-4.04052	-37.6715	-177.441	0.216508	3.38842	2.82312	
1.72	1.9	0	0	3.5	6.8	2.8	0.5	0	0	3.1	46	56.6	25.9	41.25	36.8	30.9	100	84.3	99.9	95.7	99.9	99.9	99.9	99.9	99.9	91.2	-4.04052	-37.6715	-177.441	0.216508	3.38842	2.82312	
1.73	1.9	0	0	3.5	6.8	2.8	0.5	0	0	3.1	46	56.6	25.9	41.25	36.8	30.9	100	84.3	99.9	95.7	99.9	99.9	99.9	99.9	99.9	91.2	-4.04052	-37.6715	-177.441	0.216508	3.38842	2.82312	
1.74	1.9	0	0	3.5	6.8	2.8	0.5	0	0	3.1	46	56.6	25.9	41.25	36.8	30.9	100	84.3	99.9	95.7	99.9	99.9	99.9	99.9	99.9	91.2	-4.04052	-37.6715	-177.441	0.216508	3.38842	2.82312	
1.75	1.9	0	0	3.5	6.8	2.8	0.5	0	0	3.1	46	56.6	25.9	41.25	36.8	30.9	100	84.3	99.9	95.7	99.9	99.9	99.9	99.9	99.9	91.2	-4.04052	-37.6715	-177.441	0.216508	3.38842	2.82312	
1.76	1.9	0	0	3.5	6.8	2.8	0.5	0	0	3.1	46	56.6	25.9	41.25	36.8	30.9	100	84.3	99.9	95.7	99.9	99.9	99.9	99.9	99.9	91.2	-4.04052	-37.6715	-177.441	0.216508	3.38842	2.82312	
1.77	1.9	0	0	3.5	6.8	2.8	0.5	0	0	3.1	46	56.6	25.9	41.25	36.8	30.9	100	84.3	99.9	95.7	99.9	99.9	99.9	99.9	99.9	91.2	-4.04052	-37.6715	-177.441	0.216508	3.38842	2.82312	
1.78	1.9	0	0	3.5	6.8	2.8	0.5	0	0	3.1	46	56.6	25.9	41.25	36.8	30.9	100	84.3	99.9	95.7	99.9	99.9	99.9	99.9	99.9	91.2	-4.04052	-37.6715	-177.441	0.216508	3.38842	2.82312	
1.79	1.9	0	0	3.5	6.8	2.8	0.5	0	0	3.1	46	56.6	25.9	41.25	36.8	30.9	100	84.3	99.9	95.7	99.9	99.9	99.9	99.9	99.9	91.2	-4.04052	-37.6715	-177.441	0.216508	3.38842	2.82312	
1.8	1.9	0	0	3.5	6.8	2.8	0.5	0	0	3.1	46	56.6	25.9	41.25	36.8	30.9	100	84.3	99.9	95.7	99.9	99.9	99.9	99.9	99.9	91.2	-4.04052	-37.6715	-177.441	0.216508	3.38842	2.82312	
1.81	1.9	0	0	3.5	6.8	2.8	0.5	0	0	3.1	46	56.6	25.9	41.25	36.8	30.9	100	84.3	99.9	95.7	99.9	99.9	99.9	99.9	99.9	91.2	-4.04052	-37.6715	-177.441	0.216508	3.38842	2.82312	
1.82	1.9	0	0	3.5	6.8	2.8	0.5	0	0	3.1	46	56.6	25.9	41.25	36.8	30.9	100	84.3	99.9	95.7	99.9	99.9	99.9	99.9	99.9	91.2	-4.04052	-37.6715	-177.441	0.216508	3.38842	2.82312	
1.83	1.9	0	0	3.5	6.8	2.8	0.5	0	0	3.1	46	56.6	25.9	41.25	36.8	30.9	100	84.3	99.9	95.7	99.9	99.9	99.9	99.9	99.9	91.2	-4.04052	-37.6715	-177.441	0.216508	3.38842	2.82312	
1.84	1.9	0	0	3.5	6.8	2.8	0.5	0	0	3.1	46	56.6	25.9	41.25	36.8	30.9	100	84.3	99.9	95.7	99.9	99.9	99.9	99.9	99.9	91.2	-4.04052	-37.6715	-177.441	0.216508	3.38842	2.82312	
1.85	1.9	0	0	3.5	6.8	2.8	0.5	0	0	3.1	46	56.6	25.9	41.25	36.8	30.9	100	84.3	99.9	95.7	99.9	99.9	99.9	99.9	99.9	91.2	-4.04052	-37.6715	-177.441	0.216508	3.38842	2.82312	
1.86	1.9	0	0	3.5	6.8	2.8	0.5	0	0	3.1	46	56.6	25.9	41.25	36.8	30.9	100	84.3	99.9	95.7	99.9	99.9	99.9	99.9	99.9	91.2	-4.04052	-37.6715	-177.441	0.216508	3.38842	2.82312	
1.87	1.9	0	0	3.5	6.8	2.8	0.5	0	0	3.1	46	56.6	25.9	41.25	36.8	30.9	100	84.3	99.9	95.7	99.9	99.9	99.9	99.9	99.9	91.2	-4.04052	-37.6715	-177.441	0.216508	3.38842	2.82312	
1.88	1.9	0	0	3.5	6.8	2.8	0.5	0	0	3.1	46	56.6	25.9	41.25	36.8	30.9	100	84.3	99.9	95.7	99.9	99.9	99.9	99.9	99.9	91.2	-4.04052	-37.6715	-177.441	0.216508	3.38842	2.82312	
1.89	1.9	0	0	3.5	6.8	2.8	0.5	0	0	3.1	46	56.6	25.9	41.25	36.8	30.9	100	84.3	99.9	95.7	99.9	99.9	99.9	99.9	99.9	91.2	-4.04052	-37.6715	-177.441	0.216508	3.38842	2.82312	
1.9	1.9	0	0	3.5	6.8	2.8	0.5	0	0	3.1	46	56.6	25.9	41.25	36.8	30.9	100	84.3	99.9	95.7	99.9	99.9	99.9	99.9	99.9	91.2	-4.04052	-37.6715	-177.441	0.216508	3.38842	2.82312	
1.91	1.9	0	0	3.5	6.8	2.8	0.5	0	0	3.1	46	56.6	25.9	41.25	36.8	30.9	100	84.3	99.9	95.7	99.9	99.9	99.9	99.9	99.9	91.2	-4.04052	-37.6715	-177.441	0.216508	3.38842	2.82312	
1.92	1.9	0	0	3.5	6.8	2.8	0.5	0	0	3.1	46	56.6	25.9	41.25	36.8	30.9	100	84.3	99.9	95.7	99.9	99.9	99.9	99.9	99.9	91.2	-4.04052	-37.6715	-177.441	0.216508	3.38842	2.82312	
1.93	1.9	0	0	3.5	6.8	2.8	0.5	0	0	3.1	46	56.6	25.9	41.25	36.8	30.9	100	84.3	99.9	95.7	99.9	99.9	99.9	99.9	99.9	91.2	-4.04052	-37.6715	-177.441	0.216508	3.38842	2.82312	
1.94	1.7	0	0	3.5	6.9	2.8	0.5	0	0	2.9	45.8	56.8	25.7	41.25	37.2	30.9	100	78.5	99.9	92.7	99.9	99.5	99.6	99.4	99.6	91.7	-4.42089	-37.5149	-177.28	-0.684362	3.45587	2.77866	
1.95	1.7	0	0	3.5	6.9	2.8	0.5	0	0	2.9	45.8	56.8	25.7	41.25	37.2	30.9	100	78.5	99.9	92.7	99.9	99.5	99.6	99.4	99.6	91.7	-4.42089	-37.5149	-177.28	-0.684362	3.45587	2.77866	
1.96	1.7	0	0	3.5	6.9	2.8	0.5	0	0	2.9	45.8	56.8	25.7	41.25	37.2	30.9	100	78.5	99.9	92.7	99.9	99.5	99.6	99.4	99.6	91.7	-4.42089	-37.5149	-177.28	-0.684362	3.45587	2.77866	
1.97	1.7	0	0	3.5	6.9	2.8	0.5	0	0	2.9	45.8	56.8	25.7	41.25	37.2	30.9	100	78.5	99.9	92.7	99.9	99.5	99.6	99.4	99.6	91.7	-4.42089	-37.5149	-177.28	-0.684362	3.45587	2.77866	
1.98	1.7	0	0	3.5	6.9	2.8	0.5	0	0	2.9	45.8	56.8	25.7	41.25	37.2	30.9	100	78.5	99.9	92.7	99.9	99.5	99.6	99.4	99.6	91.7	-4.42089	-37.5149	-177.28	-0.684362	3.45587	2.77866	
1.99	1.7	0	0	3.5	6.9	2.8	0.5	0	0	2.9	45.8	56.8	25.7	41.25	37.2	30.9	100	78.5	99.9	92.7	99.9	99.5	99.6	99.4	99.6	91.7	-4.42089	-37.5149	-177.28	-0.684362	3.45587	2.77866	
2	1.7	0	0	3.5	6.9	2.8	0.5	0	0	2.9	45.8	56.8	25.7	41.25	37.2	30.9	100	78.5	99.9	92.7	99.9	99.5	99.6	99.4	99.6	91.7	-4.42089	-37.5149	-177.28	-0.684362	3.45587	2.77866	
