Hora de inicio de la toma de datos: 10:14:06
AT(s)	F1.1	F1.2	F2.1	F2.2	F3.1	F3.2	F4.1	F4.2	F5.1	F5.2	ABD1	ABD2	ABD3	ABD4	PA	TCO	P1	P2	P3	P4	P5	P6	P7	P8	P9	P10	HRoll	HPitch	HYaw	WRoll	WPitch	WYaw	
0.01	5.8	0	6.4	12.9	14.3	4.6	7.6	0	3.5	3.1	8.3	43	19.3	31.15	28	27.5	100	64.9	99.9	99.8	99.8	99.1	99.9	99.9	99.9	99.7	-31.7761	4.55076	-18.3973	-15.9189	3.62937	-169.806	
0.02	5.8	0	6.4	12.9	14.3	4.6	7.6	0	3.5	3.1	8.3	43	19.3	31.15	28	27.5	100	64.9	99.9	99.8	99.8	99.1	99.9	99.9	99.9	99.7	-31.7761	4.55076	-18.3973	-15.9189	3.62937	-169.806	
0.03	5.8	0	6.4	12.9	14.3	4.6	7.6	0	3.5	3.1	8.3	43	19.3	31.15	28	27.5	100	64.9	99.9	99.8	99.8	99.1	99.9	99.9	99.9	99.7	-31.7761	4.55076	-18.3973	-15.9189	3.62937	-169.806	
0.04	5.8	0	6.4	12.9	14.3	4.6	7.6	0	3.5	3.1	8.3	43	19.3	31.15	28	27.5	100	64.9	99.9	99.8	99.8	99.1	99.9	99.9	99.9	99.7	-31.7761	4.55076	-18.3973	-15.9189	3.62937	-169.806	
0.05	5.8	0	6.4	12.9	14.3	4.6	7.6	0	3.5	3.1	8.3	43	19.3	31.15	28	27.5	100	64.9	99.9	99.8	99.8	99.1	99.9	99.9	99.9	99.7	-31.7761	4.55076	-18.3973	-15.9189	3.62937	-169.806	
0.06	5.8	0	6.4	12.9	14.3	4.6	7.6	0	3.5	3.1	8.3	43	19.3	31.15	28	27.5	100	64.9	99.9	99.8	99.8	99.1	99.9	99.9	99.9	99.7	-31.7761	4.55076	-18.3973	-15.9189	3.62937	-169.806	
0.07	5.8	0	6.4	12.9	14.3	4.6	7.6	0	3.5	3.1	8.3	43	19.3	31.15	28	27.5	100	64.9	99.9	99.8	99.8	99.1	99.9	99.9	99.9	99.7	-31.7761	4.55076	-18.3973	-15.9189	3.62937	-169.806	
0.08	5.8	0	6.4	12.9	14.3	4.6	7.6	0	3.5	3.1	8.3	43	19.3	31.15	28	27.5	100	64.9	99.9	99.8	99.8	99.1	99.9	99.9	99.9	99.7	-31.7761	4.55076	-18.3973	-15.9189	3.62937	-169.806	
0.09	5.8	0	6.4	12.9	14.3	4.6	7.6	0	3.5	3.1	8.3	43	19.3	31.15	28	27.5	100	64.9	99.9	99.8	99.8	99.1	99.9	99.9	99.9	99.7	-31.7761	4.55076	-18.3973	-15.9189	3.62937	-169.806	
0.1	5.8	0	6.4	12.9	14.3	4.6	7.6	0	3.5	3.1	8.3	43	19.3	31.15	28	27.5	100	64.9	99.9	99.8	99.8	99.1	99.9	99.9	99.9	99.7	-31.7761	4.55076	-18.3973	-15.9189	3.62937	-169.806	
0.11	5.8	0	6.4	12.9	14.3	4.6	7.6	0	3.5	3.1	8.3	43	19.3	31.15	28	27.5	100	64.9	99.9	99.8	99.8	99.1	99.9	99.9	99.9	99.7	-31.7761	4.55076	-18.3973	-15.9189	3.62937	-169.806	
0.12	5.8	0	6.4	12.9	14.3	4.6	7.6	0	3.5	3.1	8.3	43	19.3	31.15	28	27.5	100	64.9	99.9	99.8	99.8	99.1	99.9	99.9	99.9	99.7	-31.7761	4.55076	-18.3973	-15.9189	3.62937	-169.806	
0.13	5.8	0	6.4	12.9	14.3	4.6	7.6	0	3.5	3.1	8.3	43	19.3	31.15	28	27.5	100	64.9	99.9	99.8	99.8	99.1	99.9	99.9	99.9	99.7	-31.7761	4.55076	-18.3973	-15.9189	3.62937	-169.806	
0.14	5.8	0	6.4	12.9	14.3	4.6	7.6	0	3.5	3.1	8.3	43	19.3	31.15	28	27.5	100	64.9	99.9	99.8	99.8	99.1	99.9	99.9	99.9	99.7	-31.7761	4.55076	-18.3973	-15.9189	3.62937	-169.806	
0.15	5.8	0	6.4	12.9	14.3	4.6	7.6	0	3.5	3.1	8.3	43	19.3	31.15	28	27.5	100	64.9	99.9	99.8	99.8	99.1	99.9	99.9	99.9	99.7	-31.7761	4.55076	-18.3973	-15.9189	3.62937	-169.806	
0.16	5.8	0	6.4	12.9	14.3	4.6	7.6	0	3.5	3.1	8.3	43	19.3	31.15	28	27.5	100	64.9	99.9	99.8	99.8	99.1	99.9	99.9	99.9	99.7	-31.7761	4.55076	-18.3973	-15.9189	3.62937	-169.806	
0.171	5.8	0	6.4	12.9	14.3	4.6	7.6	0	3.5	3.1	8.3	43	19.3	31.15	28	27.5	100	64.9	99.9	99.8	99.8	99.1	99.9	99.9	99.9	99.7	-31.7761	4.55076	-18.3973	-15.9189	3.62937	-169.806	
0.181	5.8	0	6.4	12.9	14.3	4.6	7.6	0	3.5	3.1	8.3	43	19.3	31.15	28	27.5	100	64.9	99.9	99.8	99.8	99.1	99.9	99.9	99.9	99.7	-31.7761	4.55076	-18.3973	-15.9189	3.62937	-169.806	
0.191	5.8	0	6.4	12.9	14.3	4.6	7.6	0	3.5	3.1	8.3	43	19.3	31.15	28	27.5	100	64.9	99.9	99.8	99.8	99.1	99.9	99.9	99.9	99.7	-31.7761	4.55076	-18.3973	-15.9189	3.62937	-169.806	
0.201	5.8	0	6.4	12.9	14.3	4.6	7.6	0	3.5	3.1	8.3	43	19.3	31.15	28	27.5	100	64.9	99.9	99.8	99.8	99.1	99.9	99.9	99.9	99.7	-31.7761	4.55076	-18.3973	-15.9189	3.62937	-169.806	
0.211	5.8	0	6.4	12.9	14.3	4.6	7.6	0	3.5	3.1	8.3	43	19.3	31.15	28	27.5	100	64.9	99.9	99.8	99.8	99.1	99.9	99.9	99.9	99.7	-31.7761	4.55076	-18.3973	-15.9189	3.62937	-169.806	
0.221	5.8	0	6.4	12.9	14.3	4.6	7.6	0	3.5	3.1	8.3	43	19.3	31.15	28	27.5	100	64.9	99.9	99.8	99.8	99.1	99.9	99.9	99.9	99.7	-31.7761	4.55076	-18.3973	-15.9189	3.62937	-169.806	
0.231	5.8	0	6.4	12.9	14.3	4.6	7.6	0	3.5	3.1	8.3	43	19.3	31.15	28	27.5	100	64.9	99.9	99.8	99.8	99.1	99.9	99.9	99.9	99.7	-31.7761	4.55076	-18.3973	-15.9189	3.62937	-169.806	
0.241	5.6	0	6.2	13	14.3	4.5	7.4	0	3.4	3.2	8.1	43.4	19.3	31.35	28	27.5	99.9	65.6	99.9	99.8	99.9	98.6	99.9	99.9	99.9	99.9	-31.7951	4.50717	-18.3844	-16.0579	3.64597	-169.818	
0.251	5.6	0	6.2	13	14.3	4.5	7.4	0	3.4	3.2	8.1	43.4	19.3	31.35	28	27.5	99.9	65.6	99.9	99.8	99.9	98.6	99.9	99.9	99.9	99.9	-31.7951	4.50717	-18.3844	-16.0579	3.64597	-169.818	
0.261	5.6	0	6.2	13	14.3	4.5	7.4	0	3.4	3.2	8.1	43.4	19.3	31.35	28	27.5	99.9	65.6	99.9	99.8	99.9	98.6	99.9	99.9	99.9	99.9	-31.7951	4.50717	-18.3844	-16.0579	3.64597	-169.818	
0.271	5.6	0	6.2	13	14.3	4.5	7.4	0	3.4	3.2	8.1	43.4	19.3	31.35	28	27.5	99.9	65.6	99.9	99.8	99.9	98.6	99.9	99.9	99.9	99.9	-31.7951	4.50717	-18.3844	-16.0579	3.64597	-169.818	
0.281	5.6	0	6.2	13	14.3	4.5	7.4	0	3.4	3.2	8.1	43.4	19.3	31.35	28	27.5	99.9	65.6	99.9	99.8	99.9	98.6	99.9	99.9	99.9	99.9	-31.7951	4.50717	-18.3844	-16.0579	3.64597	-169.818	
0.29	5.6	0	6.2	13	14.3	4.5	7.4	0	3.4	3.2	8.1	43.4	19.3	31.35	28	27.5	99.9	65.6	99.9	99.8	99.9	98.6	99.9	99.9	99.9	99.9	-31.7951	4.50717	-18.3844	-16.0579	3.64597	-169.818	
0.3	5.6	0	6.2	13	14.3	4.5	7.4	0	3.4	3.2	8.1	43.4	19.3	31.35	28	27.5	99.9	65.6	99.9	99.8	99.9	98.6	99.9	99.9	99.9	99.9	-31.7951	4.50717	-18.3844	-16.0579	3.64597	-169.818	
0.31	5.6	0	6.2	13	14.3	4.5	7.4	0	3.4	3.2	8.1	43.4	19.3	31.35	28	27.5	99.9	65.6	99.9	99.8	99.9	98.6	99.9	99.9	99.9	99.9	-31.7951	4.50717	-18.3844	-16.0579	3.64597	-169.818	
0.32	5.6	0	6.2	13	14.3	4.5	7.4	0	3.4	3.2	8.1	43.4	19.3	31.35	28	27.5	99.9	65.6	99.9	99.8	99.9	98.6	99.9	99.9	99.9	99.9	-31.7951	4.50717	-18.3844	-16.0579	3.64597	-169.818	
0.33	5.6	0	6.2	13	14.3	4.5	7.4	0	3.4	3.2	8.1	43.4	19.3	31.35	28	27.5	99.9	65.6	99.9	99.8	99.9	98.6	99.9	99.9	99.9	99.9	-31.7951	4.50717	-18.3844	-16.0579	3.64597	-169.818	
0.34	5.6	0	6.2	13	14.3	4.5	7.4	0	3.4	3.2	8.1	43.4	19.3	31.35	28	27.5	99.9	65.6	99.9	99.8	99.9	98.6	99.9	99.9	99.9	99.9	-31.7951	4.50717	-18.3844	-16.0579	3.64597	-169.818	
0.35	5.6	0	6.2	13	14.3	4.5	7.4	0	3.4	3.2	8.1	43.4	19.3	31.35	28	27.5	99.9	65.6	99.9	99.8	99.9	98.6	99.9	99.9	99.9	99.9	-31.7951	4.50717	-18.3844	-16.0579	3.64597	-169.818	
0.36	5.6	0	6.2	13	14.3	4.5	7.4	0	3.4	3.2	8.1	43.4	19.3	31.35	28	27.5	99.9	65.6	99.9	99.8	99.9	98.6	99.9	99.9	99.9	99.9	-31.7951	4.50717	-18.3844	-16.0579	3.64597	-169.818	
0.37	5.6	0	6.2	13	14.3	4.5	7.4	0	3.4	3.2	8.1	43.4	19.3	31.35	28	27.5	99.9	65.6	99.9	99.8	99.9	98.6	99.9	99.9	99.9	99.9	-31.7951	4.50717	-18.3844	-16.0579	3.64597	-169.818	
0.38	5.6	0	6.2	13	14.3	4.5	7.4	0	3.4	3.2	8.1	43.4	19.3	31.35	28	27.5	99.9	65.6	99.9	99.8	99.9	98.6	99.9	99.9	99.9	99.9	-31.7951	4.50717	-18.3844	-16.0579	3.64597	-169.818	
0.39	5.6	0	6.2	13	14.3	4.5	7.4	0	3.4	3.2	8.1	43.4	19.3	31.35	28	27.5	99.9	65.6	99.9	99.8	99.9	98.6	99.9	99.9	99.9	99.9	-31.7951	4.50717	-18.3844	-16.0579	3.64597	-169.818	
0.4	5.6	0	6.2	13	14.3	4.5	7.4	0	3.4	3.2	8.1	43.4	19.3	31.35	28	27.5	99.9	65.6	99.9	99.8	99.9	98.6	99.9	99.9	99.9	99.9	-31.7951	4.50717	-18.3844	-16.0579	3.64597	-169.818	
0.41	5.6	0	6.2	13	14.3	4.5	7.4	0	3.4	3.2	8.1	43.4	19.3	31.35	28	27.5	99.9	65.6	99.9	99.8	99.9	98.6	99.9	99.9	99.9	99.9	-31.7951	4.50717	-18.3844	-16.0579	3.64597	-169.818	
0.42	5.6	0	6.2	13	14.3	4.5	7.4	0	3.4	3.2	8.1	43.4	19.3	31.35	28	27.5	99.9	65.6	99.9	99.8	99.9	98.6	99.9	99.9	99.9	99.9	-31.7951	4.50717	-18.3844	-16.0579	3.64597	-169.818	
0.43	5.6	0	6.2	13	14.3	4.5	7.4	0	3.4	3.2	8.1	43.4	19.3	31.35	28	27.5	99.9	65.6	99.9	99.8	99.9	98.6	99.9	99.9	99.9	99.9	-31.7951	4.50717	-18.3844	-16.0579	3.64597	-169.818	
0.44	5.6	0	6.2	13	14.3	4.5	7.4	0	3.4	3.2	8.1	43.4	19.3	31.35	28	27.5	99.9	65.6	99.9	99.8	99.9	98.6	99.9	99.9	99.9	99.9	-31.7951	4.50717	-18.3844	-16.0579	3.64597	-169.818	
0.45	5.6	0	6.2	13	14.3	4.5	7.4	0	3.4	3.2	8.1	43.4	19.3	31.35	28	27.5	99.9	65.6	99.9	99.8	99.9	98.6	99.9	99.9	99.9	99.9	-31.7951	4.50717	-18.3844	-16.0579	3.64597	-169.818	
0.46	5.6	0	6.2	13	14.3	4.5	7.4	0	3.4	3.2	8.1	43.4	19.3	31.35	28	27.5	99.9	65.6	99.9	99.8	99.9	98.6	99.9	99.9	99.9	99.9	-31.7951	4.50717	-18.3844	-16.0579	3.64597	-169.818	
0.47	5.6	0	6.2	13	14.3	4.5	7.4	0	3.4	3.2	8.1	43.4	19.3	31.35	28	27.5	99.9	65.6	99.9	99.8	99.9	98.6	99.9	99.9	99.9	99.9	-31.7951	4.50717	-18.3844	-16.0579	3.64597	-169.818	
0.48	5.6	0	6.2	13	14.3	4.5	7.4	0	3.4	3.2	8.1	43.4	19.3	31.35	28	27.5	99.9	65.6	99.9	99.8	99.9	98.6	99.9	99.9	99.9	99.9	-31.7951	4.50717	-18.3844	-16.0579	3.64597	-169.818	
0.49	5.6	0	6.2	13	14.3	4.5	7.4	0	3.4	3.2	8.1	43.4	19.3	31.35	28	27.5	99.9	65.6	99.9	99.8	99.9	98.6	99.9	99.9	99.9	99.9	-31.7951	4.50717	-18.3844	-16.0579	3.64597	-169.818	
0.5	5.6	0	6.2	13	14.3	4.5	7.4	0	3.4	3.2	8.1	43.4	19.3	31.35	28	27.5	99.9	65.6	99.9	99.8	99.9	98.6	99.9	99.9	99.9	99.9	-31.7951	4.50717	-18.3844	-16.0579	3.64597	-169.818	
0.51	5.6	0	6.2	13	14.3	4.5	7.4	0	3.4	3.2	8.1	43.4	19.3	31.35	28	27.5	99.9	65.6	99.9	99.8	99.9	98.6	99.9	99.9	99.9	99.9	-31.7951	4.50717	-18.3844	-16.0579	3.64597	-169.818	
0.52	5.6	0	6.2	13	14.3	4.5	7.4	0	3.4	3.2	8.1	43.4	19.3	31.35	28	27.5	99.9	65.6	99.9	99.8	99.9	98.6	99.9	99.9	99.9	99.9	-31.7951	4.50717	-18.3844	-16.0579	3.64597	-169.818	
0.53	5.6	0	6.2	13	14.3	4.5	7.4	0	3.4	3.2	8.1	43.4	19.3	31.35	28	27.5	99.9	65.6	99.9	99.8	99.9	98.6	99.9	99.9	99.9	99.9	-31.7951	4.50717	-18.3844	-16.0579	3.64597	-169.818	
0.54	5.6	0	6.2	13	14.3	4.5	7.4	0	3.4	3.2	8.1	43.4	19.3	31.35	28	27.5	99.9	65.6	99.9	99.8	99.9	98.6	99.9	99.9	99.9	99.9	-31.7951	4.50717	-18.3844	-16.0579	3.64597	-169.818	
0.55	5.6	0	6.2	13	14.3	4.5	7.4	0	3.4	3.2	8.1	43.4	19.3	31.35	28	27.5	99.9	65.6	99.9	99.8	99.9	98.6	99.9	99.9	99.9	99.9	-31.7951	4.50717	-18.3844	-16.0579	3.64597	-169.818	
0.56	5.6	0	6.2	13	14.3	4.5	7.4	0	3.4	3.2	8.1	43.4	19.3	31.35	28	27.5	99.9	65.6	99.9	99.8	99.9	98.6	99.9	99.9	99.9	99.9	-31.7951	4.50717	-18.3844	-16.0579	3.64597	-169.818	
0.57	5.6	0	6.2	13	14.3	4.5	7.4	0	3.4	3.2	8.1	43.4	19.3	31.35	28	27.5	99.9	65.6	99.9	99.8	99.9	98.6	99.9	99.9	99.9	99.9	-31.7951	4.50717	-18.3844	-16.0579	3.64597	-169.818	
0.58	5.6	0	6.2	13	14.3	4.5	7.4	0	3.4	3.2	8.1	43.4	19.3	31.35	28	27.5	99.9	65.6	99.9	99.8	99.9	98.6	99.9	99.9	99.9	99.9	-31.7951	4.50717	-18.3844	-16.0579	3.64597	-169.818	
0.59	5.6	0	6.2	13	14.3	4.5	7.4	0	3.4	3.2	8.1	43.4	19.3	31.35	28	27.5	99.9	65.6	99.9	99.8	99.9	98.6	99.9	99.9	99.9	99.9	-31.7951	4.50717	-18.3844	-16.0579	3.64597	-169.818	
0.6	5.6	0	6.2	13	14.3	4.5	7.4	0	3.4	3.2	8.1	43.4	19.3	31.35	28	27.5	99.9	65.6	99.9	99.8	99.9	98.6	99.9	99.9	99.9	99.9	-31.7951	4.50717	-18.3844	-16.0579	3.64597	-169.818	
0.61	5.5	0	6	12.7	14.2	4.3	7.4	0	3.4	3.2	7.5	42.8	19.3	31.05	27.9	27.9	99.9	64.7	99.9	99.9	99.9	98.8	99.4	99.7	99.9	99.9	-31.7483	4.38775	-18.4213	-16.0576	3.6599	-169.771	
0.62	5.5	0	6	12.7	14.2	4.3	7.4	0	3.4	3.2	7.5	42.8	19.3	31.05	27.9	27.9	99.9	64.7	99.9	99.9	99.9	98.8	99.4	99.7	99.9	99.9	-31.7483	4.38775	-18.4213	-16.0576	3.6599	-169.771	
0.63	5.5	0	6	12.7	14.2	4.3	7.4	0	3.4	3.2	7.5	42.8	19.3	31.05	27.9	27.9	99.9	64.7	99.9	99.9	99.9	98.8	99.4	99.7	99.9	99.9	-31.7483	4.38775	-18.4213	-16.0576	3.6599	-169.771	
0.64	5.5	0	6	12.7	14.2	4.3	7.4	0	3.4	3.2	7.5	42.8	19.3	31.05	27.9	27.9	99.9	64.7	99.9	99.9	99.9	98.8	99.4	99.7	99.9	99.9	-31.7483	4.38775	-18.4213	-16.0576	3.6599	-169.771	
0.65	5.5	0	6	12.7	14.2	4.3	7.4	0	3.4	3.2	7.5	42.8	19.3	31.05	27.9	27.9	99.9	64.7	99.9	99.9	99.9	98.8	99.4	99.7	99.9	99.9	-31.7483	4.38775	-18.4213	-16.0576	3.6599	-169.771	
0.66	5.5	0	6	12.7	14.2	4.3	7.4	0	3.4	3.2	7.5	42.8	19.3	31.05	27.9	27.9	99.9	64.7	99.9	99.9	99.9	98.8	99.4	99.7	99.9	99.9	-31.7483	4.38775	-18.4213	-16.0576	3.6599	-169.771	
0.67	5.5	0	6	12.7	14.2	4.3	7.4	0	3.4	3.2	7.5	42.8	19.3	31.05	27.9	27.9	99.9	64.7	99.9	99.9	99.9	98.8	99.4	99.7	99.9	99.9	-31.7483	4.38775	-18.4213	-16.0576	3.6599	-169.771	
0.68	5.5	0	6	12.7	14.2	4.3	7.4	0	3.4	3.2	7.5	42.8	19.3	31.05	27.9	27.9	99.9	64.7	99.9	99.9	99.9	98.8	99.4	99.7	99.9	99.9	-31.7483	4.38775	-18.4213	-16.0576	3.6599	-169.771	
0.69	5.5	0	6	12.7	14.2	4.3	7.4	0	3.4	3.2	7.5	42.8	19.3	31.05	27.9	27.9	99.9	64.7	99.9	99.9	99.9	98.8	99.4	99.7	99.9	99.9	-31.7483	4.38775	-18.4213	-16.0576	3.6599	-169.771	
0.7	5.5	0	6	12.7	14.2	4.3	7.4	0	3.4	3.2	7.5	42.8	19.3	31.05	27.9	27.9	99.9	64.7	99.9	99.9	99.9	98.8	99.4	99.7	99.9	99.9	-31.7483	4.38775	-18.4213	-16.0576	3.6599	-169.771	
0.71	5.5	0	6	12.7	14.2	4.3	7.4	0	3.4	3.2	7.5	42.8	19.3	31.05	27.9	27.9	99.9	64.7	99.9	99.9	99.9	98.8	99.4	99.7	99.9	99.9	-31.7483	4.38775	-18.4213	-16.0576	3.6599	-169.771	
0.72	5.5	0	6	12.7	14.2	4.3	7.4	0	3.4	3.2	7.5	42.8	19.3	31.05	27.9	27.9	99.9	64.7	99.9	99.9	99.9	98.8	99.4	99.7	99.9	99.9	-31.7483	4.38775	-18.4213	-16.0576	3.6599	-169.771	
0.73	5.5	0	6	12.7	14.2	4.3	7.4	0	3.4	3.2	7.5	42.8	19.3	31.05	27.9	27.9	99.9	64.7	99.9	99.9	99.9	98.8	99.4	99.7	99.9	99.9	-31.7483	4.38775	-18.4213	-16.0576	3.6599	-169.771	
0.74	5.5	0	6	12.7	14.2	4.3	7.4	0	3.4	3.2	7.5	42.8	19.3	31.05	27.9	27.9	99.9	64.7	99.9	99.9	99.9	98.8	99.4	99.7	99.9	99.9	-31.7483	4.38775	-18.4213	-16.0576	3.6599	-169.771	
0.75	5.5	0	6	12.7	14.2	4.3	7.4	0	3.4	3.2	7.5	42.8	19.3	31.05	27.9	27.9	99.9	64.7	99.9	99.9	99.9	98.8	99.4	99.7	99.9	99.9	-31.7483	4.38775	-18.4213	-16.0576	3.6599	-169.771	
0.76	5.5	0	6	12.7	14.2	4.3	7.4	0	3.4	3.2	7.5	42.8	19.3	31.05	27.9	27.9	99.9	64.7	99.9	99.9	99.9	98.8	99.4	99.7	99.9	99.9	-31.7483	4.38775	-18.4213	-16.0576	3.6599	-169.771	
0.77	5.5	0	6	12.7	14.2	4.3	7.4	0	3.4	3.2	7.5	42.8	19.3	31.05	27.9	27.9	99.9	64.7	99.9	99.9	99.9	98.8	99.4	99.7	99.9	99.9	-31.7483	4.38775	-18.4213	-16.0576	3.6599	-169.771	
0.78	5.5	0	6	12.7	14.2	4.3	7.4	0	3.4	3.2	7.5	42.8	19.3	31.05	27.9	27.9	99.9	64.7	99.9	99.9	99.9	98.8	99.4	99.7	99.9	99.9	-31.7483	4.38775	-18.4213	-16.0576	3.6599	-169.771	
0.79	5.5	0	6	12.7	14.2	4.3	7.4	0	3.4	3.2	7.5	42.8	19.3	31.05	27.9	27.9	99.9	64.7	99.9	99.9	99.9	98.8	99.4	99.7	99.9	99.9	-31.7483	4.38775	-18.4213	-16.0576	3.6599	-169.771	
0.8	5.5	0	6	12.7	14.2	4.3	7.4	0	3.4	3.2	7.5	42.8	19.3	31.05	27.9	27.9	99.9	64.7	99.9	99.9	99.9	98.8	99.4	99.7	99.9	99.9	-31.7483	4.38775	-18.4213	-16.0576	3.6599	-169.771	
0.81	5.5	0	6	12.7	14.2	4.3	7.4	0	3.4	3.2	7.5	42.8	19.3	31.05	27.9	27.9	99.9	64.7	99.9	99.9	99.9	98.8	99.4	99.7	99.9	99.9	-31.7483	4.38775	-18.4213	-16.0576	3.6599	-169.771	
0.82	5.5	0	6	12.7	14.2	4.3	7.4	0	3.4	3.2	7.5	42.8	19.3	31.05	27.9	27.9	99.9	64.7	99.9	99.9	99.9	98.8	99.4	99.7	99.9	99.9	-31.7483	4.38775	-18.4213	-16.0576	3.6599	-169.771	
0.83	5.5	0	6	12.7	14.2	4.3	7.4	0	3.4	3.2	7.5	42.8	19.3	31.05	27.9	27.9	99.9	64.7	99.9	99.9	99.9	98.8	99.4	99.7	99.9	99.9	-31.7483	4.38775	-18.4213	-16.0576	3.6599	-169.771	
0.84	5.5	0	6	12.7	14.2	4.3	7.4	0	3.4	3.2	7.5	42.8	19.3	31.05	27.9	27.9	99.9	64.7	99.9	99.9	99.9	98.8	99.4	99.7	99.9	99.9	-31.7483	4.38775	-18.4213	-16.0576	3.6599	-169.771	
0.85	5.5	0	6	12.7	14.2	4.3	7.4	0	3.4	3.2	7.5	42.8	19.3	31.05	27.9	27.9	99.9	64.7	99.9	99.9	99.9	98.8	99.4	99.7	99.9	99.9	-31.7483	4.38775	-18.4213	-16.0576	3.6599	-169.771	
0.86	5.5	0	6	12.7	14.2	4.3	7.4	0	3.4	3.2	7.5	42.8	19.3	31.05	27.9	27.9	99.9	64.7	99.9	99.9	99.9	98.8	99.4	99.7	99.9	99.9	-31.7483	4.38775	-18.4213	-16.0576	3.6599	-169.771	
0.87	5.5	0	6	12.7	14.2	4.3	7.4	0	3.4	3.2	7.5	42.8	19.3	31.05	27.9	27.9	99.9	64.7	99.9	99.9	99.9	98.8	99.4	99.7	99.9	99.9	-31.7483	4.38775	-18.4213	-16.0576	3.6599	-169.771	
0.88	5.5	0	6	12.7	14.2	4.3	7.4	0	3.4	3.2	7.5	42.8	19.3	31.05	27.9	27.9	99.9	64.7	99.9	99.9	99.9	98.8	99.4	99.7	99.9	99.9	-31.7483	4.38775	-18.4213	-16.0576	3.6599	-169.771	
0.89	5.5	0	6	12.7	14.2	4.3	7.4	0	3.4	3.2	7.5	42.8	19.3	31.05	27.9	27.9	99.9	64.7	99.9	99.9	99.9	98.8	99.4	99.7	99.9	99.9	-31.7483	4.38775	-18.4213	-16.0576	3.6599	-169.771	
0.9	5.5	0	6	12.7	14.2	4.3	7.4	0	3.4	3.2	7.5	42.8	19.3	31.05	27.9	27.9	99.9	64.7	99.9	99.9	99.9	98.8	99.4	99.7	99.9	99.9	-31.7483	4.38775	-18.4213	-16.0576	3.6599	-169.771	
0.91	5.5	0	6	12.7	14.2	4.3	7.4	0	3.4	3.2	7.5	42.8	19.3	31.05	27.9	27.9	99.9	64.7	99.9	99.9	99.9	98.8	99.4	99.7	99.9	99.9	-31.7483	4.38775	-18.4213	-16.0576	3.6599	-169.771	
0.92	5.5	0	6	12.7	14.2	4.3	7.4	0	3.4	3.2	7.5	42.8	19.3	31.05	27.9	27.9	99.9	64.7	99.9	99.9	99.9	98.8	99.4	99.7	99.9	99.9	-31.7483	4.38775	-18.4213	-16.0576	3.6599	-169.771	
0.93	5.5	0	6	12.7	14.2	4.3	7.4	0	3.4	3.2	7.5	42.8	19.3	31.05	27.9	27.9	99.9	64.7	99.9	99.9	99.9	98.8	99.4	99.7	99.9	99.9	-31.7483	4.38775	-18.4213	-16.0576	3.6599	-169.771	
0.94	5.5	0	6	12.7	14.2	4.3	7.4	0	3.4	3.2	7.5	42.8	19.3	31.05	27.9	27.9	99.9	64.7	99.9	99.9	99.9	98.8	99.4	99.7	99.9	99.9	-31.7483	4.38775	-18.4213	-16.0576	3.6599	-169.771	
0.95	5.5	0	6	12.7	14.2	4.3	7.4	0	3.4	3.2	7.5	42.8	19.3	31.05	27.9	27.9	99.9	64.7	99.9	99.9	99.9	98.8	99.4	99.7	99.9	99.9	-31.7483	4.38775	-18.4213	-16.0576	3.6599	-169.771	
0.96	5.5	0	6	12.7	14.2	4.3	7.4	0	3.4	3.2	7.5	42.8	19.3	31.05	27.9	27.9	99.9	64.7	99.9	99.9	99.9	98.8	99.4	99.7	99.9	99.9	-31.7483	4.38775	-18.4213	-16.0576	3.6599	-169.771	
0.97	5.7	0	5.9	12.6	14.2	4.2	7.4	0	3.3	3.1	7.7	42.8	19.4	31.1	27.9	27.8	100	65.1	99.9	99.8	99.9	99.7	99.9	99.9	99.7	99.3	-31.7153	4.35058	-18.4132	-15.8813	3.67989	-169.738	
0.98	5.7	0	5.9	12.6	14.4	4.2	7.2	0	3.3	3.1	7.6	42.3	19.4	30.85	27.9	27.6	100	64.2	99.9	99.8	99.9	98.8	99.4	99.9	99.9	99.9	-31.7438	4.37527	-18.4154	-15.8504	3.66842	-169.736	
0.99	5.7	0	5.9	12.6	14.4	4.2	7.2	0	3.3	3.1	7.6	42.3	19.4	30.85	27.9	27.6	100	64.2	99.9	99.8	99.9	98.8	99.4	99.9	99.9	99.9	-31.7438	4.37527	-18.4154	-15.8504	3.66842	-169.736	
1	5.7	0	5.9	12.6	14.4	4.2	7.2	0	3.3	3.1	7.6	42.3	19.4	30.85	27.9	27.6	100	64.2	99.9	99.8	99.9	98.8	99.4	99.9	99.9	99.9	-31.7438	4.37527	-18.4154	-15.8504	3.66842	-169.736	
1.01	5.7	0	5.9	12.6	14.4	4.2	7.2	0	3.3	3.1	7.6	42.3	19.4	30.85	27.9	27.6	100	64.2	99.9	99.8	99.9	98.8	99.4	99.9	99.9	99.9	-31.7438	4.37527	-18.4154	-15.8504	3.66842	-169.736	
1.02	5.7	0	5.9	12.6	14.4	4.2	7.2	0	3.3	3.1	7.6	42.3	19.4	30.85	27.9	27.6	100	64.2	99.9	99.8	99.9	98.8	99.4	99.9	99.9	99.9	-31.7438	4.37527	-18.4154	-15.8504	3.66842	-169.736	
1.03	5.7	0	5.9	12.6	14.4	4.2	7.2	0	3.3	3.1	7.6	42.3	19.4	30.85	27.9	27.6	100	64.2	99.9	99.8	99.9	98.8	99.4	99.9	99.9	99.9	-31.7438	4.37527	-18.4154	-15.8504	3.66842	-169.736	
1.04	5.7	0	5.9	12.6	14.4	4.2	7.2	0	3.3	3.1	7.6	42.3	19.4	30.85	27.9	27.6	100	64.2	99.9	99.8	99.9	98.8	99.4	99.9	99.9	99.9	-31.7438	4.37527	-18.4154	-15.8504	3.66842	-169.736	
1.05	5.7	0	5.9	12.6	14.4	4.2	7.2	0	3.3	3.1	7.6	42.3	19.4	30.85	27.9	27.6	100	64.2	99.9	99.8	99.9	98.8	99.4	99.9	99.9	99.9	-31.7438	4.37527	-18.4154	-15.8504	3.66842	-169.736	
1.06	5.7	0	5.9	12.6	14.4	4.2	7.2	0	3.3	3.1	7.6	42.3	19.4	30.85	27.9	27.6	100	64.2	99.9	99.8	99.9	98.8	99.4	99.9	99.9	99.9	-31.7438	4.37527	-18.4154	-15.8504	3.66842	-169.736	
1.07	5.7	0	5.9	12.6	14.4	4.2	7.2	0	3.3	3.1	7.6	42.3	19.4	30.85	27.9	27.6	100	64.2	99.9	99.8	99.9	98.8	99.4	99.9	99.9	99.9	-31.7438	4.37527	-18.4154	-15.8504	3.66842	-169.736	
1.08	5.7	0	5.9	12.6	14.4	4.2	7.2	0	3.3	3.1	7.6	42.3	19.4	30.85	27.9	27.6	100	64.2	99.9	99.8	99.9	98.8	99.4	99.9	99.9	99.9	-31.7438	4.37527	-18.4154	-15.8504	3.66842	-169.736	
1.09	5.7	0	5.9	12.6	14.4	4.2	7.2	0	3.3	3.1	7.6	42.3	19.4	30.85	27.9	27.6	100	64.2	99.9	99.8	99.9	98.8	99.4	99.9	99.9	99.9	-31.7438	4.37527	-18.4154	-15.8504	3.66842	-169.736	
1.1	5.7	0	5.9	12.6	14.4	4.2	7.2	0	3.3	3.1	7.6	42.3	19.4	30.85	27.9	27.6	100	64.2	99.9	99.8	99.9	98.8	99.4	99.9	99.9	99.9	-31.7438	4.37527	-18.4154	-15.8504	3.66842	-169.736	
1.11	5.7	0	5.9	12.6	14.4	4.2	7.2	0	3.3	3.1	7.6	42.3	19.4	30.85	27.9	27.6	100	64.2	99.9	99.8	99.9	98.8	99.4	99.9	99.9	99.9	-31.7438	4.37527	-18.4154	-15.8504	3.66842	-169.736	
1.12	5.7	0	5.9	12.6	14.4	4.2	7.2	0	3.3	3.1	7.6	42.3	19.4	30.85	27.9	27.6	100	64.2	99.9	99.8	99.9	98.8	99.4	99.9	99.9	99.9	-31.7438	4.37527	-18.4154	-15.8504	3.66842	-169.736	
1.13	5.7	0	5.9	12.6	14.4	4.2	7.2	0	3.3	3.1	7.6	42.3	19.4	30.85	27.9	27.6	100	64.2	99.9	99.8	99.9	98.8	99.4	99.9	99.9	99.9	-31.7438	4.37527	-18.4154	-15.8504	3.66842	-169.736	
1.14	5.7	0	5.9	12.6	14.4	4.2	7.2	0	3.3	3.1	7.6	42.3	19.4	30.85	27.9	27.6	100	64.2	99.9	99.8	99.9	98.8	99.4	99.9	99.9	99.9	-31.7438	4.37527	-18.4154	-15.8504	3.66842	-169.736	
1.15	5.7	0	5.9	12.6	14.4	4.2	7.2	0	3.3	3.1	7.6	42.3	19.4	30.85	27.9	27.6	100	64.2	99.9	99.8	99.9	98.8	99.4	99.9	99.9	99.9	-31.7438	4.37527	-18.4154	-15.8504	3.66842	-169.736	
1.16	5.7	0	5.9	12.6	14.4	4.2	7.2	0	3.3	3.1	7.6	42.3	19.4	30.85	27.9	27.6	100	64.2	99.9	99.8	99.9	98.8	99.4	99.9	99.9	99.9	-31.7438	4.37527	-18.4154	-15.8504	3.66842	-169.736	
1.17	5.7	0	5.9	12.6	14.4	4.2	7.2	0	3.3	3.1	7.6	42.3	19.4	30.85	27.9	27.6	100	64.2	99.9	99.8	99.9	98.8	99.4	99.9	99.9	99.9	-31.7438	4.37527	-18.4154	-15.8504	3.66842	-169.736	
1.18	5.7	0	5.9	12.6	14.4	4.2	7.2	0	3.3	3.1	7.6	42.3	19.4	30.85	27.9	27.6	100	64.2	99.9	99.8	99.9	98.8	99.4	99.9	99.9	99.9	-31.7438	4.37527	-18.4154	-15.8504	3.66842	-169.736	
1.19	5.7	0	5.9	12.6	14.4	4.2	7.2	0	3.3	3.1	7.6	42.3	19.4	30.85	27.9	27.6	100	64.2	99.9	99.8	99.9	98.8	99.4	99.9	99.9	99.9	-31.7438	4.37527	-18.4154	-15.8504	3.66842	-169.736	
1.2	5.7	0	5.9	12.6	14.4	4.2	7.2	0	3.3	3.1	7.6	42.3	19.4	30.85	27.9	27.6	100	64.2	99.9	99.8	99.9	98.8	99.4	99.9	99.9	99.9	-31.7438	4.37527	-18.4154	-15.8504	3.66842	-169.736	
1.21	5.7	0	5.9	12.6	14.4	4.2	7.2	0	3.3	3.1	7.6	42.3	19.4	30.85	27.9	27.6	100	64.2	99.9	99.8	99.9	98.8	99.4	99.9	99.9	99.9	-31.7438	4.37527	-18.4154	-15.8504	3.66842	-169.736	
1.22	5.7	0	5.9	12.6	14.4	4.2	7.2	0	3.3	3.1	7.6	42.3	19.4	30.85	27.9	27.6	100	64.2	99.9	99.8	99.9	98.8	99.4	99.9	99.9	99.9	-31.7438	4.37527	-18.4154	-15.8504	3.66842	-169.736	
1.23	5.7	0	5.9	12.6	14.4	4.2	7.2	0	3.3	3.1	7.6	42.3	19.4	30.85	27.9	27.6	100	64.2	99.9	99.8	99.9	98.8	99.4	99.9	99.9	99.9	-31.7438	4.37527	-18.4154	-15.8504	3.66842	-169.736	
1.24	5.7	0	5.9	12.6	14.4	4.2	7.2	0	3.3	3.1	7.6	42.3	19.4	30.85	27.9	27.6	100	64.2	99.9	99.8	99.9	98.8	99.4	99.9	99.9	99.9	-31.7438	4.37527	-18.4154	-15.8504	3.66842	-169.736	
1.25	5.7	0	5.9	12.6	14.4	4.2	7.2	0	3.3	3.1	7.6	42.3	19.4	30.85	27.9	27.6	100	64.2	99.9	99.8	99.9	98.8	99.4	99.9	99.9	99.9	-31.7438	4.37527	-18.4154	-15.8504	3.66842	-169.736	
1.26	5.7	0	5.9	12.6	14.4	4.2	7.2	0	3.3	3.1	7.6	42.3	19.4	30.85	27.9	27.6	100	64.2	99.9	99.8	99.9	98.8	99.4	99.9	99.9	99.9	-31.7438	4.37527	-18.4154	-15.8504	3.66842	-169.736	
1.27	5.7	0	5.9	12.6	14.4	4.2	7.2	0	3.3	3.1	7.6	42.3	19.4	30.85	27.9	27.6	100	64.2	99.9	99.8	99.9	98.8	99.4	99.9	99.9	99.9	-31.7438	4.37527	-18.4154	-15.8504	3.66842	-169.736	
1.28	5.7	0	5.9	12.6	14.4	4.2	7.2	0	3.3	3.1	7.6	42.3	19.4	30.85	27.9	27.6	100	64.2	99.9	99.8	99.9	98.8	99.4	99.9	99.9	99.9	-31.7438	4.37527	-18.4154	-15.8504	3.66842	-169.736	
1.29	5.7	0	5.9	12.6	14.4	4.2	7.2	0	3.3	3.1	7.6	42.3	19.4	30.85	27.9	27.6	100	64.2	99.9	99.8	99.9	98.8	99.4	99.9	99.9	99.9	-31.7438	4.37527	-18.4154	-15.8504	3.66842	-169.736	
1.3	5.7	0	5.9	12.6	14.4	4.2	7.2	0	3.3	3.1	7.6	42.3	19.4	30.85	27.9	27.6	100	64.2	99.9	99.8	99.9	98.8	99.4	99.9	99.9	99.9	-31.7438	4.37527	-18.4154	-15.8504	3.66842	-169.736	
1.31	5.7	0	5.9	12.6	14.4	4.2	7.2	0	3.3	3.1	7.6	42.3	19.4	30.85	27.9	27.6	100	64.2	99.9	99.8	99.9	98.8	99.4	99.9	99.9	99.9	-31.7438	4.37527	-18.4154	-15.8504	3.66842	-169.736	
1.32	5.7	0	5.9	12.6	14.4	4.2	7.2	0	3.3	3.1	7.6	42.3	19.4	30.85	27.9	27.6	100	64.2	99.9	99.8	99.9	98.8	99.4	99.9	99.9	99.9	-31.7438	4.37527	-18.4154	-15.8504	3.66842	-169.736	
1.33	5.7	0	5.9	12.6	14.4	4.2	7.2	0	3.3	3.1	7.6	42.3	19.4	30.85	27.9	27.6	100	64.2	99.9	99.8	99.9	98.8	99.4	99.9	99.9	99.9	-31.7438	4.37527	-18.4154	-15.8504	3.66842	-169.736	
1.34	5.7	0	5.8	12.6	14.3	4.3	7.4	0	3.4	3.1	8.6	42.3	19.2	30.75	27.8	27.6	99.9	64.2	99.9	99.8	99.9	98.6	99.8	99.9	99.9	99.9	-31.7132	4.5299	-18.4135	-15.8765	3.73659	-169.735	
1.35	5.6	0	5.9	12.6	14.4	4.2	7.4	0	3.4	3.1	8	42.3	19.2	30.75	27.8	27.6	100	64.6	99.9	99.8	99.9	98.4	99.7	99.9	99.9	99.9	-31.6816	4.51057	-18.407	-15.7351	3.69138	-169.747	
1.36	5.6	0	5.9	12.6	14.4	4.2	7.4	0	3.4	3.1	8	42.3	19.2	30.75	27.8	27.6	100	64.6	99.9	99.8	99.9	98.4	99.7	99.9	99.9	99.9	-31.6816	4.51057	-18.407	-15.7351	3.69138	-169.747	
1.37	5.6	0	5.9	12.6	14.4	4.2	7.4	0	3.4	3.1	8	42.3	19.2	30.75	27.8	27.6	100	64.6	99.9	99.8	99.9	98.4	99.7	99.9	99.9	99.9	-31.6816	4.51057	-18.407	-15.7351	3.69138	-169.747	
1.38	5.6	0	5.9	12.6	14.4	4.2	7.4	0	3.4	3.1	8	42.3	19.2	30.75	27.8	27.6	100	64.6	99.9	99.8	99.9	98.4	99.7	99.9	99.9	99.9	-31.6816	4.51057	-18.407	-15.7351	3.69138	-169.747	
1.39	5.6	0	5.9	12.6	14.4	4.2	7.4	0	3.4	3.1	8	42.3	19.2	30.75	27.8	27.6	100	64.6	99.9	99.8	99.9	98.4	99.7	99.9	99.9	99.9	-31.6816	4.51057	-18.407	-15.7351	3.69138	-169.747	
1.4	5.6	0	5.9	12.6	14.4	4.2	7.4	0	3.4	3.1	8	42.3	19.2	30.75	27.8	27.6	100	64.6	99.9	99.8	99.9	98.4	99.7	99.9	99.9	99.9	-31.6816	4.51057	-18.407	-15.7351	3.69138	-169.747	
1.41	5.6	0	5.9	12.6	14.4	4.2	7.4	0	3.4	3.1	8	42.3	19.2	30.75	27.8	27.6	100	64.6	99.9	99.8	99.9	98.4	99.7	99.9	99.9	99.9	-31.6816	4.51057	-18.407	-15.7351	3.69138	-169.747	
1.42	5.6	0	5.9	12.6	14.4	4.2	7.4	0	3.4	3.1	8	42.3	19.2	30.75	27.8	27.6	100	64.6	99.9	99.8	99.9	98.4	99.7	99.9	99.9	99.9	-31.6816	4.51057	-18.407	-15.7351	3.69138	-169.747	
1.43	5.6	0	5.9	12.6	14.4	4.2	7.4	0	3.4	3.1	8	42.3	19.2	30.75	27.8	27.6	100	64.6	99.9	99.8	99.9	98.4	99.7	99.9	99.9	99.9	-31.6816	4.51057	-18.407	-15.7351	3.69138	-169.747	
1.44	5.6	0	5.9	12.6	14.4	4.2	7.4	0	3.4	3.1	8	42.3	19.2	30.75	27.8	27.6	100	64.6	99.9	99.8	99.9	98.4	99.7	99.9	99.9	99.9	-31.6816	4.51057	-18.407	-15.7351	3.69138	-169.747	
1.45	5.6	0	5.9	12.6	14.4	4.2	7.4	0	3.4	3.1	8	42.3	19.2	30.75	27.8	27.6	100	64.6	99.9	99.8	99.9	98.4	99.7	99.9	99.9	99.9	-31.6816	4.51057	-18.407	-15.7351	3.69138	-169.747	
1.46	5.6	0	5.9	12.6	14.4	4.2	7.4	0	3.4	3.1	8	42.3	19.2	30.75	27.8	27.6	100	64.6	99.9	99.8	99.9	98.4	99.7	99.9	99.9	99.9	-31.6816	4.51057	-18.407	-15.7351	3.69138	-169.747	
1.47	5.6	0	5.9	12.6	14.4	4.2	7.4	0	3.4	3.1	8	42.3	19.2	30.75	27.8	27.6	100	64.6	99.9	99.8	99.9	98.4	99.7	99.9	99.9	99.9	-31.6816	4.51057	-18.407	-15.7351	3.69138	-169.747	
1.48	5.6	0	5.9	12.6	14.4	4.2	7.4	0	3.4	3.1	8	42.3	19.2	30.75	27.8	27.6	100	64.6	99.9	99.8	99.9	98.4	99.7	99.9	99.9	99.9	-31.6816	4.51057	-18.407	-15.7351	3.69138	-169.747	
1.49	5.6	0	5.9	12.6	14.4	4.2	7.4	0	3.4	3.1	8	42.3	19.2	30.75	27.8	27.6	100	64.6	99.9	99.8	99.9	98.4	99.7	99.9	99.9	99.9	-31.6816	4.51057	-18.407	-15.7351	3.69138	-169.747	
1.5	5.6	0	5.9	12.6	14.4	4.2	7.4	0	3.4	3.1	8	42.3	19.2	30.75	27.8	27.6	100	64.6	99.9	99.8	99.9	98.4	99.7	99.9	99.9	99.9	-31.6816	4.51057	-18.407	-15.7351	3.69138	-169.747	
1.51	5.6	0	5.9	12.6	14.4	4.2	7.4	0	3.4	3.1	8	42.3	19.2	30.75	27.8	27.6	100	64.6	99.9	99.8	99.9	98.4	99.7	99.9	99.9	99.9	-31.6816	4.51057	-18.407	-15.7351	3.69138	-169.747	
1.52	5.6	0	5.9	12.6	14.4	4.2	7.4	0	3.4	3.1	8	42.3	19.2	30.75	27.8	27.6	100	64.6	99.9	99.8	99.9	98.4	99.7	99.9	99.9	99.9	-31.6816	4.51057	-18.407	-15.7351	3.69138	-169.747	
1.53	5.6	0	5.9	12.6	14.4	4.2	7.4	0	3.4	3.1	8	42.3	19.2	30.75	27.8	27.6	100	64.6	99.9	99.8	99.9	98.4	99.7	99.9	99.9	99.9	-31.6816	4.51057	-18.407	-15.7351	3.69138	-169.747	
1.54	5.6	0	5.9	12.6	14.4	4.2	7.4	0	3.4	3.1	8	42.3	19.2	30.75	27.8	27.6	100	64.6	99.9	99.8	99.9	98.4	99.7	99.9	99.9	99.9	-31.6816	4.51057	-18.407	-15.7351	3.69138	-169.747	
1.55	5.6	0	5.9	12.6	14.4	4.2	7.4	0	3.4	3.1	8	42.3	19.2	30.75	27.8	27.6	100	64.6	99.9	99.8	99.9	98.4	99.7	99.9	99.9	99.9	-31.6816	4.51057	-18.407	-15.7351	3.69138	-169.747	
1.56	5.6	0	5.9	12.6	14.4	4.2	7.4	0	3.4	3.1	8	42.3	19.2	30.75	27.8	27.6	100	64.6	99.9	99.8	99.9	98.4	99.7	99.9	99.9	99.9	-31.6816	4.51057	-18.407	-15.7351	3.69138	-169.747	
1.57	5.6	0	5.9	12.6	14.4	4.2	7.4	0	3.4	3.1	8	42.3	19.2	30.75	27.8	27.6	100	64.6	99.9	99.8	99.9	98.4	99.7	99.9	99.9	99.9	-31.6816	4.51057	-18.407	-15.7351	3.69138	-169.747	
1.58	5.6	0	5.9	12.6	14.4	4.2	7.4	0	3.4	3.1	8	42.3	19.2	30.75	27.8	27.6	100	64.6	99.9	99.8	99.9	98.4	99.7	99.9	99.9	99.9	-31.6816	4.51057	-18.407	-15.7351	3.69138	-169.747	
1.59	5.6	0	5.9	12.6	14.4	4.2	7.4	0	3.4	3.1	8	42.3	19.2	30.75	27.8	27.6	100	64.6	99.9	99.8	99.9	98.4	99.7	99.9	99.9	99.9	-31.6816	4.51057	-18.407	-15.7351	3.69138	-169.747	
1.6	5.6	0	5.9	12.6	14.4	4.2	7.4	0	3.4	3.1	8	42.3	19.2	30.75	27.8	27.6	100	64.6	99.9	99.8	99.9	98.4	99.7	99.9	99.9	99.9	-31.6816	4.51057	-18.407	-15.7351	3.69138	-169.747	
1.61	5.6	0	5.9	12.6	14.4	4.2	7.4	0	3.4	3.1	8	42.3	19.2	30.75	27.8	27.6	100	64.6	99.9	99.8	99.9	98.4	99.7	99.9	99.9	99.9	-31.6816	4.51057	-18.407	-15.7351	3.69138	-169.747	
1.62	5.6	0	5.9	12.6	14.4	4.2	7.4	0	3.4	3.1	8	42.3	19.2	30.75	27.8	27.6	100	64.6	99.9	99.8	99.9	98.4	99.7	99.9	99.9	99.9	-31.6816	4.51057	-18.407	-15.7351	3.69138	-169.747	
1.63	5.6	0	5.9	12.6	14.4	4.2	7.4	0	3.4	3.1	8	42.3	19.2	30.75	27.8	27.6	100	64.6	99.9	99.8	99.9	98.4	99.7	99.9	99.9	99.9	-31.6816	4.51057	-18.407	-15.7351	3.69138	-169.747	
1.64	5.6	0	5.9	12.6	14.4	4.2	7.4	0	3.4	3.1	8	42.3	19.2	30.75	27.8	27.6	100	64.6	99.9	99.8	99.9	98.4	99.7	99.9	99.9	99.9	-31.6816	4.51057	-18.407	-15.7351	3.69138	-169.747	
1.65	5.6	0	5.9	12.6	14.4	4.2	7.4	0	3.4	3.1	8	42.3	19.2	30.75	27.8	27.6	100	64.6	99.9	99.8	99.9	98.4	99.7	99.9	99.9	99.9	-31.6816	4.51057	-18.407	-15.7351	3.69138	-169.747	
1.66	5.6	0	5.9	12.6	14.4	4.2	7.4	0	3.4	3.1	8	42.3	19.2	30.75	27.8	27.6	100	64.6	99.9	99.8	99.9	98.4	99.7	99.9	99.9	99.9	-31.6816	4.51057	-18.407	-15.7351	3.69138	-169.747	
1.67	5.6	0	5.9	12.6	14.4	4.2	7.4	0	3.4	3.1	8	42.3	19.2	30.75	27.8	27.6	100	64.6	99.9	99.8	99.9	98.4	99.7	99.9	99.9	99.9	-31.6816	4.51057	-18.407	-15.7351	3.69138	-169.747	
1.68	5.6	0	5.9	12.6	14.4	4.2	7.4	0	3.4	3.1	8	42.3	19.2	30.75	27.8	27.6	100	64.6	99.9	99.8	99.9	98.4	99.7	99.9	99.9	99.9	-31.6816	4.51057	-18.407	-15.7351	3.69138	-169.747	
1.69	5.6	0	5.9	12.6	14.4	4.2	7.4	0	3.4	3.1	8	42.3	19.2	30.75	27.8	27.6	100	64.6	99.9	99.8	99.9	98.4	99.7	99.9	99.9	99.9	-31.6816	4.51057	-18.407	-15.7351	3.69138	-169.747	
1.7	5.6	0	5.9	12.6	14.4	4.2	7.4	0	3.4	3.1	8	42.3	19.2	30.75	27.8	27.6	100	64.6	99.9	99.8	99.9	98.4	99.7	99.9	99.9	99.9	-31.6816	4.51057	-18.407	-15.7351	3.69138	-169.747	
1.71	5.7	0	5.8	12.6	14.3	4.2	7.3	0	3.4	3.1	8.5	42.3	19.2	30.75	27.8	27.6	99.9	64.8	99.9	99.9	99.9	99.7	99.9	99.9	99.9	99.4	-31.6429	4.38227	-18.4053	-15.7714	3.72495	-169.748	
1.72	5.7	0	5.8	12.5	14.2	4	7.3	0	3.4	3.1	8.8	42.1	19.2	30.65	27.8	27.5	100	63.2	99.9	99.8	99.8	99.3	99.9	99.9	99.9	99.8	-31.4995	4.50806	-18.389	-15.8024	3.67408	-169.752	
