Hora de inicio de la toma de datos: 10:13:50
AT(s)	F1.1	F1.2	F2.1	F2.2	F3.1	F3.2	F4.1	F4.2	F5.1	F5.2	ABD1	ABD2	ABD3	ABD4	PA	TCO	P1	P2	P3	P4	P5	P6	P7	P8	P9	P10	HRoll	HPitch	HYaw	WRoll	WPitch	WYaw	
0.01	4.5	0	10.7	12.5	19.5	6.1	10	0	5	1.8	10.8	33.5	22.9	28.2	42.4	37.7	100	99.9	99.9	99.9	39.5	96.6	99.5	99.4	99.6	99.9	-14.5374	12.9175	8.46039	5.86406	5.74643	-154.58	
0.02	4.5	0	10.7	12.5	19.5	6.1	10	0	5	1.8	10.8	33.5	22.9	28.2	42.4	37.7	100	99.9	99.9	99.9	39.5	96.6	99.5	99.4	99.6	99.9	-14.5374	12.9175	8.46039	5.86406	5.74643	-154.58	
0.03	4.5	0	10.7	12.5	19.5	6.1	10	0	5	1.8	10.8	33.5	22.9	28.2	42.4	37.7	100	99.9	99.9	99.9	39.5	96.6	99.5	99.4	99.6	99.9	-14.5374	12.9175	8.46039	5.86406	5.74643	-154.58	
0.04	4.5	0	10.7	12.5	19.5	6.1	10	0	5	1.8	10.8	33.5	22.9	28.2	42.4	37.7	100	99.9	99.9	99.9	39.5	96.6	99.5	99.4	99.6	99.9	-14.5374	12.9175	8.46039	5.86406	5.74643	-154.58	
0.05	4.5	0	10.7	12.5	19.5	6.1	10	0	5	1.8	10.8	33.5	22.9	28.2	42.4	37.7	100	99.9	99.9	99.9	39.5	96.6	99.5	99.4	99.6	99.9	-14.5374	12.9175	8.46039	5.86406	5.74643	-154.58	
0.06	4.5	0	10.7	12.5	19.5	6.1	10	0	5	1.8	10.8	33.5	22.9	28.2	42.4	37.7	100	99.9	99.9	99.9	39.5	96.6	99.5	99.4	99.6	99.9	-14.5374	12.9175	8.46039	5.86406	5.74643	-154.58	
0.07	4.5	0	10.7	12.5	19.5	6.1	10	0	5	1.8	10.8	33.5	22.9	28.2	42.4	37.7	100	99.9	99.9	99.9	39.5	96.6	99.5	99.4	99.6	99.9	-14.5374	12.9175	8.46039	5.86406	5.74643	-154.58	
0.08	4.5	0	10.7	12.5	19.5	6.1	10	0	5	1.8	10.8	33.5	22.9	28.2	42.4	37.7	100	99.9	99.9	99.9	39.5	96.6	99.5	99.4	99.6	99.9	-14.5374	12.9175	8.46039	5.86406	5.74643	-154.58	
0.09	4.5	0	10.7	12.5	19.5	6.1	10	0	5	1.8	10.8	33.5	22.9	28.2	42.4	37.7	100	99.9	99.9	99.9	39.5	96.6	99.5	99.4	99.6	99.9	-14.5374	12.9175	8.46039	5.86406	5.74643	-154.58	
0.1	4.6	0	10.6	12.6	19.9	6.1	10.1	0	4.9	1.9	11.2	33.1	22.6	27.85	42	37.1	99.9	99.9	99.9	99.9	38.9	97.3	99.9	99.6	99.4	99.5	-14.4384	12.67	8.4947	5.96592	5.67759	-154.596	
0.11	4.6	0	10.6	12.6	19.9	6.1	10.1	0	4.9	1.9	11.2	33.1	22.6	27.85	42	37.1	99.9	99.9	99.9	99.9	38.9	97.3	99.9	99.6	99.4	99.5	-14.4384	12.67	8.4947	5.96592	5.67759	-154.596	
0.12	4.6	0	10.6	12.6	19.9	6.1	10.1	0	4.9	1.9	11.2	33.1	22.6	27.85	42	37.1	99.9	99.9	99.9	99.9	38.9	97.3	99.9	99.6	99.4	99.5	-14.4384	12.67	8.4947	5.96592	5.67759	-154.596	
0.13	4.6	0	10.6	12.6	19.9	6.1	10.1	0	4.9	1.9	11.2	33.1	22.6	27.85	42	37.1	99.9	99.9	99.9	99.9	38.9	97.3	99.9	99.6	99.4	99.5	-14.4384	12.67	8.4947	5.96592	5.67759	-154.596	
0.14	4.6	0	10.6	12.6	19.9	6.1	10.1	0	4.9	1.9	11.2	33.1	22.6	27.85	42	37.1	99.9	99.9	99.9	99.9	38.9	97.3	99.9	99.6	99.4	99.5	-14.4384	12.67	8.4947	5.96592	5.67759	-154.596	
0.15	4.6	0	10.6	12.6	19.9	6.1	10.1	0	4.9	1.9	11.2	33.1	22.6	27.85	42	37.1	99.9	99.9	99.9	99.9	38.9	97.3	99.9	99.6	99.4	99.5	-14.4384	12.67	8.4947	5.96592	5.67759	-154.596	
0.16	4.6	0	10.6	12.6	19.9	6.1	10.1	0	4.9	1.9	11.2	33.1	22.6	27.85	42	37.1	99.9	99.9	99.9	99.9	38.9	97.3	99.9	99.6	99.4	99.5	-14.4384	12.67	8.4947	5.96592	5.67759	-154.596	
0.171	4.6	0	10.6	12.6	19.9	6.1	10.1	0	4.9	1.9	11.2	33.1	22.6	27.85	42	37.1	99.9	99.9	99.9	99.9	38.9	97.3	99.9	99.6	99.4	99.5	-14.4384	12.67	8.4947	5.96592	5.67759	-154.596	
0.181	4.6	0	10.6	12.6	19.9	6.1	10.1	0	4.9	1.9	11.2	33.1	22.6	27.85	42	37.1	99.9	99.9	99.9	99.9	38.9	97.3	99.9	99.6	99.4	99.5	-14.4384	12.67	8.4947	5.96592	5.67759	-154.596	
0.191	4.6	0	10.6	12.6	19.9	6.1	10.1	0	4.9	1.9	11.2	33.1	22.6	27.85	42	37.1	99.9	99.9	99.9	99.9	38.9	97.3	99.9	99.6	99.4	99.5	-14.4384	12.67	8.4947	5.96592	5.67759	-154.596	
0.201	4.6	0	10.6	12.6	19.9	6.1	10.1	0	4.9	1.9	11.2	33.1	22.6	27.85	42	37.1	99.9	99.9	99.9	99.9	38.9	97.3	99.9	99.6	99.4	99.5	-14.4384	12.67	8.4947	5.96592	5.67759	-154.596	
0.211	4.6	0	10.6	12.6	19.9	6.1	10.1	0	4.9	1.9	11.2	33.1	22.6	27.85	42	37.1	99.9	99.9	99.9	99.9	38.9	97.3	99.9	99.6	99.4	99.5	-14.4384	12.67	8.4947	5.96592	5.67759	-154.596	
0.221	4.6	0	10.6	12.6	19.9	6.1	10.1	0	4.9	1.9	11.2	33.1	22.6	27.85	42	37.1	99.9	99.9	99.9	99.9	38.9	97.3	99.9	99.6	99.4	99.5	-14.4384	12.67	8.4947	5.96592	5.67759	-154.596	
0.231	4.6	0	10.6	12.6	19.9	6.1	10.1	0	4.9	1.9	11.2	33.1	22.6	27.85	42	37.1	99.9	99.9	99.9	99.9	38.9	97.3	99.9	99.6	99.4	99.5	-14.4384	12.67	8.4947	5.96592	5.67759	-154.596	
0.241	4.6	0	10.6	12.6	19.9	6.1	10.1	0	4.9	1.9	11.2	33.1	22.6	27.85	42	37.1	99.9	99.9	99.9	99.9	38.9	97.3	99.9	99.6	99.4	99.5	-14.4384	12.67	8.4947	5.96592	5.67759	-154.596	
0.251	4.6	0	10.6	12.6	19.9	6.1	10.1	0	4.9	1.9	11.2	33.1	22.6	27.85	42	37.1	99.9	99.9	99.9	99.9	38.9	97.3	99.9	99.6	99.4	99.5	-14.4384	12.67	8.4947	5.96592	5.67759	-154.596	
0.261	4.6	0	10.6	12.6	19.9	6.1	10.1	0	4.9	1.9	11.2	33.1	22.6	27.85	42	37.1	99.9	99.9	99.9	99.9	38.9	97.3	99.9	99.6	99.4	99.5	-14.4384	12.67	8.4947	5.96592	5.67759	-154.596	
0.271	4.6	0	10.6	12.6	19.9	6.1	10.1	0	4.9	1.9	11.2	33.1	22.6	27.85	42	37.1	99.9	99.9	99.9	99.9	38.9	97.3	99.9	99.6	99.4	99.5	-14.4384	12.67	8.4947	5.96592	5.67759	-154.596	
0.281	4.6	0	10.6	12.6	19.9	6.1	10.1	0	4.9	1.9	11.2	33.1	22.6	27.85	42	37.1	99.9	99.9	99.9	99.9	38.9	97.3	99.9	99.6	99.4	99.5	-14.4384	12.67	8.4947	5.96592	5.67759	-154.596	
0.29	4.6	0	10.6	12.6	19.9	6.1	10.1	0	4.9	1.9	11.2	33.1	22.6	27.85	42	37.1	99.9	99.9	99.9	99.9	38.9	97.3	99.9	99.6	99.4	99.5	-14.4384	12.67	8.4947	5.96592	5.67759	-154.596	
0.3	4.6	0	10.6	12.6	19.9	6.1	10.1	0	4.9	1.9	11.2	33.1	22.6	27.85	42	37.1	99.9	99.9	99.9	99.9	38.9	97.3	99.9	99.6	99.4	99.5	-14.4384	12.67	8.4947	5.96592	5.67759	-154.596	
0.31	4.6	0	10.6	12.6	19.9	6.1	10.1	0	4.9	1.9	11.2	33.1	22.6	27.85	42	37.1	99.9	99.9	99.9	99.9	38.9	97.3	99.9	99.6	99.4	99.5	-14.4384	12.67	8.4947	5.96592	5.67759	-154.596	
0.32	4.6	0	10.6	12.6	19.9	6.1	10.1	0	4.9	1.9	11.2	33.1	22.6	27.85	42	37.1	99.9	99.9	99.9	99.9	38.9	97.3	99.9	99.6	99.4	99.5	-14.4384	12.67	8.4947	5.96592	5.67759	-154.596	
0.33	4.6	0	10.6	12.6	19.9	6.1	10.1	0	4.9	1.9	11.2	33.1	22.6	27.85	42	37.1	99.9	99.9	99.9	99.9	38.9	97.3	99.9	99.6	99.4	99.5	-14.4384	12.67	8.4947	5.96592	5.67759	-154.596	
0.34	4.6	0	10.6	12.6	19.9	6.1	10.1	0	4.9	1.9	11.2	33.1	22.6	27.85	42	37.1	99.9	99.9	99.9	99.9	38.9	97.3	99.9	99.6	99.4	99.5	-14.4384	12.67	8.4947	5.96592	5.67759	-154.596	
0.35	4.6	0	10.6	12.6	19.9	6.1	10.1	0	4.9	1.9	11.2	33.1	22.6	27.85	42	37.1	99.9	99.9	99.9	99.9	38.9	97.3	99.9	99.6	99.4	99.5	-14.4384	12.67	8.4947	5.96592	5.67759	-154.596	
0.36	4.6	0	10.6	12.6	19.9	6.1	10.1	0	4.9	1.9	11.2	33.1	22.6	27.85	42	37.1	99.9	99.9	99.9	99.9	38.9	97.3	99.9	99.6	99.4	99.5	-14.4384	12.67	8.4947	5.96592	5.67759	-154.596	
0.37	4.6	0	10.6	12.6	19.9	6.1	10.1	0	4.9	1.9	11.2	33.1	22.6	27.85	42	37.1	99.9	99.9	99.9	99.9	38.9	97.3	99.9	99.6	99.4	99.5	-14.4384	12.67	8.4947	5.96592	5.67759	-154.596	
0.38	4.6	0	10.6	12.6	19.9	6.1	10.1	0	4.9	1.9	11.2	33.1	22.6	27.85	42	37.1	99.9	99.9	99.9	99.9	38.9	97.3	99.9	99.6	99.4	99.5	-14.4384	12.67	8.4947	5.96592	5.67759	-154.596	
0.39	4.6	0	10.6	12.6	19.9	6.1	10.1	0	4.9	1.9	11.2	33.1	22.6	27.85	42	37.1	99.9	99.9	99.9	99.9	38.9	97.3	99.9	99.6	99.4	99.5	-14.4384	12.67	8.4947	5.96592	5.67759	-154.596	
0.4	4.6	0	10.6	12.6	19.9	6.1	10.1	0	4.9	1.9	11.2	33.1	22.6	27.85	42	37.1	99.9	99.9	99.9	99.9	38.9	97.3	99.9	99.6	99.4	99.5	-14.4384	12.67	8.4947	5.96592	5.67759	-154.596	
0.41	4.6	0	10.6	12.6	19.9	6.1	10.1	0	4.9	1.9	11.2	33.1	22.6	27.85	42	37.1	99.9	99.9	99.9	99.9	38.9	97.3	99.9	99.6	99.4	99.5	-14.4384	12.67	8.4947	5.96592	5.67759	-154.596	
0.42	4.6	0	10.6	12.6	19.9	6.1	10.1	0	4.9	1.9	11.2	33.1	22.6	27.85	42	37.1	99.9	99.9	99.9	99.9	38.9	97.3	99.9	99.6	99.4	99.5	-14.4384	12.67	8.4947	5.96592	5.67759	-154.596	
0.43	4.6	0	10.6	12.6	19.9	6.1	10.1	0	4.9	1.9	11.2	33.1	22.6	27.85	42	37.1	99.9	99.9	99.9	99.9	38.9	97.3	99.9	99.6	99.4	99.5	-14.4384	12.67	8.4947	5.96592	5.67759	-154.596	
0.44	4.6	0	10.6	12.6	19.9	6.1	10.1	0	4.9	1.9	11.2	33.1	22.6	27.85	42	37.1	99.9	99.9	99.9	99.9	38.9	97.3	99.9	99.6	99.4	99.5	-14.4384	12.67	8.4947	5.96592	5.67759	-154.596	
0.45	4.6	0	10.6	12.6	19.9	6.1	10.1	0	4.9	1.9	11.2	33.1	22.6	27.85	42	37.1	99.9	99.9	99.9	99.9	38.9	97.3	99.9	99.6	99.4	99.5	-14.4384	12.67	8.4947	5.96592	5.67759	-154.596	
0.46	4.6	0	10.6	12.6	19.9	6.1	10.1	0	4.9	1.9	11.2	33.1	22.6	27.85	42	37.1	99.9	99.9	99.9	99.9	38.9	97.3	99.9	99.6	99.4	99.5	-14.4384	12.67	8.4947	5.96592	5.67759	-154.596	
0.47	4.5	0	10.6	12.5	19.6	6.2	10.1	0	5	2	11.6	33.1	22.5	27.8	41.3	36.3	99.9	99.9	99.9	99.9	39.3	96.5	99.6	99.9	99.9	99.9	-14.5678	12.4866	8.48572	5.92154	5.7554	-154.497	
0.48	4.5	0	10.6	12.5	19.6	6.2	10.1	0	5	2	11.6	33.1	22.5	27.8	41.3	36.3	99.9	99.9	99.9	99.9	39.3	96.5	99.6	99.9	99.9	99.9	-14.5678	12.4866	8.48572	5.92154	5.7554	-154.497	
0.49	4.5	0	10.6	12.5	19.6	6.2	10.1	0	5	2	11.6	33.1	22.5	27.8	41.3	36.3	99.9	99.9	99.9	99.9	39.3	96.5	99.6	99.9	99.9	99.9	-14.5678	12.4866	8.48572	5.92154	5.7554	-154.497	
0.5	4.5	0	10.6	12.5	19.6	6.2	10.1	0	5	2	11.6	33.1	22.5	27.8	41.3	36.3	99.9	99.9	99.9	99.9	39.3	96.5	99.6	99.9	99.9	99.9	-14.5678	12.4866	8.48572	5.92154	5.7554	-154.497	
0.51	4.5	0	10.6	12.5	19.6	6.2	10.1	0	5	2	11.6	33.1	22.5	27.8	41.3	36.3	99.9	99.9	99.9	99.9	39.3	96.5	99.6	99.9	99.9	99.9	-14.5678	12.4866	8.48572	5.92154	5.7554	-154.497	
0.52	4.5	0	10.6	12.5	19.6	6.2	10.1	0	5	2	11.6	33.1	22.5	27.8	41.3	36.3	99.9	99.9	99.9	99.9	39.3	96.5	99.6	99.9	99.9	99.9	-14.5678	12.4866	8.48572	5.92154	5.7554	-154.497	
0.53	4.5	0	10.6	12.5	19.6	6.2	10.1	0	5	2	11.6	33.1	22.5	27.8	41.3	36.3	99.9	99.9	99.9	99.9	39.3	96.5	99.6	99.9	99.9	99.9	-14.5678	12.4866	8.48572	5.92154	5.7554	-154.497	
0.54	4.5	0	10.6	12.5	19.6	6.2	10.1	0	5	2	11.6	33.1	22.5	27.8	41.3	36.3	99.9	99.9	99.9	99.9	39.3	96.5	99.6	99.9	99.9	99.9	-14.5678	12.4866	8.48572	5.92154	5.7554	-154.497	
0.55	4.5	0	10.6	12.5	19.6	6.2	10.1	0	5	2	11.6	33.1	22.5	27.8	41.3	36.3	99.9	99.9	99.9	99.9	39.3	96.5	99.6	99.9	99.9	99.9	-14.5678	12.4866	8.48572	5.92154	5.7554	-154.497	
0.56	4.5	0	10.6	12.5	19.6	6.2	10.1	0	5	2	11.6	33.1	22.5	27.8	41.3	36.3	99.9	99.9	99.9	99.9	39.3	96.5	99.6	99.9	99.9	99.9	-14.5678	12.4866	8.48572	5.92154	5.7554	-154.497	
0.57	4.5	0	10.6	12.5	19.6	6.2	10.1	0	5	2	11.6	33.1	22.5	27.8	41.3	36.3	99.9	99.9	99.9	99.9	39.3	96.5	99.6	99.9	99.9	99.9	-14.5678	12.4866	8.48572	5.92154	5.7554	-154.497	
0.58	4.5	0	10.6	12.5	19.6	6.2	10.1	0	5	2	11.6	33.1	22.5	27.8	41.3	36.3	99.9	99.9	99.9	99.9	39.3	96.5	99.6	99.9	99.9	99.9	-14.5678	12.4866	8.48572	5.92154	5.7554	-154.497	
0.59	4.5	0	10.6	12.5	19.6	6.2	10.1	0	5	2	11.6	33.1	22.5	27.8	41.3	36.3	99.9	99.9	99.9	99.9	39.3	96.5	99.6	99.9	99.9	99.9	-14.5678	12.4866	8.48572	5.92154	5.7554	-154.497	
0.6	4.5	0	10.6	12.5	19.6	6.2	10.1	0	5	2	11.6	33.1	22.5	27.8	41.3	36.3	99.9	99.9	99.9	99.9	39.3	96.5	99.6	99.9	99.9	99.9	-14.5678	12.4866	8.48572	5.92154	5.7554	-154.497	
0.61	4.5	0	10.6	12.5	19.6	6.2	10.1	0	5	2	11.6	33.1	22.5	27.8	41.3	36.3	99.9	99.9	99.9	99.9	39.3	96.5	99.6	99.9	99.9	99.9	-14.5678	12.4866	8.48572	5.92154	5.7554	-154.497	
0.62	4.5	0	10.6	12.5	19.6	6.2	10.1	0	5	2	11.6	33.1	22.5	27.8	41.3	36.3	99.9	99.9	99.9	99.9	39.3	96.5	99.6	99.9	99.9	99.9	-14.5678	12.4866	8.48572	5.92154	5.7554	-154.497	
0.63	4.5	0	10.6	12.5	19.6	6.2	10.1	0	5	2	11.6	33.1	22.5	27.8	41.3	36.3	99.9	99.9	99.9	99.9	39.3	96.5	99.6	99.9	99.9	99.9	-14.5678	12.4866	8.48572	5.92154	5.7554	-154.497	
0.64	4.5	0	10.6	12.5	19.6	6.2	10.1	0	5	2	11.6	33.1	22.5	27.8	41.3	36.3	99.9	99.9	99.9	99.9	39.3	96.5	99.6	99.9	99.9	99.9	-14.5678	12.4866	8.48572	5.92154	5.7554	-154.497	
0.65	4.5	0	10.6	12.5	19.6	6.2	10.1	0	5	2	11.6	33.1	22.5	27.8	41.3	36.3	99.9	99.9	99.9	99.9	39.3	96.5	99.6	99.9	99.9	99.9	-14.5678	12.4866	8.48572	5.92154	5.7554	-154.497	
0.66	4.5	0	10.6	12.5	19.6	6.2	10.1	0	5	2	11.6	33.1	22.5	27.8	41.3	36.3	99.9	99.9	99.9	99.9	39.3	96.5	99.6	99.9	99.9	99.9	-14.5678	12.4866	8.48572	5.92154	5.7554	-154.497	
0.67	4.5	0	10.6	12.5	19.6	6.2	10.1	0	5	2	11.6	33.1	22.5	27.8	41.3	36.3	99.9	99.9	99.9	99.9	39.3	96.5	99.6	99.9	99.9	99.9	-14.5678	12.4866	8.48572	5.92154	5.7554	-154.497	
0.68	4.5	0	10.6	12.5	19.6	6.2	10.1	0	5	2	11.6	33.1	22.5	27.8	41.3	36.3	99.9	99.9	99.9	99.9	39.3	96.5	99.6	99.9	99.9	99.9	-14.5678	12.4866	8.48572	5.92154	5.7554	-154.497	
0.69	4.5	0	10.6	12.5	19.6	6.2	10.1	0	5	2	11.6	33.1	22.5	27.8	41.3	36.3	99.9	99.9	99.9	99.9	39.3	96.5	99.6	99.9	99.9	99.9	-14.5678	12.4866	8.48572	5.92154	5.7554	-154.497	
0.7	4.5	0	10.6	12.5	19.6	6.2	10.1	0	5	2	11.6	33.1	22.5	27.8	41.3	36.3	99.9	99.9	99.9	99.9	39.3	96.5	99.6	99.9	99.9	99.9	-14.5678	12.4866	8.48572	5.92154	5.7554	-154.497	
0.71	4.5	0	10.6	12.5	19.6	6.2	10.1	0	5	2	11.6	33.1	22.5	27.8	41.3	36.3	99.9	99.9	99.9	99.9	39.3	96.5	99.6	99.9	99.9	99.9	-14.5678	12.4866	8.48572	5.92154	5.7554	-154.497	
0.72	4.5	0	10.6	12.5	19.6	6.2	10.1	0	5	2	11.6	33.1	22.5	27.8	41.3	36.3	99.9	99.9	99.9	99.9	39.3	96.5	99.6	99.9	99.9	99.9	-14.5678	12.4866	8.48572	5.92154	5.7554	-154.497	
0.73	4.5	0	10.6	12.5	19.6	6.2	10.1	0	5	2	11.6	33.1	22.5	27.8	41.3	36.3	99.9	99.9	99.9	99.9	39.3	96.5	99.6	99.9	99.9	99.9	-14.5678	12.4866	8.48572	5.92154	5.7554	-154.497	
0.74	4.5	0	10.6	12.5	19.6	6.2	10.1	0	5	2	11.6	33.1	22.5	27.8	41.3	36.3	99.9	99.9	99.9	99.9	39.3	96.5	99.6	99.9	99.9	99.9	-14.5678	12.4866	8.48572	5.92154	5.7554	-154.497	
0.75	4.5	0	10.6	12.5	19.6	6.2	10.1	0	5	2	11.6	33.1	22.5	27.8	41.3	36.3	99.9	99.9	99.9	99.9	39.3	96.5	99.6	99.9	99.9	99.9	-14.5678	12.4866	8.48572	5.92154	5.7554	-154.497	
0.76	4.5	0	10.6	12.5	19.6	6.2	10.1	0	5	2	11.6	33.1	22.5	27.8	41.3	36.3	99.9	99.9	99.9	99.9	39.3	96.5	99.6	99.9	99.9	99.9	-14.5678	12.4866	8.48572	5.92154	5.7554	-154.497	
0.77	4.5	0	10.6	12.5	19.6	6.2	10.1	0	5	2	11.6	33.1	22.5	27.8	41.3	36.3	99.9	99.9	99.9	99.9	39.3	96.5	99.6	99.9	99.9	99.9	-14.5678	12.4866	8.48572	5.92154	5.7554	-154.497	
0.78	4.5	0	10.6	12.5	19.6	6.2	10.1	0	5	2	11.6	33.1	22.5	27.8	41.3	36.3	99.9	99.9	99.9	99.9	39.3	96.5	99.6	99.9	99.9	99.9	-14.5678	12.4866	8.48572	5.92154	5.7554	-154.497	
0.79	4.5	0	10.6	12.5	19.6	6.2	10.1	0	5	2	11.6	33.1	22.5	27.8	41.3	36.3	99.9	99.9	99.9	99.9	39.3	96.5	99.6	99.9	99.9	99.9	-14.5678	12.4866	8.48572	5.92154	5.7554	-154.497	
0.8	4.5	0	10.6	12.5	19.6	6.2	10.1	0	5	2	11.6	33.1	22.5	27.8	41.3	36.3	99.9	99.9	99.9	99.9	39.3	96.5	99.6	99.9	99.9	99.9	-14.5678	12.4866	8.48572	5.92154	5.7554	-154.497	
0.81	4.5	0	10.6	12.5	19.6	6.2	10.1	0	5	2	11.6	33.1	22.5	27.8	41.3	36.3	99.9	99.9	99.9	99.9	39.3	96.5	99.6	99.9	99.9	99.9	-14.5678	12.4866	8.48572	5.92154	5.7554	-154.497	
0.82	4.5	0	10.6	12.5	19.6	6.2	10.1	0	5	2	11.6	33.1	22.5	27.8	41.3	36.3	99.9	99.9	99.9	99.9	39.3	96.5	99.6	99.9	99.9	99.9	-14.5678	12.4866	8.48572	5.92154	5.7554	-154.497	
0.83	4.5	0	10.6	12.5	19.6	6.2	10.1	0	5	2	11.6	33.1	22.5	27.8	41.3	36.3	99.9	99.9	99.9	99.9	39.3	96.5	99.6	99.9	99.9	99.9	-14.5678	12.4866	8.48572	5.92154	5.7554	-154.497	
0.84	4.5	0	10.5	12.5	19.3	6.2	10.1	0	5.5	2.1	11.3	33	22.7	27.85	40.3	36.2	100	99.9	99.9	99.8	40	97.5	99.9	99.8	99.4	99.5	-13.4237	12.9468	8.76356	7.0282	5.74046	-154.362	
0.85	4.5	0	10.5	12.5	19.3	6.2	10.1	0	5.5	2.1	11.3	33	22.7	27.85	40.3	36.2	100	99.9	99.9	99.8	40	97.5	99.9	99.8	99.4	99.5	-13.4237	12.9468	8.76356	7.0282	5.74046	-154.362	
0.86	4.5	0	10.5	12.5	19.3	6.2	10.1	0	5.5	2.1	11.3	33	22.7	27.85	40.3	36.2	100	99.9	99.9	99.8	40	97.5	99.9	99.8	99.4	99.5	-13.4237	12.9468	8.76356	7.0282	5.74046	-154.362	
0.87	4.5	0	10.5	12.5	19.3	6.2	10.1	0	5.5	2.1	11.3	33	22.7	27.85	40.3	36.2	100	99.9	99.9	99.8	40	97.5	99.9	99.8	99.4	99.5	-13.4237	12.9468	8.76356	7.0282	5.74046	-154.362	
0.88	4.5	0	10.5	12.5	19.3	6.2	10.1	0	5.5	2.1	11.3	33	22.7	27.85	40.3	36.2	100	99.9	99.9	99.8	40	97.5	99.9	99.8	99.4	99.5	-13.4237	12.9468	8.76356	7.0282	5.74046	-154.362	
0.89	4.5	0	10.5	12.5	19.3	6.2	10.1	0	5.5	2.1	11.3	33	22.7	27.85	40.3	36.2	100	99.9	99.9	99.8	40	97.5	99.9	99.8	99.4	99.5	-13.4237	12.9468	8.76356	7.0282	5.74046	-154.362	
0.9	4.5	0	10.5	12.5	19.3	6.2	10.1	0	5.5	2.1	11.3	33	22.7	27.85	40.3	36.2	100	99.9	99.9	99.8	40	97.5	99.9	99.8	99.4	99.5	-13.4237	12.9468	8.76356	7.0282	5.74046	-154.362	
0.91	4.5	0	10.5	12.5	19.3	6.2	10.1	0	5.5	2.1	11.3	33	22.7	27.85	40.3	36.2	100	99.9	99.9	99.8	40	97.5	99.9	99.8	99.4	99.5	-13.4237	12.9468	8.76356	7.0282	5.74046	-154.362	
0.92	4.5	0	10.5	12.5	19.3	6.2	10.1	0	5.5	2.1	11.3	33	22.7	27.85	40.3	36.2	100	99.9	99.9	99.8	40	97.5	99.9	99.8	99.4	99.5	-13.4237	12.9468	8.76356	7.0282	5.74046	-154.362	
0.93	4.5	0	10.5	12.5	19.3	6.2	10.1	0	5.5	2.1	11.3	33	22.7	27.85	40.3	36.2	100	99.9	99.9	99.8	40	97.5	99.9	99.8	99.4	99.5	-13.4237	12.9468	8.76356	7.0282	5.74046	-154.362	
0.94	4.5	0	10.5	12.5	19.3	6.2	10.1	0	5.5	2.1	11.3	33	22.7	27.85	40.3	36.2	100	99.9	99.9	99.8	40	97.5	99.9	99.8	99.4	99.5	-13.4237	12.9468	8.76356	7.0282	5.74046	-154.362	
0.95	4.5	0	10.5	12.5	19.3	6.2	10.1	0	5.5	2.1	11.3	33	22.7	27.85	40.3	36.2	100	99.9	99.9	99.8	40	97.5	99.9	99.8	99.4	99.5	-13.4237	12.9468	8.76356	7.0282	5.74046	-154.362	
0.96	4.5	0	10.5	12.5	19.3	6.2	10.1	0	5.5	2.1	11.3	33	22.7	27.85	40.3	36.2	100	99.9	99.9	99.8	40	97.5	99.9	99.8	99.4	99.5	-13.4237	12.9468	8.76356	7.0282	5.74046	-154.362	
0.97	4.5	0	10.5	12.5	19.3	6.2	10.1	0	5.5	2.1	11.3	33	22.7	27.85	40.3	36.2	100	99.9	99.9	99.8	40	97.5	99.9	99.8	99.4	99.5	-13.4237	12.9468	8.76356	7.0282	5.74046	-154.362	
0.98	4.5	0	10.5	12.5	19.3	6.2	10.1	0	5.5	2.1	11.3	33	22.7	27.85	40.3	36.2	100	99.9	99.9	99.8	40	97.5	99.9	99.8	99.4	99.5	-13.4237	12.9468	8.76356	7.0282	5.74046	-154.362	
0.99	4.5	0	10.5	12.5	19.3	6.2	10.1	0	5.5	2.1	11.3	33	22.7	27.85	40.3	36.2	100	99.9	99.9	99.8	40	97.5	99.9	99.8	99.4	99.5	-13.4237	12.9468	8.76356	7.0282	5.74046	-154.362	
1	4.5	0	10.5	12.5	19.3	6.2	10.1	0	5.5	2.1	11.3	33	22.7	27.85	40.3	36.2	100	99.9	99.9	99.8	40	97.5	99.9	99.8	99.4	99.5	-13.4237	12.9468	8.76356	7.0282	5.74046	-154.362	
1.01	4.5	0	10.5	12.5	19.3	6.2	10.1	0	5.5	2.1	11.3	33	22.7	27.85	40.3	36.2	100	99.9	99.9	99.8	40	97.5	99.9	99.8	99.4	99.5	-13.4237	12.9468	8.76356	7.0282	5.74046	-154.362	
1.02	4.5	0	10.5	12.5	19.3	6.2	10.1	0	5.5	2.1	11.3	33	22.7	27.85	40.3	36.2	100	99.9	99.9	99.8	40	97.5	99.9	99.8	99.4	99.5	-13.4237	12.9468	8.76356	7.0282	5.74046	-154.362	
1.03	4.5	0	10.5	12.5	19.3	6.2	10.1	0	5.5	2.1	11.3	33	22.7	27.85	40.3	36.2	100	99.9	99.9	99.8	40	97.5	99.9	99.8	99.4	99.5	-13.4237	12.9468	8.76356	7.0282	5.74046	-154.362	
1.04	4.5	0	10.5	12.5	19.3	6.2	10.1	0	5.5	2.1	11.3	33	22.7	27.85	40.3	36.2	100	99.9	99.9	99.8	40	97.5	99.9	99.8	99.4	99.5	-13.4237	12.9468	8.76356	7.0282	5.74046	-154.362	
1.05	4.5	0	10.5	12.5	19.3	6.2	10.1	0	5.5	2.1	11.3	33	22.7	27.85	40.3	36.2	100	99.9	99.9	99.8	40	97.5	99.9	99.8	99.4	99.5	-13.4237	12.9468	8.76356	7.0282	5.74046	-154.362	
1.06	4.5	0	10.5	12.5	19.3	6.2	10.1	0	5.5	2.1	11.3	33	22.7	27.85	40.3	36.2	100	99.9	99.9	99.8	40	97.5	99.9	99.8	99.4	99.5	-13.4237	12.9468	8.76356	7.0282	5.74046	-154.362	
1.07	4.5	0	10.5	12.5	19.3	6.2	10.1	0	5.5	2.1	11.3	33	22.7	27.85	40.3	36.2	100	99.9	99.9	99.8	40	97.5	99.9	99.8	99.4	99.5	-13.4237	12.9468	8.76356	7.0282	5.74046	-154.362	
1.08	4.5	0	10.5	12.5	19.3	6.2	10.1	0	5.5	2.1	11.3	33	22.7	27.85	40.3	36.2	100	99.9	99.9	99.8	40	97.5	99.9	99.8	99.4	99.5	-13.4237	12.9468	8.76356	7.0282	5.74046	-154.362	
1.09	4.5	0	10.5	12.5	19.3	6.2	10.1	0	5.5	2.1	11.3	33	22.7	27.85	40.3	36.2	100	99.9	99.9	99.8	40	97.5	99.9	99.8	99.4	99.5	-13.4237	12.9468	8.76356	7.0282	5.74046	-154.362	
1.1	4.5	0	10.5	12.5	19.3	6.2	10.1	0	5.5	2.1	11.3	33	22.7	27.85	40.3	36.2	100	99.9	99.9	99.8	40	97.5	99.9	99.8	99.4	99.5	-13.4237	12.9468	8.76356	7.0282	5.74046	-154.362	
1.11	4.5	0	10.5	12.5	19.3	6.2	10.1	0	5.5	2.1	11.3	33	22.7	27.85	40.3	36.2	100	99.9	99.9	99.8	40	97.5	99.9	99.8	99.4	99.5	-13.4237	12.9468	8.76356	7.0282	5.74046	-154.362	
1.12	4.5	0	10.5	12.5	19.3	6.2	10.1	0	5.5	2.1	11.3	33	22.7	27.85	40.3	36.2	100	99.9	99.9	99.8	40	97.5	99.9	99.8	99.4	99.5	-13.4237	12.9468	8.76356	7.0282	5.74046	-154.362	
1.13	4.5	0	10.5	12.5	19.3	6.2	10.1	0	5.5	2.1	11.3	33	22.7	27.85	40.3	36.2	100	99.9	99.9	99.8	40	97.5	99.9	99.8	99.4	99.5	-13.4237	12.9468	8.76356	7.0282	5.74046	-154.362	
1.14	4.5	0	10.5	12.5	19.3	6.2	10.1	0	5.5	2.1	11.3	33	22.7	27.85	40.3	36.2	100	99.9	99.9	99.8	40	97.5	99.9	99.8	99.4	99.5	-13.4237	12.9468	8.76356	7.0282	5.74046	-154.362	
1.15	4.5	0	10.5	12.5	19.3	6.2	10.1	0	5.5	2.1	11.3	33	22.7	27.85	40.3	36.2	100	99.9	99.9	99.8	40	97.5	99.9	99.8	99.4	99.5	-13.4237	12.9468	8.76356	7.0282	5.74046	-154.362	
1.16	4.5	0	10.5	12.5	19.3	6.2	10.1	0	5.5	2.1	11.3	33	22.7	27.85	40.3	36.2	100	99.9	99.9	99.8	40	97.5	99.9	99.8	99.4	99.5	-13.4237	12.9468	8.76356	7.0282	5.74046	-154.362	
1.17	4.5	0	10.5	12.5	19.3	6.2	10.1	0	5.5	2.1	11.3	33	22.7	27.85	40.3	36.2	100	99.9	99.9	99.8	40	97.5	99.9	99.8	99.4	99.5	-13.4237	12.9468	8.76356	7.0282	5.74046	-154.362	
1.18	4.5	0	10.5	12.5	19.3	6.2	10.1	0	5.5	2.1	11.3	33	22.7	27.85	40.3	36.2	100	99.9	99.9	99.8	40	97.5	99.9	99.8	99.4	99.5	-13.4237	12.9468	8.76356	7.0282	5.74046	-154.362	
1.19	4.5	0	10.5	12.5	19.3	6.2	10.1	0	5.5	2.1	11.3	33	22.7	27.85	40.3	36.2	100	99.9	99.9	99.8	40	97.5	99.9	99.8	99.4	99.5	-13.4237	12.9468	8.76356	7.0282	5.74046	-154.362	
1.2	4.5	0	10.5	12.5	19.3	6.2	10.1	0	5.5	2.1	11.3	33	22.7	27.85	40.3	36.2	100	99.9	99.9	99.8	40	97.5	99.9	99.8	99.4	99.5	-13.4237	12.9468	8.76356	7.0282	5.74046	-154.362	
1.21	4.5	0	10.6	12.5	19.5	6.1	10	0	5.4	2.2	11.1	32.9	22.4	27.65	39.6	36.2	99.9	99.9	99.9	99.9	41.5	96.8	99.6	99.4	99.5	99.9	-13.7709	12.8959	8.82746	6.73862	5.52771	-154.386	
1.22	4.5	0	10.6	12.5	19.5	6.1	10	0	5.4	2.2	11.1	32.9	22.4	27.65	39.6	36.2	99.9	99.9	99.9	99.9	41.5	96.8	99.6	99.4	99.5	99.9	-13.7709	12.8959	8.82746	6.73862	5.52771	-154.386	
1.23	4.5	0	10.6	12.5	19.5	6.1	10	0	5.4	2.2	11.1	32.9	22.4	27.65	39.6	36.2	99.9	99.9	99.9	99.9	41.5	96.8	99.6	99.4	99.5	99.9	-13.7709	12.8959	8.82746	6.73862	5.52771	-154.386	
1.24	4.5	0	10.6	12.5	19.5	6.1	10	0	5.4	2.2	11.1	32.9	22.4	27.65	39.6	36.2	99.9	99.9	99.9	99.9	41.5	96.8	99.6	99.4	99.5	99.9	-13.7709	12.8959	8.82746	6.73862	5.52771	-154.386	
1.25	4.5	0	10.6	12.5	19.5	6.1	10	0	5.4	2.2	11.1	32.9	22.4	27.65	39.6	36.2	99.9	99.9	99.9	99.9	41.5	96.8	99.6	99.4	99.5	99.9	-13.7709	12.8959	8.82746	6.73862	5.52771	-154.386	
1.26	4.5	0	10.6	12.5	19.5	6.1	10	0	5.4	2.2	11.1	32.9	22.4	27.65	39.6	36.2	99.9	99.9	99.9	99.9	41.5	96.8	99.6	99.4	99.5	99.9	-13.7709	12.8959	8.82746	6.73862	5.52771	-154.386	
1.27	4.5	0	10.6	12.5	19.5	6.1	10	0	5.4	2.2	11.1	32.9	22.4	27.65	39.6	36.2	99.9	99.9	99.9	99.9	41.5	96.8	99.6	99.4	99.5	99.9	-13.7709	12.8959	8.82746	6.73862	5.52771	-154.386	
1.28	4.5	0	10.6	12.5	19.5	6.1	10	0	5.4	2.2	11.1	32.9	22.4	27.65	39.6	36.2	99.9	99.9	99.9	99.9	41.5	96.8	99.6	99.4	99.5	99.9	-13.7709	12.8959	8.82746	6.73862	5.52771	-154.386	
1.29	4.5	0	10.6	12.5	19.5	6.1	10	0	5.4	2.2	11.1	32.9	22.4	27.65	39.6	36.2	99.9	99.9	99.9	99.9	41.5	96.8	99.6	99.4	99.5	99.9	-13.7709	12.8959	8.82746	6.73862	5.52771	-154.386	
1.3	4.5	0	10.6	12.5	19.5	6.1	10	0	5.4	2.2	11.1	32.9	22.4	27.65	39.6	36.2	99.9	99.9	99.9	99.9	41.5	96.8	99.6	99.4	99.5	99.9	-13.7709	12.8959	8.82746	6.73862	5.52771	-154.386	
1.31	4.5	0	10.6	12.5	19.5	6.1	10	0	5.4	2.2	11.1	32.9	22.4	27.65	39.6	36.2	99.9	99.9	99.9	99.9	41.5	96.8	99.6	99.4	99.5	99.9	-13.7709	12.8959	8.82746	6.73862	5.52771	-154.386	
1.32	4.5	0	10.6	12.5	19.5	6.1	10	0	5.4	2.2	11.1	32.9	22.4	27.65	39.6	36.2	99.9	99.9	99.9	99.9	41.5	96.8	99.6	99.4	99.5	99.9	-13.7709	12.8959	8.82746	6.73862	5.52771	-154.386	
1.33	4.5	0	10.6	12.5	19.5	6.1	10	0	5.4	2.2	11.1	32.9	22.4	27.65	39.6	36.2	99.9	99.9	99.9	99.9	41.5	96.8	99.6	99.4	99.5	99.9	-13.7709	12.8959	8.82746	6.73862	5.52771	-154.386	
1.34	4.5	0	10.6	12.5	19.5	6.1	10	0	5.4	2.2	11.1	32.9	22.4	27.65	39.6	36.2	99.9	99.9	99.9	99.9	41.5	96.8	99.6	99.4	99.5	99.9	-13.7709	12.8959	8.82746	6.73862	5.52771	-154.386	
1.35	4.5	0	10.6	12.5	19.5	6.1	10	0	5.4	2.2	11.1	32.9	22.4	27.65	39.6	36.2	99.9	99.9	99.9	99.9	41.5	96.8	99.6	99.4	99.5	99.9	-13.7709	12.8959	8.82746	6.73862	5.52771	-154.386	
1.36	4.5	0	10.6	12.5	19.5	6.1	10	0	5.4	2.2	11.1	32.9	22.4	27.65	39.6	36.2	99.9	99.9	99.9	99.9	41.5	96.8	99.6	99.4	99.5	99.9	-13.7709	12.8959	8.82746	6.73862	5.52771	-154.386	
1.37	4.5	0	10.6	12.5	19.5	6.1	10	0	5.4	2.2	11.1	32.9	22.4	27.65	39.6	36.2	99.9	99.9	99.9	99.9	41.5	96.8	99.6	99.4	99.5	99.9	-13.7709	12.8959	8.82746	6.73862	5.52771	-154.386	
1.38	4.5	0	10.6	12.5	19.5	6.1	10	0	5.4	2.2	11.1	32.9	22.4	27.65	39.6	36.2	99.9	99.9	99.9	99.9	41.5	96.8	99.6	99.4	99.5	99.9	-13.7709	12.8959	8.82746	6.73862	5.52771	-154.386	
1.39	4.5	0	10.6	12.5	19.5	6.1	10	0	5.4	2.2	11.1	32.9	22.4	27.65	39.6	36.2	99.9	99.9	99.9	99.9	41.5	96.8	99.6	99.4	99.5	99.9	-13.7709	12.8959	8.82746	6.73862	5.52771	-154.386	
1.4	4.5	0	10.6	12.5	19.5	6.1	10	0	5.4	2.2	11.1	32.9	22.4	27.65	39.6	36.2	99.9	99.9	99.9	99.9	41.5	96.8	99.6	99.4	99.5	99.9	-13.7709	12.8959	8.82746	6.73862	5.52771	-154.386	
1.41	4.5	0	10.6	12.5	19.5	6.1	10	0	5.4	2.2	11.1	32.9	22.4	27.65	39.6	36.2	99.9	99.9	99.9	99.9	41.5	96.8	99.6	99.4	99.5	99.9	-13.7709	12.8959	8.82746	6.73862	5.52771	-154.386	
1.42	4.5	0	10.6	12.5	19.5	6.1	10	0	5.4	2.2	11.1	32.9	22.4	27.65	39.6	36.2	99.9	99.9	99.9	99.9	41.5	96.8	99.6	99.4	99.5	99.9	-13.7709	12.8959	8.82746	6.73862	5.52771	-154.386	
1.43	4.5	0	10.6	12.5	19.5	6.1	10	0	5.4	2.2	11.1	32.9	22.4	27.65	39.6	36.2	99.9	99.9	99.9	99.9	41.5	96.8	99.6	99.4	99.5	99.9	-13.7709	12.8959	8.82746	6.73862	5.52771	-154.386	
1.44	4.5	0	10.6	12.5	19.5	6.1	10	0	5.4	2.2	11.1	32.9	22.4	27.65	39.6	36.2	99.9	99.9	99.9	99.9	41.5	96.8	99.6	99.4	99.5	99.9	-13.7709	12.8959	8.82746	6.73862	5.52771	-154.386	
1.45	4.5	0	10.6	12.5	19.5	6.1	10	0	5.4	2.2	11.1	32.9	22.4	27.65	39.6	36.2	99.9	99.9	99.9	99.9	41.5	96.8	99.6	99.4	99.5	99.9	-13.7709	12.8959	8.82746	6.73862	5.52771	-154.386	
1.46	4.5	0	10.6	12.5	19.5	6.1	10	0	5.4	2.2	11.1	32.9	22.4	27.65	39.6	36.2	99.9	99.9	99.9	99.9	41.5	96.8	99.6	99.4	99.5	99.9	-13.7709	12.8959	8.82746	6.73862	5.52771	-154.386	
1.47	4.5	0	10.6	12.5	19.5	6.1	10	0	5.4	2.2	11.1	32.9	22.4	27.65	39.6	36.2	99.9	99.9	99.9	99.9	41.5	96.8	99.6	99.4	99.5	99.9	-13.7709	12.8959	8.82746	6.73862	5.52771	-154.386	
1.48	4.5	0	10.6	12.5	19.5	6.1	10	0	5.4	2.2	11.1	32.9	22.4	27.65	39.6	36.2	99.9	99.9	99.9	99.9	41.5	96.8	99.6	99.4	99.5	99.9	-13.7709	12.8959	8.82746	6.73862	5.52771	-154.386	
1.49	4.5	0	10.6	12.5	19.5	6.1	10	0	5.4	2.2	11.1	32.9	22.4	27.65	39.6	36.2	99.9	99.9	99.9	99.9	41.5	96.8	99.6	99.4	99.5	99.9	-13.7709	12.8959	8.82746	6.73862	5.52771	-154.386	
1.5	4.5	0	10.6	12.5	19.5	6.1	10	0	5.4	2.2	11.1	32.9	22.4	27.65	39.6	36.2	99.9	99.9	99.9	99.9	41.5	96.8	99.6	99.4	99.5	99.9	-13.7709	12.8959	8.82746	6.73862	5.52771	-154.386	
1.51	4.5	0	10.6	12.5	19.5	6.1	10	0	5.4	2.2	11.1	32.9	22.4	27.65	39.6	36.2	99.9	99.9	99.9	99.9	41.5	96.8	99.6	99.4	99.5	99.9	-13.7709	12.8959	8.82746	6.73862	5.52771	-154.386	
1.52	4.5	0	10.6	12.5	19.5	6.1	10	0	5.4	2.2	11.1	32.9	22.4	27.65	39.6	36.2	99.9	99.9	99.9	99.9	41.5	96.8	99.6	99.4	99.5	99.9	-13.7709	12.8959	8.82746	6.73862	5.52771	-154.386	
1.53	4.5	0	10.6	12.5	19.5	6.1	10	0	5.4	2.2	11.1	32.9	22.4	27.65	39.6	36.2	99.9	99.9	99.9	99.9	41.5	96.8	99.6	99.4	99.5	99.9	-13.7709	12.8959	8.82746	6.73862	5.52771	-154.386	
1.54	4.5	0	10.6	12.5	19.5	6.1	10	0	5.4	2.2	11.1	32.9	22.4	27.65	39.6	36.2	99.9	99.9	99.9	99.9	41.5	96.8	99.6	99.4	99.5	99.9	-13.7709	12.8959	8.82746	6.73862	5.52771	-154.386	
1.55	4.5	0	10.6	12.5	19.5	6.1	10	0	5.4	2.2	11.1	32.9	22.4	27.65	39.6	36.2	99.9	99.9	99.9	99.9	41.5	96.8	99.6	99.4	99.5	99.9	-13.7709	12.8959	8.82746	6.73862	5.52771	-154.386	
1.56	4.5	0	10.6	12.5	19.5	6.1	10	0	5.4	2.2	11.1	32.9	22.4	27.65	39.6	36.2	99.9	99.9	99.9	99.9	41.5	96.8	99.6	99.4	99.5	99.9	-13.7709	12.8959	8.82746	6.73862	5.52771	-154.386	
1.57	4.4	0	10.8	12.5	19.6	6.1	10	0	5.1	2.2	11.4	32.9	22.5	27.7	39.5	36.2	99.9	99.9	99.9	99.8	40.9	97.3	99.9	99.8	99.6	99.4	-14.0213	13.0313	8.8339	5.7918	5.85031	-154.478	
1.58	4.5	0	10.7	12.5	19.5	6.3	10.1	0	5.4	2.3	10.8	32.7	22.5	27.6	39.3	36.2	99.9	99.9	99.9	99.9	41.8	97.6	99.9	99.9	99.6	99.4	-14.0953	13.0754	8.83365	6.05127	5.77121	-154.406	
1.59	4.5	0	10.7	12.5	19.5	6.3	10.1	0	5.4	2.3	10.8	32.7	22.5	27.6	39.3	36.2	99.9	99.9	99.9	99.9	41.8	97.6	99.9	99.9	99.6	99.4	-14.0953	13.0754	8.83365	6.05127	5.77121	-154.406	
1.6	4.5	0	10.7	12.5	19.5	6.3	10.1	0	5.4	2.3	10.8	32.7	22.5	27.6	39.3	36.2	99.9	99.9	99.9	99.9	41.8	97.6	99.9	99.9	99.6	99.4	-14.0953	13.0754	8.83365	6.05127	5.77121	-154.406	
1.61	4.5	0	10.7	12.5	19.5	6.3	10.1	0	5.4	2.3	10.8	32.7	22.5	27.6	39.3	36.2	99.9	99.9	99.9	99.9	41.8	97.6	99.9	99.9	99.6	99.4	-14.0953	13.0754	8.83365	6.05127	5.77121	-154.406	
1.62	4.5	0	10.7	12.5	19.5	6.3	10.1	0	5.4	2.3	10.8	32.7	22.5	27.6	39.3	36.2	99.9	99.9	99.9	99.9	41.8	97.6	99.9	99.9	99.6	99.4	-14.0953	13.0754	8.83365	6.05127	5.77121	-154.406	
1.63	4.5	0	10.7	12.5	19.5	6.3	10.1	0	5.4	2.3	10.8	32.7	22.5	27.6	39.3	36.2	99.9	99.9	99.9	99.9	41.8	97.6	99.9	99.9	99.6	99.4	-14.0953	13.0754	8.83365	6.05127	5.77121	-154.406	
1.64	4.5	0	10.7	12.5	19.5	6.3	10.1	0	5.4	2.3	10.8	32.7	22.5	27.6	39.3	36.2	99.9	99.9	99.9	99.9	41.8	97.6	99.9	99.9	99.6	99.4	-14.0953	13.0754	8.83365	6.05127	5.77121	-154.406	
1.65	4.5	0	10.7	12.5	19.5	6.3	10.1	0	5.4	2.3	10.8	32.7	22.5	27.6	39.3	36.2	99.9	99.9	99.9	99.9	41.8	97.6	99.9	99.9	99.6	99.4	-14.0953	13.0754	8.83365	6.05127	5.77121	-154.406	
1.66	4.5	0	10.7	12.5	19.5	6.3	10.1	0	5.4	2.3	10.8	32.7	22.5	27.6	39.3	36.2	99.9	99.9	99.9	99.9	41.8	97.6	99.9	99.9	99.6	99.4	-14.0953	13.0754	8.83365	6.05127	5.77121	-154.406	
1.67	4.5	0	10.7	12.5	19.5	6.3	10.1	0	5.4	2.3	10.8	32.7	22.5	27.6	39.3	36.2	99.9	99.9	99.9	99.9	41.8	97.6	99.9	99.9	99.6	99.4	-14.0953	13.0754	8.83365	6.05127	5.77121	-154.406	
1.68	4.5	0	10.7	12.5	19.5	6.3	10.1	0	5.4	2.3	10.8	32.7	22.5	27.6	39.3	36.2	99.9	99.9	99.9	99.9	41.8	97.6	99.9	99.9	99.6	99.4	-14.0953	13.0754	8.83365	6.05127	5.77121	-154.406	
1.69	4.5	0	10.7	12.5	19.5	6.3	10.1	0	5.4	2.3	10.8	32.7	22.5	27.6	39.3	36.2	99.9	99.9	99.9	99.9	41.8	97.6	99.9	99.9	99.6	99.4	-14.0953	13.0754	8.83365	6.05127	5.77121	-154.406	
1.7	4.5	0	10.7	12.5	19.5	6.3	10.1	0	5.4	2.3	10.8	32.7	22.5	27.6	39.3	36.2	99.9	99.9	99.9	99.9	41.8	97.6	99.9	99.9	99.6	99.4	-14.0953	13.0754	8.83365	6.05127	5.77121	-154.406	
1.71	4.5	0	10.7	12.5	19.5	6.3	10.1	0	5.4	2.3	10.8	32.7	22.5	27.6	39.3	36.2	99.9	99.9	99.9	99.9	41.8	97.6	99.9	99.9	99.6	99.4	-14.0953	13.0754	8.83365	6.05127	5.77121	-154.406	
1.72	4.5	0	10.7	12.5	19.5	6.3	10.1	0	5.4	2.3	10.8	32.7	22.5	27.6	39.3	36.2	99.9	99.9	99.9	99.9	41.8	97.6	99.9	99.9	99.6	99.4	-14.0953	13.0754	8.83365	6.05127	5.77121	-154.406	
1.73	4.5	0	10.7	12.5	19.5	6.3	10.1	0	5.4	2.3	10.8	32.7	22.5	27.6	39.3	36.2	99.9	99.9	99.9	99.9	41.8	97.6	99.9	99.9	99.6	99.4	-14.0953	13.0754	8.83365	6.05127	5.77121	-154.406	
1.74	4.5	0	10.7	12.5	19.5	6.3	10.1	0	5.4	2.3	10.8	32.7	22.5	27.6	39.3	36.2	99.9	99.9	99.9	99.9	41.8	97.6	99.9	99.9	99.6	99.4	-14.0953	13.0754	8.83365	6.05127	5.77121	-154.406	
1.75	4.5	0	10.7	12.5	19.5	6.3	10.1	0	5.4	2.3	10.8	32.7	22.5	27.6	39.3	36.2	99.9	99.9	99.9	99.9	41.8	97.6	99.9	99.9	99.6	99.4	-14.0953	13.0754	8.83365	6.05127	5.77121	-154.406	
1.76	4.5	0	10.7	12.5	19.5	6.3	10.1	0	5.4	2.3	10.8	32.7	22.5	27.6	39.3	36.2	99.9	99.9	99.9	99.9	41.8	97.6	99.9	99.9	99.6	99.4	-14.0953	13.0754	8.83365	6.05127	5.77121	-154.406	
1.77	4.5	0	10.7	12.5	19.5	6.3	10.1	0	5.4	2.3	10.8	32.7	22.5	27.6	39.3	36.2	99.9	99.9	99.9	99.9	41.8	97.6	99.9	99.9	99.6	99.4	-14.0953	13.0754	8.83365	6.05127	5.77121	-154.406	
1.78	4.5	0	10.7	12.5	19.5	6.3	10.1	0	5.4	2.3	10.8	32.7	22.5	27.6	39.3	36.2	99.9	99.9	99.9	99.9	41.8	97.6	99.9	99.9	99.6	99.4	-14.0953	13.0754	8.83365	6.05127	5.77121	-154.406	
1.79	4.5	0	10.7	12.5	19.5	6.3	10.1	0	5.4	2.3	10.8	32.7	22.5	27.6	39.3	36.2	99.9	99.9	99.9	99.9	41.8	97.6	99.9	99.9	99.6	99.4	-14.0953	13.0754	8.83365	6.05127	5.77121	-154.406	
1.8	4.5	0	10.7	12.5	19.5	6.3	10.1	0	5.4	2.3	10.8	32.7	22.5	27.6	39.3	36.2	99.9	99.9	99.9	99.9	41.8	97.6	99.9	99.9	99.6	99.4	-14.0953	13.0754	8.83365	6.05127	5.77121	-154.406	
1.81	4.5	0	10.7	12.5	19.5	6.3	10.1	0	5.4	2.3	10.8	32.7	22.5	27.6	39.3	36.2	99.9	99.9	99.9	99.9	41.8	97.6	99.9	99.9	99.6	99.4	-14.0953	13.0754	8.83365	6.05127	5.77121	-154.406	
1.82	4.5	0	10.7	12.5	19.5	6.3	10.1	0	5.4	2.3	10.8	32.7	22.5	27.6	39.3	36.2	99.9	99.9	99.9	99.9	41.8	97.6	99.9	99.9	99.6	99.4	-14.0953	13.0754	8.83365	6.05127	5.77121	-154.406	
1.83	4.5	0	10.7	12.5	19.5	6.3	10.1	0	5.4	2.3	10.8	32.7	22.5	27.6	39.3	36.2	99.9	99.9	99.9	99.9	41.8	97.6	99.9	99.9	99.6	99.4	-14.0953	13.0754	8.83365	6.05127	5.77121	-154.406	
1.84	4.5	0	10.7	12.5	19.5	6.3	10.1	0	5.4	2.3	10.8	32.7	22.5	27.6	39.3	36.2	99.9	99.9	99.9	99.9	41.8	97.6	99.9	99.9	99.6	99.4	-14.0953	13.0754	8.83365	6.05127	5.77121	-154.406	
1.85	4.5	0	10.7	12.5	19.5	6.3	10.1	0	5.4	2.3	10.8	32.7	22.5	27.6	39.3	36.2	99.9	99.9	99.9	99.9	41.8	97.6	99.9	99.9	99.6	99.4	-14.0953	13.0754	8.83365	6.05127	5.77121	-154.406	
1.86	4.5	0	10.7	12.5	19.5	6.3	10.1	0	5.4	2.3	10.8	32.7	22.5	27.6	39.3	36.2	99.9	99.9	99.9	99.9	41.8	97.6	99.9	99.9	99.6	99.4	-14.0953	13.0754	8.83365	6.05127	5.77121	-154.406	
1.87	4.5	0	10.7	12.5	19.5	6.3	10.1	0	5.4	2.3	10.8	32.7	22.5	27.6	39.3	36.2	99.9	99.9	99.9	99.9	41.8	97.6	99.9	99.9	99.6	99.4	-14.0953	13.0754	8.83365	6.05127	5.77121	-154.406	
1.88	4.5	0	10.7	12.5	19.5	6.3	10.1	0	5.4	2.3	10.8	32.7	22.5	27.6	39.3	36.2	99.9	99.9	99.9	99.9	41.8	97.6	99.9	99.9	99.6	99.4	-14.0953	13.0754	8.83365	6.05127	5.77121	-154.406	
1.89	4.5	0	10.7	12.5	19.5	6.3	10.1	0	5.4	2.3	10.8	32.7	22.5	27.6	39.3	36.2	99.9	99.9	99.9	99.9	41.8	97.6	99.9	99.9	99.6	99.4	-14.0953	13.0754	8.83365	6.05127	5.77121	-154.406	
1.9	4.5	0	10.7	12.5	19.5	6.3	10.1	0	5.4	2.3	10.8	32.7	22.5	27.6	39.3	36.2	99.9	99.9	99.9	99.9	41.8	97.6	99.9	99.9	99.6	99.4	-14.0953	13.0754	8.83365	6.05127	5.77121	-154.406	
1.91	4.5	0	10.7	12.5	19.5	6.3	10.1	0	5.4	2.3	10.8	32.7	22.5	27.6	39.3	36.2	99.9	99.9	99.9	99.9	41.8	97.6	99.9	99.9	99.6	99.4	-14.0953	13.0754	8.83365	6.05127	5.77121	-154.406	
1.92	4.5	0	10.7	12.5	19.5	6.3	10.1	0	5.4	2.3	10.8	32.7	22.5	27.6	39.3	36.2	99.9	99.9	99.9	99.9	41.8	97.6	99.9	99.9	99.6	99.4	-14.0953	13.0754	8.83365	6.05127	5.77121	-154.406	
1.93	4.5	0	10.7	12.5	19.5	6.3	10.1	0	5.4	2.3	10.8	32.7	22.5	27.6	39.3	36.2	99.9	99.9	99.9	99.9	41.8	97.6	99.9	99.9	99.6	99.4	-14.0953	13.0754	8.83365	6.05127	5.77121	-154.406	
1.94	4.5	0	10.7	12.5	19.5	6.3	10.1	0	5.4	2.3	10.8	32.7	22.5	27.6	39.3	36.2	99.9	99.9	99.9	99.9	41.8	97.6	99.9	99.9	99.6	99.4	-14.0953	13.0754	8.83365	6.05127	5.77121	-154.406	
1.95	4.5	0	10.5	12.5	19.4	5.9	10.1	0	5.5	2.3	11.2	33	22.5	27.75	38.7	36	100	99.9	99.9	99.9	42.5	96.8	99.4	99.4	99.6	99.9	-14.185	13.0318	8.81855	6.11605	5.69224	-154.458	
1.96	4.5	0	10.5	12.5	19.4	5.9	10.1	0	5.5	2.3	11.2	33	22.5	27.75	38.7	36	100	99.9	99.9	99.9	42.5	96.8	99.4	99.4	99.6	99.9	-14.185	13.0318	8.81855	6.11605	5.69224	-154.458	
1.97	4.5	0	10.5	12.5	19.4	5.9	10.1	0	5.5	2.3	11.2	33	22.5	27.75	38.7	36	100	99.9	99.9	99.9	42.5	96.8	99.4	99.4	99.6	99.9	-14.185	13.0318	8.81855	6.11605	5.69224	-154.458	
