Hora de inicio de la toma de datos: 09:59:25
AT(s)	F1.1	F1.2	F2.1	F2.2	F3.1	F3.2	F4.1	F4.2	F5.1	F5.2	ABD1	ABD2	ABD3	ABD4	PA	TCO	P1	P2	P3	P4	P5	P6	P7	P8	P9	P10	HRoll	HPitch	HYaw	WRoll	WPitch	WYaw	
0.01	1.5	0	0	3.7	6.7	3.5	13.8	0	0	6.5	36.8	68.6	31.7	50.15	42.1	37.1	100	99.9	99.9	99.9	99.9	68.2	99.9	99.9	63.6	91	-18.7967	-8.21194	-137.481	8.84205	5.87429	-26.3301	
0.02	1.5	0	0	3.7	6.7	3.5	13.8	0	0	6.5	36.8	68.6	31.7	50.15	42.1	37.1	100	99.9	99.9	99.9	99.9	68.2	99.9	99.9	63.6	91	-18.7967	-8.21194	-137.481	8.84205	5.87429	-26.3301	
0.03	1.5	0	0	3.7	6.7	3.5	13.8	0	0	6.5	36.8	68.6	31.7	50.15	42.1	37.1	100	99.9	99.9	99.9	99.9	68.2	99.9	99.9	63.6	91	-18.7967	-8.21194	-137.481	8.84205	5.87429	-26.3301	
0.04	1.5	0	0	3.7	6.7	3.5	13.8	0	0	6.5	36.8	68.6	31.7	50.15	42.1	37.1	100	99.9	99.9	99.9	99.9	68.2	99.9	99.9	63.6	91	-18.7967	-8.21194	-137.481	8.84205	5.87429	-26.3301	
0.05	1.5	0	0	3.7	6.7	3.5	13.8	0	0	6.5	36.8	68.6	31.7	50.15	42.1	37.1	100	99.9	99.9	99.9	99.9	68.2	99.9	99.9	63.6	91	-18.7967	-8.21194	-137.481	8.84205	5.87429	-26.3301	
0.06	1.5	0	0	3.7	6.7	3.5	13.8	0	0	6.5	36.8	68.6	31.7	50.15	42.1	37.1	100	99.9	99.9	99.9	99.9	68.2	99.9	99.9	63.6	91	-18.7967	-8.21194	-137.481	8.84205	5.87429	-26.3301	
0.07	1.5	0	0	3.7	6.7	3.5	13.8	0	0	6.5	36.8	68.6	31.7	50.15	42.1	37.1	100	99.9	99.9	99.9	99.9	68.2	99.9	99.9	63.6	91	-18.7967	-8.21194	-137.481	8.84205	5.87429	-26.3301	
0.08	1.5	0	0	3.7	6.7	3.5	13.8	0	0	6.5	36.8	68.6	31.7	50.15	42.1	37.1	100	99.9	99.9	99.9	99.9	68.2	99.9	99.9	63.6	91	-18.7967	-8.21194	-137.481	8.84205	5.87429	-26.3301	
0.09	1.9	0	0	3.7	6.9	3.5	13.5	0	0	6.6	36.1	68.3	31.7	50	41.8	37.1	100	99.9	99.9	99.9	99.8	71.4	99.9	99.9	64.1	88.1	-18.6376	-8.21329	-137.386	8.1374	5.72576	-26.2959	
0.1	1.9	0	0	3.7	6.8	3.5	13.3	0	0	6.7	36.1	68.6	31.4	50	42	37.2	99.9	99.9	99.9	99.9	99.9	70.6	99.9	99.9	63.9	87.1	-18.6177	-8.14394	-137.397	8.27843	5.81239	-26.2861	
0.11	1.9	0	0	3.7	6.8	3.5	13.3	0	0	6.7	36.1	68.6	31.4	50	42	37.2	99.9	99.9	99.9	99.9	99.9	70.6	99.9	99.9	63.9	87.1	-18.6177	-8.14394	-137.397	8.27843	5.81239	-26.2861	
0.12	1.9	0	0	3.7	6.8	3.5	13.3	0	0	6.7	36.1	68.6	31.4	50	42	37.2	99.9	99.9	99.9	99.9	99.9	70.6	99.9	99.9	63.9	87.1	-18.6177	-8.14394	-137.397	8.27843	5.81239	-26.2861	
0.13	1.9	0	0	3.7	6.8	3.5	13.3	0	0	6.7	36.1	68.6	31.4	50	42	37.2	99.9	99.9	99.9	99.9	99.9	70.6	99.9	99.9	63.9	87.1	-18.6177	-8.14394	-137.397	8.27843	5.81239	-26.2861	
0.14	1.9	0	0	3.7	6.8	3.5	13.3	0	0	6.7	36.1	68.6	31.4	50	42	37.2	99.9	99.9	99.9	99.9	99.9	70.6	99.9	99.9	63.9	87.1	-18.6177	-8.14394	-137.397	8.27843	5.81239	-26.2861	
0.15	1.9	0	0	3.7	6.8	3.5	13.3	0	0	6.7	36.1	68.6	31.4	50	42	37.2	99.9	99.9	99.9	99.9	99.9	70.6	99.9	99.9	63.9	87.1	-18.6177	-8.14394	-137.397	8.27843	5.81239	-26.2861	
0.16	1.9	0	0	3.7	6.8	3.5	13.3	0	0	6.7	36.1	68.6	31.4	50	42	37.2	99.9	99.9	99.9	99.9	99.9	70.6	99.9	99.9	63.9	87.1	-18.6177	-8.14394	-137.397	8.27843	5.81239	-26.2861	
0.171	1.9	0	0	3.7	6.8	3.5	13.3	0	0	6.7	36.1	68.6	31.4	50	42	37.2	99.9	99.9	99.9	99.9	99.9	70.6	99.9	99.9	63.9	87.1	-18.6177	-8.14394	-137.397	8.27843	5.81239	-26.2861	
0.181	1.9	0	0	3.7	6.8	3.5	13.3	0	0	6.7	36.1	68.6	31.4	50	42	37.2	99.9	99.9	99.9	99.9	99.9	70.6	99.9	99.9	63.9	87.1	-18.6177	-8.14394	-137.397	8.27843	5.81239	-26.2861	
0.191	1.9	0	0	3.7	6.8	3.5	13.3	0	0	6.7	36.1	68.6	31.4	50	42	37.2	99.9	99.9	99.9	99.9	99.9	70.6	99.9	99.9	63.9	87.1	-18.6177	-8.14394	-137.397	8.27843	5.81239	-26.2861	
0.201	1.9	0	0	3.7	6.8	3.5	13.3	0	0	6.7	36.1	68.6	31.4	50	42	37.2	99.9	99.9	99.9	99.9	99.9	70.6	99.9	99.9	63.9	87.1	-18.6177	-8.14394	-137.397	8.27843	5.81239	-26.2861	
0.211	1.9	0	0	3.7	6.8	3.5	13.3	0	0	6.7	36.1	68.6	31.4	50	42	37.2	99.9	99.9	99.9	99.9	99.9	70.6	99.9	99.9	63.9	87.1	-18.6177	-8.14394	-137.397	8.27843	5.81239	-26.2861	
0.221	1.9	0	0	3.7	6.8	3.5	13.3	0	0	6.7	36.1	68.6	31.4	50	42	37.2	99.9	99.9	99.9	99.9	99.9	70.6	99.9	99.9	63.9	87.1	-18.6177	-8.14394	-137.397	8.27843	5.81239	-26.2861	
0.231	1.9	0	0	3.7	6.8	3.5	13.3	0	0	6.7	36.1	68.6	31.4	50	42	37.2	99.9	99.9	99.9	99.9	99.9	70.6	99.9	99.9	63.9	87.1	-18.6177	-8.14394	-137.397	8.27843	5.81239	-26.2861	
0.241	1.9	0	0	3.7	6.8	3.5	13.3	0	0	6.7	36.1	68.6	31.4	50	42	37.2	99.9	99.9	99.9	99.9	99.9	70.6	99.9	99.9	63.9	87.1	-18.6177	-8.14394	-137.397	8.27843	5.81239	-26.2861	
0.251	1.9	0	0	3.7	6.8	3.5	13.3	0	0	6.7	36.1	68.6	31.4	50	42	37.2	99.9	99.9	99.9	99.9	99.9	70.6	99.9	99.9	63.9	87.1	-18.6177	-8.14394	-137.397	8.27843	5.81239	-26.2861	
0.261	1.9	0	0	3.7	6.8	3.5	13.3	0	0	6.7	36.1	68.6	31.4	50	42	37.2	99.9	99.9	99.9	99.9	99.9	70.6	99.9	99.9	63.9	87.1	-18.6177	-8.14394	-137.397	8.27843	5.81239	-26.2861	
0.271	1.9	0	0	3.7	6.8	3.5	13.3	0	0	6.7	36.1	68.6	31.4	50	42	37.2	99.9	99.9	99.9	99.9	99.9	70.6	99.9	99.9	63.9	87.1	-18.6177	-8.14394	-137.397	8.27843	5.81239	-26.2861	
0.281	1.9	0	0	3.7	6.8	3.5	13.3	0	0	6.7	36.1	68.6	31.4	50	42	37.2	99.9	99.9	99.9	99.9	99.9	70.6	99.9	99.9	63.9	87.1	-18.6177	-8.14394	-137.397	8.27843	5.81239	-26.2861	
0.29	1.9	0	0	3.7	6.8	3.5	13.3	0	0	6.7	36.1	68.6	31.4	50	42	37.2	99.9	99.9	99.9	99.9	99.9	70.6	99.9	99.9	63.9	87.1	-18.6177	-8.14394	-137.397	8.27843	5.81239	-26.2861	
0.3	1.9	0	0	3.7	6.8	3.5	13.3	0	0	6.7	36.1	68.6	31.4	50	42	37.2	99.9	99.9	99.9	99.9	99.9	70.6	99.9	99.9	63.9	87.1	-18.6177	-8.14394	-137.397	8.27843	5.81239	-26.2861	
0.31	1.9	0	0	3.7	6.8	3.5	13.3	0	0	6.7	36.1	68.6	31.4	50	42	37.2	99.9	99.9	99.9	99.9	99.9	70.6	99.9	99.9	63.9	87.1	-18.6177	-8.14394	-137.397	8.27843	5.81239	-26.2861	
0.32	1.9	0	0	3.7	6.8	3.5	13.3	0	0	6.7	36.1	68.6	31.4	50	42	37.2	99.9	99.9	99.9	99.9	99.9	70.6	99.9	99.9	63.9	87.1	-18.6177	-8.14394	-137.397	8.27843	5.81239	-26.2861	
0.33	1.9	0	0	3.7	6.8	3.5	13.3	0	0	6.7	36.1	68.6	31.4	50	42	37.2	99.9	99.9	99.9	99.9	99.9	70.6	99.9	99.9	63.9	87.1	-18.6177	-8.14394	-137.397	8.27843	5.81239	-26.2861	
0.34	1.9	0	0	3.7	6.8	3.5	13.3	0	0	6.7	36.1	68.6	31.4	50	42	37.2	99.9	99.9	99.9	99.9	99.9	70.6	99.9	99.9	63.9	87.1	-18.6177	-8.14394	-137.397	8.27843	5.81239	-26.2861	
0.35	1.9	0	0	3.7	6.8	3.5	13.3	0	0	6.7	36.1	68.6	31.4	50	42	37.2	99.9	99.9	99.9	99.9	99.9	70.6	99.9	99.9	63.9	87.1	-18.6177	-8.14394	-137.397	8.27843	5.81239	-26.2861	
0.36	1.9	0	0	3.7	6.8	3.5	13.3	0	0	6.7	36.1	68.6	31.4	50	42	37.2	99.9	99.9	99.9	99.9	99.9	70.6	99.9	99.9	63.9	87.1	-18.6177	-8.14394	-137.397	8.27843	5.81239	-26.2861	
0.37	1.9	0	0	3.7	6.8	3.5	13.3	0	0	6.7	36.1	68.6	31.4	50	42	37.2	99.9	99.9	99.9	99.9	99.9	70.6	99.9	99.9	63.9	87.1	-18.6177	-8.14394	-137.397	8.27843	5.81239	-26.2861	
0.38	1.9	0	0	3.7	6.8	3.5	13.3	0	0	6.7	36.1	68.6	31.4	50	42	37.2	99.9	99.9	99.9	99.9	99.9	70.6	99.9	99.9	63.9	87.1	-18.6177	-8.14394	-137.397	8.27843	5.81239	-26.2861	
0.39	1.9	0	0	3.7	6.8	3.5	13.3	0	0	6.7	36.1	68.6	31.4	50	42	37.2	99.9	99.9	99.9	99.9	99.9	70.6	99.9	99.9	63.9	87.1	-18.6177	-8.14394	-137.397	8.27843	5.81239	-26.2861	
0.4	1.9	0	0	3.7	6.8	3.5	13.3	0	0	6.7	36.1	68.6	31.4	50	42	37.2	99.9	99.9	99.9	99.9	99.9	70.6	99.9	99.9	63.9	87.1	-18.6177	-8.14394	-137.397	8.27843	5.81239	-26.2861	
0.41	1.9	0	0	3.7	6.8	3.5	13.3	0	0	6.7	36.1	68.6	31.4	50	42	37.2	99.9	99.9	99.9	99.9	99.9	70.6	99.9	99.9	63.9	87.1	-18.6177	-8.14394	-137.397	8.27843	5.81239	-26.2861	
0.42	1.9	0	0	3.7	6.8	3.5	13.3	0	0	6.7	36.1	68.6	31.4	50	42	37.2	99.9	99.9	99.9	99.9	99.9	70.6	99.9	99.9	63.9	87.1	-18.6177	-8.14394	-137.397	8.27843	5.81239	-26.2861	
0.43	1.9	0	0	3.7	6.8	3.5	13.3	0	0	6.7	36.1	68.6	31.4	50	42	37.2	99.9	99.9	99.9	99.9	99.9	70.6	99.9	99.9	63.9	87.1	-18.6177	-8.14394	-137.397	8.27843	5.81239	-26.2861	
0.44	1.9	0	0	3.7	6.8	3.5	13.3	0	0	6.7	36.1	68.6	31.4	50	42	37.2	99.9	99.9	99.9	99.9	99.9	70.6	99.9	99.9	63.9	87.1	-18.6177	-8.14394	-137.397	8.27843	5.81239	-26.2861	
0.45	1.9	0	0	3.7	6.8	3.5	13.3	0	0	6.7	36.1	68.6	31.4	50	42	37.2	99.9	99.9	99.9	99.9	99.9	70.6	99.9	99.9	63.9	87.1	-18.6177	-8.14394	-137.397	8.27843	5.81239	-26.2861	
0.46	1.9	0	0	3.7	6.8	3.4	13.7	0	0	6.7	35.3	67.7	31.5	49.6	40.4	37.2	100	99.9	99.9	99.9	99.9	70.8	99.6	99.9	64.4	88.9	-18.78	-7.9561	-137.51	7.67496	5.64047	-26.2606	
0.47	1.9	0	0	3.7	6.8	3.4	13.7	0	0	6.7	35.3	67.7	31.5	49.6	40.4	37.2	100	99.9	99.9	99.9	99.9	70.8	99.6	99.9	64.4	88.9	-18.78	-7.9561	-137.51	7.67496	5.64047	-26.2606	
0.48	1.9	0	0	3.7	6.8	3.4	13.7	0	0	6.7	35.3	67.7	31.5	49.6	40.4	37.2	100	99.9	99.9	99.9	99.9	70.8	99.6	99.9	64.4	88.9	-18.78	-7.9561	-137.51	7.67496	5.64047	-26.2606	
0.49	1.9	0	0	3.7	6.8	3.4	13.7	0	0	6.7	35.3	67.7	31.5	49.6	40.4	37.2	100	99.9	99.9	99.9	99.9	70.8	99.6	99.9	64.4	88.9	-18.78	-7.9561	-137.51	7.67496	5.64047	-26.2606	
0.5	1.9	0	0	3.7	6.8	3.4	13.7	0	0	6.7	35.3	67.7	31.5	49.6	40.4	37.2	100	99.9	99.9	99.9	99.9	70.8	99.6	99.9	64.4	88.9	-18.78	-7.9561	-137.51	7.67496	5.64047	-26.2606	
0.51	1.9	0	0	3.7	6.8	3.4	13.7	0	0	6.7	35.3	67.7	31.5	49.6	40.4	37.2	100	99.9	99.9	99.9	99.9	70.8	99.6	99.9	64.4	88.9	-18.78	-7.9561	-137.51	7.67496	5.64047	-26.2606	
0.52	1.9	0	0	3.7	6.8	3.4	13.7	0	0	6.7	35.3	67.7	31.5	49.6	40.4	37.2	100	99.9	99.9	99.9	99.9	70.8	99.6	99.9	64.4	88.9	-18.78	-7.9561	-137.51	7.67496	5.64047	-26.2606	
0.53	1.9	0	0	3.7	6.8	3.4	13.7	0	0	6.7	35.3	67.7	31.5	49.6	40.4	37.2	100	99.9	99.9	99.9	99.9	70.8	99.6	99.9	64.4	88.9	-18.78	-7.9561	-137.51	7.67496	5.64047	-26.2606	
0.54	1.9	0	0	3.7	6.8	3.4	13.7	0	0	6.7	35.3	67.7	31.5	49.6	40.4	37.2	100	99.9	99.9	99.9	99.9	70.8	99.6	99.9	64.4	88.9	-18.78	-7.9561	-137.51	7.67496	5.64047	-26.2606	
0.55	1.9	0	0	3.7	6.8	3.4	13.7	0	0	6.7	35.3	67.7	31.5	49.6	40.4	37.2	100	99.9	99.9	99.9	99.9	70.8	99.6	99.9	64.4	88.9	-18.78	-7.9561	-137.51	7.67496	5.64047	-26.2606	
0.56	1.9	0	0	3.7	6.8	3.4	13.7	0	0	6.7	35.3	67.7	31.5	49.6	40.4	37.2	100	99.9	99.9	99.9	99.9	70.8	99.6	99.9	64.4	88.9	-18.78	-7.9561	-137.51	7.67496	5.64047	-26.2606	
0.57	1.9	0	0	3.7	6.8	3.4	13.7	0	0	6.7	35.3	67.7	31.5	49.6	40.4	37.2	100	99.9	99.9	99.9	99.9	70.8	99.6	99.9	64.4	88.9	-18.78	-7.9561	-137.51	7.67496	5.64047	-26.2606	
0.58	1.9	0	0	3.7	6.8	3.4	13.7	0	0	6.7	35.3	67.7	31.5	49.6	40.4	37.2	100	99.9	99.9	99.9	99.9	70.8	99.6	99.9	64.4	88.9	-18.78	-7.9561	-137.51	7.67496	5.64047	-26.2606	
0.59	1.9	0	0	3.7	6.8	3.4	13.7	0	0	6.7	35.3	67.7	31.5	49.6	40.4	37.2	100	99.9	99.9	99.9	99.9	70.8	99.6	99.9	64.4	88.9	-18.78	-7.9561	-137.51	7.67496	5.64047	-26.2606	
0.6	1.9	0	0	3.7	6.8	3.4	13.7	0	0	6.7	35.3	67.7	31.5	49.6	40.4	37.2	100	99.9	99.9	99.9	99.9	70.8	99.6	99.9	64.4	88.9	-18.78	-7.9561	-137.51	7.67496	5.64047	-26.2606	
0.61	1.9	0	0	3.7	6.8	3.4	13.7	0	0	6.7	35.3	67.7	31.5	49.6	40.4	37.2	100	99.9	99.9	99.9	99.9	70.8	99.6	99.9	64.4	88.9	-18.78	-7.9561	-137.51	7.67496	5.64047	-26.2606	
0.62	1.9	0	0	3.7	6.8	3.4	13.7	0	0	6.7	35.3	67.7	31.5	49.6	40.4	37.2	100	99.9	99.9	99.9	99.9	70.8	99.6	99.9	64.4	88.9	-18.78	-7.9561	-137.51	7.67496	5.64047	-26.2606	
0.63	1.9	0	0	3.7	6.8	3.4	13.7	0	0	6.7	35.3	67.7	31.5	49.6	40.4	37.2	100	99.9	99.9	99.9	99.9	70.8	99.6	99.9	64.4	88.9	-18.78	-7.9561	-137.51	7.67496	5.64047	-26.2606	
0.64	1.9	0	0	3.7	6.8	3.4	13.7	0	0	6.7	35.3	67.7	31.5	49.6	40.4	37.2	100	99.9	99.9	99.9	99.9	70.8	99.6	99.9	64.4	88.9	-18.78	-7.9561	-137.51	7.67496	5.64047	-26.2606	
0.65	1.9	0	0	3.7	6.8	3.4	13.7	0	0	6.7	35.3	67.7	31.5	49.6	40.4	37.2	100	99.9	99.9	99.9	99.9	70.8	99.6	99.9	64.4	88.9	-18.78	-7.9561	-137.51	7.67496	5.64047	-26.2606	
0.66	1.9	0	0	3.7	6.8	3.4	13.7	0	0	6.7	35.3	67.7	31.5	49.6	40.4	37.2	100	99.9	99.9	99.9	99.9	70.8	99.6	99.9	64.4	88.9	-18.78	-7.9561	-137.51	7.67496	5.64047	-26.2606	
0.67	1.9	0	0	3.7	6.8	3.4	13.7	0	0	6.7	35.3	67.7	31.5	49.6	40.4	37.2	100	99.9	99.9	99.9	99.9	70.8	99.6	99.9	64.4	88.9	-18.78	-7.9561	-137.51	7.67496	5.64047	-26.2606	
0.68	1.9	0	0	3.7	6.8	3.4	13.7	0	0	6.7	35.3	67.7	31.5	49.6	40.4	37.2	100	99.9	99.9	99.9	99.9	70.8	99.6	99.9	64.4	88.9	-18.78	-7.9561	-137.51	7.67496	5.64047	-26.2606	
0.69	1.9	0	0	3.7	6.8	3.4	13.7	0	0	6.7	35.3	67.7	31.5	49.6	40.4	37.2	100	99.9	99.9	99.9	99.9	70.8	99.6	99.9	64.4	88.9	-18.78	-7.9561	-137.51	7.67496	5.64047	-26.2606	
0.7	1.9	0	0	3.7	6.8	3.4	13.7	0	0	6.7	35.3	67.7	31.5	49.6	40.4	37.2	100	99.9	99.9	99.9	99.9	70.8	99.6	99.9	64.4	88.9	-18.78	-7.9561	-137.51	7.67496	5.64047	-26.2606	
0.71	1.9	0	0	3.7	6.8	3.4	13.7	0	0	6.7	35.3	67.7	31.5	49.6	40.4	37.2	100	99.9	99.9	99.9	99.9	70.8	99.6	99.9	64.4	88.9	-18.78	-7.9561	-137.51	7.67496	5.64047	-26.2606	
0.72	1.9	0	0	3.7	6.8	3.4	13.7	0	0	6.7	35.3	67.7	31.5	49.6	40.4	37.2	100	99.9	99.9	99.9	99.9	70.8	99.6	99.9	64.4	88.9	-18.78	-7.9561	-137.51	7.67496	5.64047	-26.2606	
0.73	1.9	0	0	3.7	6.8	3.4	13.7	0	0	6.7	35.3	67.7	31.5	49.6	40.4	37.2	100	99.9	99.9	99.9	99.9	70.8	99.6	99.9	64.4	88.9	-18.78	-7.9561	-137.51	7.67496	5.64047	-26.2606	
0.74	1.9	0	0	3.7	6.8	3.4	13.7	0	0	6.7	35.3	67.7	31.5	49.6	40.4	37.2	100	99.9	99.9	99.9	99.9	70.8	99.6	99.9	64.4	88.9	-18.78	-7.9561	-137.51	7.67496	5.64047	-26.2606	
0.75	1.9	0	0	3.7	6.8	3.4	13.7	0	0	6.7	35.3	67.7	31.5	49.6	40.4	37.2	100	99.9	99.9	99.9	99.9	70.8	99.6	99.9	64.4	88.9	-18.78	-7.9561	-137.51	7.67496	5.64047	-26.2606	
0.76	1.9	0	0	3.7	6.8	3.4	13.7	0	0	6.7	35.3	67.7	31.5	49.6	40.4	37.2	100	99.9	99.9	99.9	99.9	70.8	99.6	99.9	64.4	88.9	-18.78	-7.9561	-137.51	7.67496	5.64047	-26.2606	
0.77	1.9	0	0	3.7	6.8	3.4	13.7	0	0	6.7	35.3	67.7	31.5	49.6	40.4	37.2	100	99.9	99.9	99.9	99.9	70.8	99.6	99.9	64.4	88.9	-18.78	-7.9561	-137.51	7.67496	5.64047	-26.2606	
0.78	1.9	0	0	3.7	6.8	3.4	13.7	0	0	6.7	35.3	67.7	31.5	49.6	40.4	37.2	100	99.9	99.9	99.9	99.9	70.8	99.6	99.9	64.4	88.9	-18.78	-7.9561	-137.51	7.67496	5.64047	-26.2606	
0.79	1.9	0	0	3.7	6.8	3.4	13.7	0	0	6.7	35.3	67.7	31.5	49.6	40.4	37.2	100	99.9	99.9	99.9	99.9	70.8	99.6	99.9	64.4	88.9	-18.78	-7.9561	-137.51	7.67496	5.64047	-26.2606	
0.8	1.9	0	0	3.7	6.8	3.4	13.7	0	0	6.7	35.3	67.7	31.5	49.6	40.4	37.2	100	99.9	99.9	99.9	99.9	70.8	99.6	99.9	64.4	88.9	-18.78	-7.9561	-137.51	7.67496	5.64047	-26.2606	
0.81	1.9	0	0	3.7	6.8	3.4	13.7	0	0	6.7	35.3	67.7	31.5	49.6	40.4	37.2	100	99.9	99.9	99.9	99.9	70.8	99.6	99.9	64.4	88.9	-18.78	-7.9561	-137.51	7.67496	5.64047	-26.2606	
0.82	1.9	0	0	3.7	6.8	3.4	13.7	0	0	6.7	35.3	67.7	31.5	49.6	40.4	37.2	100	99.9	99.9	99.9	99.9	70.8	99.6	99.9	64.4	88.9	-18.78	-7.9561	-137.51	7.67496	5.64047	-26.2606	
0.83	2.1	0	0	3.7	7	3.4	13.7	0	0	6.9	35	67	31.5	49.25	40.3	37	100	99.9	99.9	99.9	99.9	74.6	99.9	99.9	67.4	90.6	-18.4589	-7.87917	-137.569	8.20124	5.60564	-26.2938	
0.84	2.1	0	0	3.7	7	3.4	13.7	0	0	6.9	35	67	31.5	49.25	40.3	37	100	99.9	99.9	99.9	99.9	74.6	99.9	99.9	67.4	90.6	-18.4589	-7.87917	-137.569	8.20124	5.60564	-26.2938	
0.85	2.1	0	0	3.7	7	3.4	13.7	0	0	6.9	35	67	31.5	49.25	40.3	37	100	99.9	99.9	99.9	99.9	74.6	99.9	99.9	67.4	90.6	-18.4589	-7.87917	-137.569	8.20124	5.60564	-26.2938	
0.86	2.1	0	0	3.7	7	3.4	13.7	0	0	6.9	35	67	31.5	49.25	40.3	37	100	99.9	99.9	99.9	99.9	74.6	99.9	99.9	67.4	90.6	-18.4589	-7.87917	-137.569	8.20124	5.60564	-26.2938	
0.87	2.1	0	0	3.7	7	3.4	13.7	0	0	6.9	35	67	31.5	49.25	40.3	37	100	99.9	99.9	99.9	99.9	74.6	99.9	99.9	67.4	90.6	-18.4589	-7.87917	-137.569	8.20124	5.60564	-26.2938	
0.88	2.1	0	0	3.7	7	3.4	13.7	0	0	6.9	35	67	31.5	49.25	40.3	37	100	99.9	99.9	99.9	99.9	74.6	99.9	99.9	67.4	90.6	-18.4589	-7.87917	-137.569	8.20124	5.60564	-26.2938	
0.89	2.1	0	0	3.7	7	3.4	13.7	0	0	6.9	35	67	31.5	49.25	40.3	37	100	99.9	99.9	99.9	99.9	74.6	99.9	99.9	67.4	90.6	-18.4589	-7.87917	-137.569	8.20124	5.60564	-26.2938	
0.9	2.1	0	0	3.7	7	3.4	13.7	0	0	6.9	35	67	31.5	49.25	40.3	37	100	99.9	99.9	99.9	99.9	74.6	99.9	99.9	67.4	90.6	-18.4589	-7.87917	-137.569	8.20124	5.60564	-26.2938	
0.91	2.1	0	0	3.7	7	3.4	13.7	0	0	6.9	35	67	31.5	49.25	40.3	37	100	99.9	99.9	99.9	99.9	74.6	99.9	99.9	67.4	90.6	-18.4589	-7.87917	-137.569	8.20124	5.60564	-26.2938	
0.92	2.1	0	0	3.7	7	3.4	13.7	0	0	6.9	35	67	31.5	49.25	40.3	37	100	99.9	99.9	99.9	99.9	74.6	99.9	99.9	67.4	90.6	-18.4589	-7.87917	-137.569	8.20124	5.60564	-26.2938	
0.93	2.1	0	0	3.7	7	3.4	13.7	0	0	6.9	35	67	31.5	49.25	40.3	37	100	99.9	99.9	99.9	99.9	74.6	99.9	99.9	67.4	90.6	-18.4589	-7.87917	-137.569	8.20124	5.60564	-26.2938	
0.94	2.1	0	0	3.7	7	3.4	13.7	0	0	6.9	35	67	31.5	49.25	40.3	37	100	99.9	99.9	99.9	99.9	74.6	99.9	99.9	67.4	90.6	-18.4589	-7.87917	-137.569	8.20124	5.60564	-26.2938	
0.95	2.1	0	0	3.7	7	3.4	13.7	0	0	6.9	35	67	31.5	49.25	40.3	37	100	99.9	99.9	99.9	99.9	74.6	99.9	99.9	67.4	90.6	-18.4589	-7.87917	-137.569	8.20124	5.60564	-26.2938	
0.96	2.1	0	0	3.7	7	3.4	13.7	0	0	6.9	35	67	31.5	49.25	40.3	37	100	99.9	99.9	99.9	99.9	74.6	99.9	99.9	67.4	90.6	-18.4589	-7.87917	-137.569	8.20124	5.60564	-26.2938	
0.97	2.1	0	0	3.7	7	3.4	13.7	0	0	6.9	35	67	31.5	49.25	40.3	37	100	99.9	99.9	99.9	99.9	74.6	99.9	99.9	67.4	90.6	-18.4589	-7.87917	-137.569	8.20124	5.60564	-26.2938	
0.98	2.1	0	0	3.7	7	3.4	13.7	0	0	6.9	35	67	31.5	49.25	40.3	37	100	99.9	99.9	99.9	99.9	74.6	99.9	99.9	67.4	90.6	-18.4589	-7.87917	-137.569	8.20124	5.60564	-26.2938	
0.99	2.1	0	0	3.7	7	3.4	13.7	0	0	6.9	35	67	31.5	49.25	40.3	37	100	99.9	99.9	99.9	99.9	74.6	99.9	99.9	67.4	90.6	-18.4589	-7.87917	-137.569	8.20124	5.60564	-26.2938	
1	2.1	0	0	3.7	7	3.4	13.7	0	0	6.9	35	67	31.5	49.25	40.3	37	100	99.9	99.9	99.9	99.9	74.6	99.9	99.9	67.4	90.6	-18.4589	-7.87917	-137.569	8.20124	5.60564	-26.2938	
1.01	2.1	0	0	3.7	7	3.4	13.7	0	0	6.9	35	67	31.5	49.25	40.3	37	100	99.9	99.9	99.9	99.9	74.6	99.9	99.9	67.4	90.6	-18.4589	-7.87917	-137.569	8.20124	5.60564	-26.2938	
1.02	2.1	0	0	3.7	7	3.4	13.7	0	0	6.9	35	67	31.5	49.25	40.3	37	100	99.9	99.9	99.9	99.9	74.6	99.9	99.9	67.4	90.6	-18.4589	-7.87917	-137.569	8.20124	5.60564	-26.2938	
1.03	2.1	0	0	3.7	7	3.4	13.7	0	0	6.9	35	67	31.5	49.25	40.3	37	100	99.9	99.9	99.9	99.9	74.6	99.9	99.9	67.4	90.6	-18.4589	-7.87917	-137.569	8.20124	5.60564	-26.2938	
1.04	2.1	0	0	3.7	7	3.4	13.7	0	0	6.9	35	67	31.5	49.25	40.3	37	100	99.9	99.9	99.9	99.9	74.6	99.9	99.9	67.4	90.6	-18.4589	-7.87917	-137.569	8.20124	5.60564	-26.2938	
1.05	2.1	0	0	3.7	7	3.4	13.7	0	0	6.9	35	67	31.5	49.25	40.3	37	100	99.9	99.9	99.9	99.9	74.6	99.9	99.9	67.4	90.6	-18.4589	-7.87917	-137.569	8.20124	5.60564	-26.2938	
1.06	2.1	0	0	3.7	7	3.4	13.7	0	0	6.9	35	67	31.5	49.25	40.3	37	100	99.9	99.9	99.9	99.9	74.6	99.9	99.9	67.4	90.6	-18.4589	-7.87917	-137.569	8.20124	5.60564	-26.2938	
1.07	2.1	0	0	3.7	7	3.4	13.7	0	0	6.9	35	67	31.5	49.25	40.3	37	100	99.9	99.9	99.9	99.9	74.6	99.9	99.9	67.4	90.6	-18.4589	-7.87917	-137.569	8.20124	5.60564	-26.2938	
1.08	2.1	0	0	3.7	7	3.4	13.7	0	0	6.9	35	67	31.5	49.25	40.3	37	100	99.9	99.9	99.9	99.9	74.6	99.9	99.9	67.4	90.6	-18.4589	-7.87917	-137.569	8.20124	5.60564	-26.2938	
1.09	2.1	0	0	3.7	7	3.4	13.7	0	0	6.9	35	67	31.5	49.25	40.3	37	100	99.9	99.9	99.9	99.9	74.6	99.9	99.9	67.4	90.6	-18.4589	-7.87917	-137.569	8.20124	5.60564	-26.2938	
1.1	2.1	0	0	3.7	7	3.4	13.7	0	0	6.9	35	67	31.5	49.25	40.3	37	100	99.9	99.9	99.9	99.9	74.6	99.9	99.9	67.4	90.6	-18.4589	-7.87917	-137.569	8.20124	5.60564	-26.2938	
1.11	2.1	0	0	3.7	7	3.4	13.7	0	0	6.9	35	67	31.5	49.25	40.3	37	100	99.9	99.9	99.9	99.9	74.6	99.9	99.9	67.4	90.6	-18.4589	-7.87917	-137.569	8.20124	5.60564	-26.2938	
1.12	2.1	0	0	3.7	7	3.4	13.7	0	0	6.9	35	67	31.5	49.25	40.3	37	100	99.9	99.9	99.9	99.9	74.6	99.9	99.9	67.4	90.6	-18.4589	-7.87917	-137.569	8.20124	5.60564	-26.2938	
1.13	2.1	0	0	3.7	7	3.4	13.7	0	0	6.9	35	67	31.5	49.25	40.3	37	100	99.9	99.9	99.9	99.9	74.6	99.9	99.9	67.4	90.6	-18.4589	-7.87917	-137.569	8.20124	5.60564	-26.2938	
1.14	2.1	0	0	3.7	7	3.4	13.7	0	0	6.9	35	67	31.5	49.25	40.3	37	100	99.9	99.9	99.9	99.9	74.6	99.9	99.9	67.4	90.6	-18.4589	-7.87917	-137.569	8.20124	5.60564	-26.2938	
1.15	2.1	0	0	3.7	7	3.4	13.7	0	0	6.9	35	67	31.5	49.25	40.3	37	100	99.9	99.9	99.9	99.9	74.6	99.9	99.9	67.4	90.6	-18.4589	-7.87917	-137.569	8.20124	5.60564	-26.2938	
1.16	2.1	0	0	3.7	7	3.4	13.7	0	0	6.9	35	67	31.5	49.25	40.3	37	100	99.9	99.9	99.9	99.9	74.6	99.9	99.9	67.4	90.6	-18.4589	-7.87917	-137.569	8.20124	5.60564	-26.2938	
1.17	2.1	0	0	3.7	7	3.4	13.7	0	0	6.9	35	67	31.5	49.25	40.3	37	100	99.9	99.9	99.9	99.9	74.6	99.9	99.9	67.4	90.6	-18.4589	-7.87917	-137.569	8.20124	5.60564	-26.2938	
1.18	2.1	0	0	3.7	7	3.4	13.7	0	0	6.9	35	67	31.5	49.25	40.3	37	100	99.9	99.9	99.9	99.9	74.6	99.9	99.9	67.4	90.6	-18.4589	-7.87917	-137.569	8.20124	5.60564	-26.2938	
1.19	2.1	0	0	3.7	7	3.4	13.7	0	0	6.9	35	67	31.5	49.25	40.3	37	100	99.9	99.9	99.9	99.9	74.6	99.9	99.9	67.4	90.6	-18.4589	-7.87917	-137.569	8.20124	5.60564	-26.2938	
1.2	2.2	0	0	3.7	6.9	3.4	13.4	0	0	7	36.2	66.5	40.1	53.3	40.2	36.9	99.9	99.9	99.9	99.9	99.9	70	99.8	99.6	68.5	89.2	-18.1154	-7.74267	-137.591	8.49417	5.86544	-26.0573	
1.21	2.2	0	0	3.7	6.9	3.4	13.4	0	0	7	36.2	66.5	40.1	53.3	40.2	36.9	99.9	99.9	99.9	99.9	99.9	70	99.8	99.6	68.5	89.2	-18.1154	-7.74267	-137.591	8.49417	5.86544	-26.0573	
1.22	2.2	0	0	3.7	6.9	3.4	13.4	0	0	7	36.2	66.5	40.1	53.3	40.2	36.9	99.9	99.9	99.9	99.9	99.9	70	99.8	99.6	68.5	89.2	-18.1154	-7.74267	-137.591	8.49417	5.86544	-26.0573	
1.23	2.2	0	0	3.7	6.9	3.4	13.4	0	0	7	36.2	66.5	40.1	53.3	40.2	36.9	99.9	99.9	99.9	99.9	99.9	70	99.8	99.6	68.5	89.2	-18.1154	-7.74267	-137.591	8.49417	5.86544	-26.0573	
1.24	2.2	0	0	3.7	6.9	3.4	13.4	0	0	7	36.2	66.5	40.1	53.3	40.2	36.9	99.9	99.9	99.9	99.9	99.9	70	99.8	99.6	68.5	89.2	-18.1154	-7.74267	-137.591	8.49417	5.86544	-26.0573	
1.25	2.2	0	0	3.7	6.9	3.4	13.4	0	0	7	36.2	66.5	40.1	53.3	40.2	36.9	99.9	99.9	99.9	99.9	99.9	70	99.8	99.6	68.5	89.2	-18.1154	-7.74267	-137.591	8.49417	5.86544	-26.0573	
1.26	2.2	0	0	3.7	6.9	3.4	13.4	0	0	7	36.2	66.5	40.1	53.3	40.2	36.9	99.9	99.9	99.9	99.9	99.9	70	99.8	99.6	68.5	89.2	-18.1154	-7.74267	-137.591	8.49417	5.86544	-26.0573	
1.27	2.2	0	0	3.7	6.9	3.4	13.4	0	0	7	36.2	66.5	40.1	53.3	40.2	36.9	99.9	99.9	99.9	99.9	99.9	70	99.8	99.6	68.5	89.2	-18.1154	-7.74267	-137.591	8.49417	5.86544	-26.0573	
1.28	2.2	0	0	3.7	6.9	3.4	13.4	0	0	7	36.2	66.5	40.1	53.3	40.2	36.9	99.9	99.9	99.9	99.9	99.9	70	99.8	99.6	68.5	89.2	-18.1154	-7.74267	-137.591	8.49417	5.86544	-26.0573	
1.29	2.2	0	0	3.7	6.9	3.4	13.4	0	0	7	36.2	66.5	40.1	53.3	40.2	36.9	99.9	99.9	99.9	99.9	99.9	70	99.8	99.6	68.5	89.2	-18.1154	-7.74267	-137.591	8.49417	5.86544	-26.0573	
1.3	2.2	0	0	3.7	6.9	3.4	13.4	0	0	7	36.2	66.5	40.1	53.3	40.2	36.9	99.9	99.9	99.9	99.9	99.9	70	99.8	99.6	68.5	89.2	-18.1154	-7.74267	-137.591	8.49417	5.86544	-26.0573	
1.31	2.2	0	0	3.7	6.9	3.4	13.4	0	0	7	36.2	66.5	40.1	53.3	40.2	36.9	99.9	99.9	99.9	99.9	99.9	70	99.8	99.6	68.5	89.2	-18.1154	-7.74267	-137.591	8.49417	5.86544	-26.0573	
1.32	2.2	0	0	3.7	6.9	3.4	13.4	0	0	7	36.2	66.5	40.1	53.3	40.2	36.9	99.9	99.9	99.9	99.9	99.9	70	99.8	99.6	68.5	89.2	-18.1154	-7.74267	-137.591	8.49417	5.86544	-26.0573	
1.33	2.2	0	0	3.7	6.9	3.4	13.4	0	0	7	36.2	66.5	40.1	53.3	40.2	36.9	99.9	99.9	99.9	99.9	99.9	70	99.8	99.6	68.5	89.2	-18.1154	-7.74267	-137.591	8.49417	5.86544	-26.0573	
1.34	2.2	0	0	3.7	6.9	3.4	13.4	0	0	7	36.2	66.5	40.1	53.3	40.2	36.9	99.9	99.9	99.9	99.9	99.9	70	99.8	99.6	68.5	89.2	-18.1154	-7.74267	-137.591	8.49417	5.86544	-26.0573	
1.35	2.2	0	0	3.7	6.9	3.4	13.4	0	0	7	36.2	66.5	40.1	53.3	40.2	36.9	99.9	99.9	99.9	99.9	99.9	70	99.8	99.6	68.5	89.2	-18.1154	-7.74267	-137.591	8.49417	5.86544	-26.0573	
1.36	2.2	0	0	3.7	6.9	3.4	13.4	0	0	7	36.2	66.5	40.1	53.3	40.2	36.9	99.9	99.9	99.9	99.9	99.9	70	99.8	99.6	68.5	89.2	-18.1154	-7.74267	-137.591	8.49417	5.86544	-26.0573	
1.37	2.2	0	0	3.7	6.9	3.4	13.4	0	0	7	36.2	66.5	40.1	53.3	40.2	36.9	99.9	99.9	99.9	99.9	99.9	70	99.8	99.6	68.5	89.2	-18.1154	-7.74267	-137.591	8.49417	5.86544	-26.0573	
1.38	2.2	0	0	3.7	6.9	3.4	13.4	0	0	7	36.2	66.5	40.1	53.3	40.2	36.9	99.9	99.9	99.9	99.9	99.9	70	99.8	99.6	68.5	89.2	-18.1154	-7.74267	-137.591	8.49417	5.86544	-26.0573	
1.39	2.2	0	0	3.7	6.9	3.4	13.4	0	0	7	36.2	66.5	40.1	53.3	40.2	36.9	99.9	99.9	99.9	99.9	99.9	70	99.8	99.6	68.5	89.2	-18.1154	-7.74267	-137.591	8.49417	5.86544	-26.0573	
1.4	2.2	0	0	3.7	6.9	3.4	13.4	0	0	7	36.2	66.5	40.1	53.3	40.2	36.9	99.9	99.9	99.9	99.9	99.9	70	99.8	99.6	68.5	89.2	-18.1154	-7.74267	-137.591	8.49417	5.86544	-26.0573	
1.41	2.2	0	0	3.7	6.9	3.4	13.4	0	0	7	36.2	66.5	40.1	53.3	40.2	36.9	99.9	99.9	99.9	99.9	99.9	70	99.8	99.6	68.5	89.2	-18.1154	-7.74267	-137.591	8.49417	5.86544	-26.0573	
1.42	2.2	0	0	3.7	6.9	3.4	13.4	0	0	7	36.2	66.5	40.1	53.3	40.2	36.9	99.9	99.9	99.9	99.9	99.9	70	99.8	99.6	68.5	89.2	-18.1154	-7.74267	-137.591	8.49417	5.86544	-26.0573	
1.43	2.2	0	0	3.7	6.9	3.4	13.4	0	0	7	36.2	66.5	40.1	53.3	40.2	36.9	99.9	99.9	99.9	99.9	99.9	70	99.8	99.6	68.5	89.2	-18.1154	-7.74267	-137.591	8.49417	5.86544	-26.0573	
1.44	2.2	0	0	3.7	6.9	3.4	13.4	0	0	7	36.2	66.5	40.1	53.3	40.2	36.9	99.9	99.9	99.9	99.9	99.9	70	99.8	99.6	68.5	89.2	-18.1154	-7.74267	-137.591	8.49417	5.86544	-26.0573	
1.45	2.2	0	0	3.7	6.9	3.4	13.4	0	0	7	36.2	66.5	40.1	53.3	40.2	36.9	99.9	99.9	99.9	99.9	99.9	70	99.8	99.6	68.5	89.2	-18.1154	-7.74267	-137.591	8.49417	5.86544	-26.0573	
1.46	2.2	0	0	3.7	6.9	3.4	13.4	0	0	7	36.2	66.5	40.1	53.3	40.2	36.9	99.9	99.9	99.9	99.9	99.9	70	99.8	99.6	68.5	89.2	-18.1154	-7.74267	-137.591	8.49417	5.86544	-26.0573	
1.47	2.2	0	0	3.7	6.9	3.4	13.4	0	0	7	36.2	66.5	40.1	53.3	40.2	36.9	99.9	99.9	99.9	99.9	99.9	70	99.8	99.6	68.5	89.2	-18.1154	-7.74267	-137.591	8.49417	5.86544	-26.0573	
1.48	2.2	0	0	3.7	6.9	3.4	13.4	0	0	7	36.2	66.5	40.1	53.3	40.2	36.9	99.9	99.9	99.9	99.9	99.9	70	99.8	99.6	68.5	89.2	-18.1154	-7.74267	-137.591	8.49417	5.86544	-26.0573	
1.49	2.2	0	0	3.7	6.9	3.4	13.4	0	0	7	36.2	66.5	40.1	53.3	40.2	36.9	99.9	99.9	99.9	99.9	99.9	70	99.8	99.6	68.5	89.2	-18.1154	-7.74267	-137.591	8.49417	5.86544	-26.0573	
1.5	2.2	0	0	3.7	6.9	3.4	13.4	0	0	7	36.2	66.5	40.1	53.3	40.2	36.9	99.9	99.9	99.9	99.9	99.9	70	99.8	99.6	68.5	89.2	-18.1154	-7.74267	-137.591	8.49417	5.86544	-26.0573	
1.51	2.2	0	0	3.7	6.9	3.4	13.4	0	0	7	36.2	66.5	40.1	53.3	40.2	36.9	99.9	99.9	99.9	99.9	99.9	70	99.8	99.6	68.5	89.2	-18.1154	-7.74267	-137.591	8.49417	5.86544	-26.0573	
1.52	2.2	0	0	3.7	6.9	3.4	13.4	0	0	7	36.2	66.5	40.1	53.3	40.2	36.9	99.9	99.9	99.9	99.9	99.9	70	99.8	99.6	68.5	89.2	-18.1154	-7.74267	-137.591	8.49417	5.86544	-26.0573	
1.53	2.2	0	0	3.7	6.9	3.4	13.4	0	0	7	36.2	66.5	40.1	53.3	40.2	36.9	99.9	99.9	99.9	99.9	99.9	70	99.8	99.6	68.5	89.2	-18.1154	-7.74267	-137.591	8.49417	5.86544	-26.0573	
1.54	2.2	0	0	3.7	6.9	3.4	13.4	0	0	7	36.2	66.5	40.1	53.3	40.2	36.9	99.9	99.9	99.9	99.9	99.9	70	99.8	99.6	68.5	89.2	-18.1154	-7.74267	-137.591	8.49417	5.86544	-26.0573	
1.55	2.2	0	0	3.7	6.9	3.4	13.4	0	0	7	36.2	66.5	40.1	53.3	40.2	36.9	99.9	99.9	99.9	99.9	99.9	70	99.8	99.6	68.5	89.2	-18.1154	-7.74267	-137.591	8.49417	5.86544	-26.0573	
1.56	2.3	0	0	3.7	6.9	3.5	13.7	0	0	6.9	34.8	65.9	33	49.45	39.8	36.7	100	99.9	99.9	99.9	99.9	70.2	99.9	99.9	68.8	88.7	-18.5054	-7.87682	-137.54	8.23986	5.55251	-26.0865	
1.57	2.7	0	0	3.7	6.9	3.2	13.4	0	0	7	34.5	65.1	31.3	48.2	40	36.7	99.9	99.9	99.9	99.9	99.9	74.6	99.6	99.5	69	90.7	-18.5758	-7.84442	-137.541	8.33926	5.816	-26.0096	
1.58	2.7	0	0	3.7	6.9	3.2	13.4	0	0	7	34.5	65.1	31.3	48.2	40	36.7	99.9	99.9	99.9	99.9	99.9	74.6	99.6	99.5	69	90.7	-18.5758	-7.84442	-137.541	8.33926	5.816	-26.0096	
1.59	2.7	0	0	3.7	6.9	3.2	13.4	0	0	7	34.5	65.1	31.3	48.2	40	36.7	99.9	99.9	99.9	99.9	99.9	74.6	99.6	99.5	69	90.7	-18.5758	-7.84442	-137.541	8.33926	5.816	-26.0096	
1.6	2.7	0	0	3.7	6.9	3.2	13.4	0	0	7	34.5	65.1	31.3	48.2	40	36.7	99.9	99.9	99.9	99.9	99.9	74.6	99.6	99.5	69	90.7	-18.5758	-7.84442	-137.541	8.33926	5.816	-26.0096	
1.61	2.7	0	0	3.7	6.9	3.2	13.4	0	0	7	34.5	65.1	31.3	48.2	40	36.7	99.9	99.9	99.9	99.9	99.9	74.6	99.6	99.5	69	90.7	-18.5758	-7.84442	-137.541	8.33926	5.816	-26.0096	
1.62	2.7	0	0	3.7	6.9	3.2	13.4	0	0	7	34.5	65.1	31.3	48.2	40	36.7	99.9	99.9	99.9	99.9	99.9	74.6	99.6	99.5	69	90.7	-18.5758	-7.84442	-137.541	8.33926	5.816	-26.0096	
