Hora de inicio de la toma de datos: 10:25:50
AT(s)	F1.1	F1.2	F2.1	F2.2	F3.1	F3.2	F4.1	F4.2	F5.1	F5.2	ABD1	ABD2	ABD3	ABD4	PA	TCO	P1	P2	P3	P4	P5	P6	P7	P8	P9	P10	HRoll	HPitch	HYaw	WRoll	WPitch	WYaw	
0.01	21.4	11	4.3	18.3	28.6	0	94.6	16.1	90.7	51.9	0	100	0	50	71.4	84	62.9	99.9	30.1	99.9	99.9	99.3	99.4	99.5	99.9	99.9	-142.819	8.6863	-168.621	-110.688	7.98412	106.006	
0.02	21.4	11	4.3	18.3	28.6	0	94.6	16.1	90.7	51.9	0	100	0	50	71.4	84	62.9	99.9	30.1	99.9	99.9	99.3	99.4	99.5	99.9	99.9	-142.819	8.6863	-168.621	-110.688	7.98412	106.006	
0.03	21.4	11	4.3	18.3	28.6	0	94.6	16.1	90.7	51.9	0	100	0	50	71.4	84	62.9	99.9	30.1	99.9	99.9	99.3	99.4	99.5	99.9	99.9	-142.819	8.6863	-168.621	-110.688	7.98412	106.006	
0.04	21.4	11	4.3	18.3	28.6	0	94.6	16.1	90.7	51.9	0	100	0	50	71.4	84	62.9	99.9	30.1	99.9	99.9	99.3	99.4	99.5	99.9	99.9	-142.819	8.6863	-168.621	-110.688	7.98412	106.006	
0.05	21.4	11	4.3	18.3	28.6	0	94.6	16.1	90.7	51.9	0	100	0	50	71.4	84	62.9	99.9	30.1	99.9	99.9	99.3	99.4	99.5	99.9	99.9	-142.819	8.6863	-168.621	-110.688	7.98412	106.006	
0.06	21.4	11	4.3	18.3	28.6	0	94.6	16.1	90.7	51.9	0	100	0	50	71.4	84	62.9	99.9	30.1	99.9	99.9	99.3	99.4	99.5	99.9	99.9	-142.819	8.6863	-168.621	-110.688	7.98412	106.006	
0.07	21.4	11	4.3	18.3	28.6	0	94.6	16.1	90.7	51.9	0	100	0	50	71.4	84	62.9	99.9	30.1	99.9	99.9	99.3	99.4	99.5	99.9	99.9	-142.819	8.6863	-168.621	-110.688	7.98412	106.006	
0.08	21.4	11	4.3	18.3	28.6	0	94.6	16.1	90.7	51.9	0	100	0	50	71.4	84	62.9	99.9	30.1	99.9	99.9	99.3	99.4	99.5	99.9	99.9	-142.819	8.6863	-168.621	-110.688	7.98412	106.006	
0.09	21.4	11	4.3	18.3	28.6	0	94.6	16.1	90.7	51.9	0	100	0	50	71.4	84	62.9	99.9	30.1	99.9	99.9	99.3	99.4	99.5	99.9	99.9	-142.819	8.6863	-168.621	-110.688	7.98412	106.006	
0.1	21.4	11	4.3	18.3	28.6	0	94.6	16.1	90.7	51.9	0	100	0	50	71.4	84	62.9	99.9	30.1	99.9	99.9	99.3	99.4	99.5	99.9	99.9	-142.819	8.6863	-168.621	-110.688	7.98412	106.006	
0.11	21.4	11	4.3	18.3	28.6	0	94.6	16.1	90.7	51.9	0	100	0	50	71.4	84	62.9	99.9	30.1	99.9	99.9	99.3	99.4	99.5	99.9	99.9	-142.819	8.6863	-168.621	-110.688	7.98412	106.006	
0.12	21.4	11	4.3	18.3	28.6	0	94.6	16.1	90.7	51.9	0	100	0	50	71.4	84	62.9	99.9	30.1	99.9	99.9	99.3	99.4	99.5	99.9	99.9	-142.819	8.6863	-168.621	-110.688	7.98412	106.006	
0.13	21.4	11	4.3	18.3	28.6	0	94.6	16.1	90.7	51.9	0	100	0	50	71.4	84	62.9	99.9	30.1	99.9	99.9	99.3	99.4	99.5	99.9	99.9	-142.819	8.6863	-168.621	-110.688	7.98412	106.006	
0.14	21.4	11	4.3	18.3	28.6	0	94.6	16.1	90.7	51.9	0	100	0	50	71.4	84	62.9	99.9	30.1	99.9	99.9	99.3	99.4	99.5	99.9	99.9	-142.819	8.6863	-168.621	-110.688	7.98412	106.006	
0.15	21.4	11	4.3	18.3	28.6	0	94.6	16.1	90.7	51.9	0	100	0	50	71.4	84	62.9	99.9	30.1	99.9	99.9	99.3	99.4	99.5	99.9	99.9	-142.819	8.6863	-168.621	-110.688	7.98412	106.006	
0.16	21.4	11	4.3	18.3	28.6	0	94.6	16.1	90.7	51.9	0	100	0	50	71.4	84	62.9	99.9	30.1	99.9	99.9	99.3	99.4	99.5	99.9	99.9	-142.819	8.6863	-168.621	-110.688	7.98412	106.006	
0.171	21.4	11	4.3	18.3	28.6	0	94.6	16.1	90.7	51.9	0	100	0	50	71.4	84	62.9	99.9	30.1	99.9	99.9	99.3	99.4	99.5	99.9	99.9	-142.819	8.6863	-168.621	-110.688	7.98412	106.006	
0.181	21.4	11	4.3	18.3	28.6	0	94.6	16.1	90.7	51.9	0	100	0	50	71.4	84	62.9	99.9	30.1	99.9	99.9	99.3	99.4	99.5	99.9	99.9	-142.819	8.6863	-168.621	-110.688	7.98412	106.006	
0.191	21.4	11	4.3	18.3	28.6	0	94.6	16.1	90.7	51.9	0	100	0	50	71.4	84	62.9	99.9	30.1	99.9	99.9	99.3	99.4	99.5	99.9	99.9	-142.819	8.6863	-168.621	-110.688	7.98412	106.006	
0.201	21.4	11	4.3	18.3	28.6	0	94.6	16.1	90.7	51.9	0	100	0	50	71.4	84	62.9	99.9	30.1	99.9	99.9	99.3	99.4	99.5	99.9	99.9	-142.819	8.6863	-168.621	-110.688	7.98412	106.006	
0.211	21.4	11	4.3	18.3	28.6	0	94.6	16.1	90.7	51.9	0	100	0	50	71.4	84	62.9	99.9	30.1	99.9	99.9	99.3	99.4	99.5	99.9	99.9	-142.819	8.6863	-168.621	-110.688	7.98412	106.006	
0.221	21.4	11	4.3	18.3	28.6	0	94.6	16.1	90.7	51.9	0	100	0	50	71.4	84	62.9	99.9	30.1	99.9	99.9	99.3	99.4	99.5	99.9	99.9	-142.819	8.6863	-168.621	-110.688	7.98412	106.006	
0.231	21.4	11	4.3	18.3	28.6	0	94.6	16.1	90.7	51.9	0	100	0	50	71.4	84	62.9	99.9	30.1	99.9	99.9	99.3	99.4	99.5	99.9	99.9	-142.819	8.6863	-168.621	-110.688	7.98412	106.006	
0.241	21.4	11	4.3	18.3	28.6	0	94.6	16.1	90.7	51.9	0	100	0	50	71.4	84	62.9	99.9	30.1	99.9	99.9	99.3	99.4	99.5	99.9	99.9	-142.819	8.6863	-168.621	-110.688	7.98412	106.006	
0.251	21.4	11	4.3	18.3	28.6	0	94.6	16.1	90.7	51.9	0	100	0	50	71.4	84	62.9	99.9	30.1	99.9	99.9	99.3	99.4	99.5	99.9	99.9	-142.819	8.6863	-168.621	-110.688	7.98412	106.006	
0.261	21.4	11	4.3	18.3	28.6	0	94.6	16.1	90.7	51.9	0	100	0	50	71.4	84	62.9	99.9	30.1	99.9	99.9	99.3	99.4	99.5	99.9	99.9	-142.819	8.6863	-168.621	-110.688	7.98412	106.006	
0.271	21.4	11	4.3	18.3	28.6	0	94.6	16.1	90.7	51.9	0	100	0	50	71.4	84	62.9	99.9	30.1	99.9	99.9	99.3	99.4	99.5	99.9	99.9	-142.819	8.6863	-168.621	-110.688	7.98412	106.006	
0.281	21.4	11	4.3	18.3	28.6	0	94.6	16.1	90.7	51.9	0	100	0	50	71.4	84	62.9	99.9	30.1	99.9	99.9	99.3	99.4	99.5	99.9	99.9	-142.819	8.6863	-168.621	-110.688	7.98412	106.006	
0.29	21.4	11	4.3	18.3	28.6	0	94.6	16.1	90.7	51.9	0	100	0	50	71.4	84	62.9	99.9	30.1	99.9	99.9	99.3	99.4	99.5	99.9	99.9	-142.819	8.6863	-168.621	-110.688	7.98412	106.006	
0.3	21.4	11	4.3	18.3	28.6	0	94.6	16.1	90.7	51.9	0	100	0	50	71.4	84	62.9	99.9	30.1	99.9	99.9	99.3	99.4	99.5	99.9	99.9	-142.819	8.6863	-168.621	-110.688	7.98412	106.006	
0.31	21.4	11	4.3	18.3	28.6	0	94.6	16.1	90.7	51.9	0	100	0	50	71.4	84	62.9	99.9	30.1	99.9	99.9	99.3	99.4	99.5	99.9	99.9	-142.819	8.6863	-168.621	-110.688	7.98412	106.006	
0.32	21.4	11	4.3	18.3	28.6	0	94.6	16.1	90.7	51.9	0	100	0	50	71.4	84	62.9	99.9	30.1	99.9	99.9	99.3	99.4	99.5	99.9	99.9	-142.819	8.6863	-168.621	-110.688	7.98412	106.006	
0.33	21.4	10.8	4.3	19.2	28.7	0	94.5	15.8	90.7	51.6	0	100	0	50	71.3	83.7	63	99.9	29.1	99.9	99.9	99.8	99.7	99.4	99.4	99.6	-141.256	8.071	-167.917	-109.275	8.09709	106.479	
0.34	21.2	10.5	4.3	20	28.4	0	94.1	16.4	90.6	51.1	0	100	0	50	71.2	82.9	63.8	99.9	28.5	99.9	99.9	99.5	99.6	99.4	99.4	99.9	-142.036	8.54843	-167.697	-111.215	7.52675	105.788	
0.35	21.2	10.5	4.3	20	28.4	0	94.1	16.4	90.6	51.1	0	100	0	50	71.2	82.9	63.8	99.9	28.5	99.9	99.9	99.5	99.6	99.4	99.4	99.9	-142.036	8.54843	-167.697	-111.215	7.52675	105.788	
0.36	21.2	10.5	4.3	20	28.4	0	94.1	16.4	90.6	51.1	0	100	0	50	71.2	82.9	63.8	99.9	28.5	99.9	99.9	99.5	99.6	99.4	99.4	99.9	-142.036	8.54843	-167.697	-111.215	7.52675	105.788	
0.37	21.2	10.5	4.3	20	28.4	0	94.1	16.4	90.6	51.1	0	100	0	50	71.2	82.9	63.8	99.9	28.5	99.9	99.9	99.5	99.6	99.4	99.4	99.9	-142.036	8.54843	-167.697	-111.215	7.52675	105.788	
0.38	21.2	10.5	4.3	20	28.4	0	94.1	16.4	90.6	51.1	0	100	0	50	71.2	82.9	63.8	99.9	28.5	99.9	99.9	99.5	99.6	99.4	99.4	99.9	-142.036	8.54843	-167.697	-111.215	7.52675	105.788	
0.39	21.2	10.5	4.3	20	28.4	0	94.1	16.4	90.6	51.1	0	100	0	50	71.2	82.9	63.8	99.9	28.5	99.9	99.9	99.5	99.6	99.4	99.4	99.9	-142.036	8.54843	-167.697	-111.215	7.52675	105.788	
0.4	21.2	10.5	4.3	20	28.4	0	94.1	16.4	90.6	51.1	0	100	0	50	71.2	82.9	63.8	99.9	28.5	99.9	99.9	99.5	99.6	99.4	99.4	99.9	-142.036	8.54843	-167.697	-111.215	7.52675	105.788	
0.41	21.2	10.5	4.3	20	28.4	0	94.1	16.4	90.6	51.1	0	100	0	50	71.2	82.9	63.8	99.9	28.5	99.9	99.9	99.5	99.6	99.4	99.4	99.9	-142.036	8.54843	-167.697	-111.215	7.52675	105.788	
0.42	21.2	10.5	4.3	20	28.4	0	94.1	16.4	90.6	51.1	0	100	0	50	71.2	82.9	63.8	99.9	28.5	99.9	99.9	99.5	99.6	99.4	99.4	99.9	-142.036	8.54843	-167.697	-111.215	7.52675	105.788	
0.43	21.2	10.5	4.3	20	28.4	0	94.1	16.4	90.6	51.1	0	100	0	50	71.2	82.9	63.8	99.9	28.5	99.9	99.9	99.5	99.6	99.4	99.4	99.9	-142.036	8.54843	-167.697	-111.215	7.52675	105.788	
0.44	21.2	10.5	4.3	20	28.4	0	94.1	16.4	90.6	51.1	0	100	0	50	71.2	82.9	63.8	99.9	28.5	99.9	99.9	99.5	99.6	99.4	99.4	99.9	-142.036	8.54843	-167.697	-111.215	7.52675	105.788	
0.45	21.2	10.5	4.3	20	28.4	0	94.1	16.4	90.6	51.1	0	100	0	50	71.2	82.9	63.8	99.9	28.5	99.9	99.9	99.5	99.6	99.4	99.4	99.9	-142.036	8.54843	-167.697	-111.215	7.52675	105.788	
0.46	21.2	10.5	4.3	20	28.4	0	94.1	16.4	90.6	51.1	0	100	0	50	71.2	82.9	63.8	99.9	28.5	99.9	99.9	99.5	99.6	99.4	99.4	99.9	-142.036	8.54843	-167.697	-111.215	7.52675	105.788	
0.47	21.2	10.5	4.3	20	28.4	0	94.1	16.4	90.6	51.1	0	100	0	50	71.2	82.9	63.8	99.9	28.5	99.9	99.9	99.5	99.6	99.4	99.4	99.9	-142.036	8.54843	-167.697	-111.215	7.52675	105.788	
0.48	21.2	10.5	4.3	20	28.4	0	94.1	16.4	90.6	51.1	0	100	0	50	71.2	82.9	63.8	99.9	28.5	99.9	99.9	99.5	99.6	99.4	99.4	99.9	-142.036	8.54843	-167.697	-111.215	7.52675	105.788	
0.49	21.2	10.5	4.3	20	28.4	0	94.1	16.4	90.6	51.1	0	100	0	50	71.2	82.9	63.8	99.9	28.5	99.9	99.9	99.5	99.6	99.4	99.4	99.9	-142.036	8.54843	-167.697	-111.215	7.52675	105.788	
0.5	21.2	10.5	4.3	20	28.4	0	94.1	16.4	90.6	51.1	0	100	0	50	71.2	82.9	63.8	99.9	28.5	99.9	99.9	99.5	99.6	99.4	99.4	99.9	-142.036	8.54843	-167.697	-111.215	7.52675	105.788	
0.51	21.2	10.5	4.3	20	28.4	0	94.1	16.4	90.6	51.1	0	100	0	50	71.2	82.9	63.8	99.9	28.5	99.9	99.9	99.5	99.6	99.4	99.4	99.9	-142.036	8.54843	-167.697	-111.215	7.52675	105.788	
0.52	21.2	10.5	4.3	20	28.4	0	94.1	16.4	90.6	51.1	0	100	0	50	71.2	82.9	63.8	99.9	28.5	99.9	99.9	99.5	99.6	99.4	99.4	99.9	-142.036	8.54843	-167.697	-111.215	7.52675	105.788	
0.53	21.2	10.5	4.3	20	28.4	0	94.1	16.4	90.6	51.1	0	100	0	50	71.2	82.9	63.8	99.9	28.5	99.9	99.9	99.5	99.6	99.4	99.4	99.9	-142.036	8.54843	-167.697	-111.215	7.52675	105.788	
0.54	21.2	10.5	4.3	20	28.4	0	94.1	16.4	90.6	51.1	0	100	0	50	71.2	82.9	63.8	99.9	28.5	99.9	99.9	99.5	99.6	99.4	99.4	99.9	-142.036	8.54843	-167.697	-111.215	7.52675	105.788	
0.55	21.2	10.5	4.3	20	28.4	0	94.1	16.4	90.6	51.1	0	100	0	50	71.2	82.9	63.8	99.9	28.5	99.9	99.9	99.5	99.6	99.4	99.4	99.9	-142.036	8.54843	-167.697	-111.215	7.52675	105.788	
0.56	21.2	10.5	4.3	20	28.4	0	94.1	16.4	90.6	51.1	0	100	0	50	71.2	82.9	63.8	99.9	28.5	99.9	99.9	99.5	99.6	99.4	99.4	99.9	-142.036	8.54843	-167.697	-111.215	7.52675	105.788	
0.57	21.2	10.5	4.3	20	28.4	0	94.1	16.4	90.6	51.1	0	100	0	50	71.2	82.9	63.8	99.9	28.5	99.9	99.9	99.5	99.6	99.4	99.4	99.9	-142.036	8.54843	-167.697	-111.215	7.52675	105.788	
0.58	21.2	10.5	4.3	20	28.4	0	94.1	16.4	90.6	51.1	0	100	0	50	71.2	82.9	63.8	99.9	28.5	99.9	99.9	99.5	99.6	99.4	99.4	99.9	-142.036	8.54843	-167.697	-111.215	7.52675	105.788	
0.59	21.2	10.5	4.3	20	28.4	0	94.1	16.4	90.6	51.1	0	100	0	50	71.2	82.9	63.8	99.9	28.5	99.9	99.9	99.5	99.6	99.4	99.4	99.9	-142.036	8.54843	-167.697	-111.215	7.52675	105.788	
0.6	21.2	10.5	4.3	20	28.4	0	94.1	16.4	90.6	51.1	0	100	0	50	71.2	82.9	63.8	99.9	28.5	99.9	99.9	99.5	99.6	99.4	99.4	99.9	-142.036	8.54843	-167.697	-111.215	7.52675	105.788	
0.61	21.2	10.5	4.3	20	28.4	0	94.1	16.4	90.6	51.1	0	100	0	50	71.2	82.9	63.8	99.9	28.5	99.9	99.9	99.5	99.6	99.4	99.4	99.9	-142.036	8.54843	-167.697	-111.215	7.52675	105.788	
0.62	21.2	10.5	4.3	20	28.4	0	94.1	16.4	90.6	51.1	0	100	0	50	71.2	82.9	63.8	99.9	28.5	99.9	99.9	99.5	99.6	99.4	99.4	99.9	-142.036	8.54843	-167.697	-111.215	7.52675	105.788	
0.63	21.2	10.5	4.3	20	28.4	0	94.1	16.4	90.6	51.1	0	100	0	50	71.2	82.9	63.8	99.9	28.5	99.9	99.9	99.5	99.6	99.4	99.4	99.9	-142.036	8.54843	-167.697	-111.215	7.52675	105.788	
0.64	21.2	10.5	4.3	20	28.4	0	94.1	16.4	90.6	51.1	0	100	0	50	71.2	82.9	63.8	99.9	28.5	99.9	99.9	99.5	99.6	99.4	99.4	99.9	-142.036	8.54843	-167.697	-111.215	7.52675	105.788	
0.65	21.2	10.5	4.3	20	28.4	0	94.1	16.4	90.6	51.1	0	100	0	50	71.2	82.9	63.8	99.9	28.5	99.9	99.9	99.5	99.6	99.4	99.4	99.9	-142.036	8.54843	-167.697	-111.215	7.52675	105.788	
0.66	21.2	10.5	4.3	20	28.4	0	94.1	16.4	90.6	51.1	0	100	0	50	71.2	82.9	63.8	99.9	28.5	99.9	99.9	99.5	99.6	99.4	99.4	99.9	-142.036	8.54843	-167.697	-111.215	7.52675	105.788	
0.67	21.2	10.5	4.3	20	28.4	0	94.1	16.4	90.6	51.1	0	100	0	50	71.2	82.9	63.8	99.9	28.5	99.9	99.9	99.5	99.6	99.4	99.4	99.9	-142.036	8.54843	-167.697	-111.215	7.52675	105.788	
0.68	21.2	10.5	4.3	20	28.4	0	94.1	16.4	90.6	51.1	0	100	0	50	71.2	82.9	63.8	99.9	28.5	99.9	99.9	99.5	99.6	99.4	99.4	99.9	-142.036	8.54843	-167.697	-111.215	7.52675	105.788	
0.69	21.2	10.5	4.3	20	28.4	0	94.1	16.4	90.6	51.1	0	100	0	50	71.2	82.9	63.8	99.9	28.5	99.9	99.9	99.5	99.6	99.4	99.4	99.9	-142.036	8.54843	-167.697	-111.215	7.52675	105.788	
0.7	21.2	10.5	4.3	20	28.4	0	94.1	16.4	90.6	51.1	0	100	0	50	71.2	82.9	63.8	99.9	28.5	99.9	99.9	99.5	99.6	99.4	99.4	99.9	-142.036	8.54843	-167.697	-111.215	7.52675	105.788	
0.71	21.4	10.5	4.4	19.6	27.9	0	94.1	16.5	90.5	50.5	0	100	0	50	71	83	63.2	99.9	27.8	99.9	99.9	99.9	99.9	99.9	99.6	99.4	-141.483	8.29321	-166.667	-109.117	8.5189	106.518	
0.72	21.4	10.5	4.4	19.6	27.9	0	94.1	16.5	90.5	50.5	0	100	0	50	71	83	63.2	99.9	27.8	99.9	99.9	99.9	99.9	99.9	99.6	99.4	-141.483	8.29321	-166.667	-109.117	8.5189	106.518	
0.73	21.4	10.5	4.4	19.6	27.9	0	94.1	16.5	90.5	50.5	0	100	0	50	71	83	63.2	99.9	27.8	99.9	99.9	99.9	99.9	99.9	99.6	99.4	-141.483	8.29321	-166.667	-109.117	8.5189	106.518	
0.74	21.4	10.5	4.4	19.6	27.9	0	94.1	16.5	90.5	50.5	0	100	0	50	71	83	63.2	99.9	27.8	99.9	99.9	99.9	99.9	99.9	99.6	99.4	-141.483	8.29321	-166.667	-109.117	8.5189	106.518	
0.75	21.4	10.5	4.4	19.6	27.9	0	94.1	16.5	90.5	50.5	0	100	0	50	71	83	63.2	99.9	27.8	99.9	99.9	99.9	99.9	99.9	99.6	99.4	-141.483	8.29321	-166.667	-109.117	8.5189	106.518	
0.76	21.4	10.5	4.4	19.6	27.9	0	94.1	16.5	90.5	50.5	0	100	0	50	71	83	63.2	99.9	27.8	99.9	99.9	99.9	99.9	99.9	99.6	99.4	-141.483	8.29321	-166.667	-109.117	8.5189	106.518	
0.77	21.4	10.5	4.4	19.6	27.9	0	94.1	16.5	90.5	50.5	0	100	0	50	71	83	63.2	99.9	27.8	99.9	99.9	99.9	99.9	99.9	99.6	99.4	-141.483	8.29321	-166.667	-109.117	8.5189	106.518	
0.78	21.4	10.5	4.4	19.6	27.9	0	94.1	16.5	90.5	50.5	0	100	0	50	71	83	63.2	99.9	27.8	99.9	99.9	99.9	99.9	99.9	99.6	99.4	-141.483	8.29321	-166.667	-109.117	8.5189	106.518	
0.79	21.4	10.5	4.4	19.6	27.9	0	94.1	16.5	90.5	50.5	0	100	0	50	71	83	63.2	99.9	27.8	99.9	99.9	99.9	99.9	99.9	99.6	99.4	-141.483	8.29321	-166.667	-109.117	8.5189	106.518	
0.8	21.4	10.5	4.4	19.6	27.9	0	94.1	16.5	90.5	50.5	0	100	0	50	71	83	63.2	99.9	27.8	99.9	99.9	99.9	99.9	99.9	99.6	99.4	-141.483	8.29321	-166.667	-109.117	8.5189	106.518	
0.81	21.4	10.5	4.4	19.6	27.9	0	94.1	16.5	90.5	50.5	0	100	0	50	71	83	63.2	99.9	27.8	99.9	99.9	99.9	99.9	99.9	99.6	99.4	-141.483	8.29321	-166.667	-109.117	8.5189	106.518	
0.82	21.4	10.5	4.4	19.6	27.9	0	94.1	16.5	90.5	50.5	0	100	0	50	71	83	63.2	99.9	27.8	99.9	99.9	99.9	99.9	99.9	99.6	99.4	-141.483	8.29321	-166.667	-109.117	8.5189	106.518	
0.83	21.4	10.5	4.4	19.6	27.9	0	94.1	16.5	90.5	50.5	0	100	0	50	71	83	63.2	99.9	27.8	99.9	99.9	99.9	99.9	99.9	99.6	99.4	-141.483	8.29321	-166.667	-109.117	8.5189	106.518	
0.84	21.4	10.5	4.4	19.6	27.9	0	94.1	16.5	90.5	50.5	0	100	0	50	71	83	63.2	99.9	27.8	99.9	99.9	99.9	99.9	99.9	99.6	99.4	-141.483	8.29321	-166.667	-109.117	8.5189	106.518	
0.85	21.4	10.5	4.4	19.6	27.9	0	94.1	16.5	90.5	50.5	0	100	0	50	71	83	63.2	99.9	27.8	99.9	99.9	99.9	99.9	99.9	99.6	99.4	-141.483	8.29321	-166.667	-109.117	8.5189	106.518	
0.86	21.4	10.5	4.4	19.6	27.9	0	94.1	16.5	90.5	50.5	0	100	0	50	71	83	63.2	99.9	27.8	99.9	99.9	99.9	99.9	99.9	99.6	99.4	-141.483	8.29321	-166.667	-109.117	8.5189	106.518	
0.87	21.4	10.5	4.4	19.6	27.9	0	94.1	16.5	90.5	50.5	0	100	0	50	71	83	63.2	99.9	27.8	99.9	99.9	99.9	99.9	99.9	99.6	99.4	-141.483	8.29321	-166.667	-109.117	8.5189	106.518	
0.88	21.4	10.5	4.4	19.6	27.9	0	94.1	16.5	90.5	50.5	0	100	0	50	71	83	63.2	99.9	27.8	99.9	99.9	99.9	99.9	99.9	99.6	99.4	-141.483	8.29321	-166.667	-109.117	8.5189	106.518	
0.89	21.4	10.5	4.4	19.6	27.9	0	94.1	16.5	90.5	50.5	0	100	0	50	71	83	63.2	99.9	27.8	99.9	99.9	99.9	99.9	99.9	99.6	99.4	-141.483	8.29321	-166.667	-109.117	8.5189	106.518	
0.9	21.4	10.5	4.4	19.6	27.9	0	94.1	16.5	90.5	50.5	0	100	0	50	71	83	63.2	99.9	27.8	99.9	99.9	99.9	99.9	99.9	99.6	99.4	-141.483	8.29321	-166.667	-109.117	8.5189	106.518	
0.91	21.4	10.5	4.4	19.6	27.9	0	94.1	16.5	90.5	50.5	0	100	0	50	71	83	63.2	99.9	27.8	99.9	99.9	99.9	99.9	99.9	99.6	99.4	-141.483	8.29321	-166.667	-109.117	8.5189	106.518	
0.92	21.4	10.5	4.4	19.6	27.9	0	94.1	16.5	90.5	50.5	0	100	0	50	71	83	63.2	99.9	27.8	99.9	99.9	99.9	99.9	99.9	99.6	99.4	-141.483	8.29321	-166.667	-109.117	8.5189	106.518	
0.93	21.4	10.5	4.4	19.6	27.9	0	94.1	16.5	90.5	50.5	0	100	0	50	71	83	63.2	99.9	27.8	99.9	99.9	99.9	99.9	99.9	99.6	99.4	-141.483	8.29321	-166.667	-109.117	8.5189	106.518	
0.94	21.4	10.5	4.4	19.6	27.9	0	94.1	16.5	90.5	50.5	0	100	0	50	71	83	63.2	99.9	27.8	99.9	99.9	99.9	99.9	99.9	99.6	99.4	-141.483	8.29321	-166.667	-109.117	8.5189	106.518	
0.95	21.4	10.5	4.4	19.6	27.9	0	94.1	16.5	90.5	50.5	0	100	0	50	71	83	63.2	99.9	27.8	99.9	99.9	99.9	99.9	99.9	99.6	99.4	-141.483	8.29321	-166.667	-109.117	8.5189	106.518	
0.96	21.4	10.5	4.4	19.6	27.9	0	94.1	16.5	90.5	50.5	0	100	0	50	71	83	63.2	99.9	27.8	99.9	99.9	99.9	99.9	99.9	99.6	99.4	-141.483	8.29321	-166.667	-109.117	8.5189	106.518	
0.97	21.4	10.5	4.4	19.6	27.9	0	94.1	16.5	90.5	50.5	0	100	0	50	71	83	63.2	99.9	27.8	99.9	99.9	99.9	99.9	99.9	99.6	99.4	-141.483	8.29321	-166.667	-109.117	8.5189	106.518	
0.98	21.4	10.5	4.4	19.6	27.9	0	94.1	16.5	90.5	50.5	0	100	0	50	71	83	63.2	99.9	27.8	99.9	99.9	99.9	99.9	99.9	99.6	99.4	-141.483	8.29321	-166.667	-109.117	8.5189	106.518	
0.99	21.4	10.5	4.4	19.6	27.9	0	94.1	16.5	90.5	50.5	0	100	0	50	71	83	63.2	99.9	27.8	99.9	99.9	99.9	99.9	99.9	99.6	99.4	-141.483	8.29321	-166.667	-109.117	8.5189	106.518	
1	21.4	10.5	4.4	19.6	27.9	0	94.1	16.5	90.5	50.5	0	100	0	50	71	83	63.2	99.9	27.8	99.9	99.9	99.9	99.9	99.9	99.6	99.4	-141.483	8.29321	-166.667	-109.117	8.5189	106.518	
1.01	21.4	10.5	4.4	19.6	27.9	0	94.1	16.5	90.5	50.5	0	100	0	50	71	83	63.2	99.9	27.8	99.9	99.9	99.9	99.9	99.9	99.6	99.4	-141.483	8.29321	-166.667	-109.117	8.5189	106.518	
1.02	21.4	10.5	4.4	19.6	27.9	0	94.1	16.5	90.5	50.5	0	100	0	50	71	83	63.2	99.9	27.8	99.9	99.9	99.9	99.9	99.9	99.6	99.4	-141.483	8.29321	-166.667	-109.117	8.5189	106.518	
1.03	21.4	10.5	4.4	19.6	27.9	0	94.1	16.5	90.5	50.5	0	100	0	50	71	83	63.2	99.9	27.8	99.9	99.9	99.9	99.9	99.9	99.6	99.4	-141.483	8.29321	-166.667	-109.117	8.5189	106.518	
1.04	21.4	10.5	4.4	19.6	27.9	0	94.1	16.5	90.5	50.5	0	100	0	50	71	83	63.2	99.9	27.8	99.9	99.9	99.9	99.9	99.9	99.6	99.4	-141.483	8.29321	-166.667	-109.117	8.5189	106.518	
1.05	21.4	10.5	4.4	19.6	27.9	0	94.1	16.5	90.5	50.5	0	100	0	50	71	83	63.2	99.9	27.8	99.9	99.9	99.9	99.9	99.9	99.6	99.4	-141.483	8.29321	-166.667	-109.117	8.5189	106.518	
1.06	21.4	10.5	4.4	19.6	27.9	0	94.1	16.5	90.5	50.5	0	100	0	50	71	83	63.2	99.9	27.8	99.9	99.9	99.9	99.9	99.9	99.6	99.4	-141.483	8.29321	-166.667	-109.117	8.5189	106.518	
1.07	21.2	10.4	4.6	19.7	27	0	93.4	17	90.5	49.7	0	100	0	50	70.8	82.1	64.3	99.9	28.8	99.9	99.9	99.6	99.4	99.4	99.4	99.6	-142.424	8.043	-166.706	-110.701	7.76753	105.719	
1.08	21.2	10.4	4.6	19.7	27	0	93.4	17	90.5	49.7	0	100	0	50	70.8	82.1	64.3	99.9	28.8	99.9	99.9	99.6	99.4	99.4	99.4	99.6	-142.424	8.043	-166.706	-110.701	7.76753	105.719	
1.09	21.2	10.4	4.6	19.7	27	0	93.4	17	90.5	49.7	0	100	0	50	70.8	82.1	64.3	99.9	28.8	99.9	99.9	99.6	99.4	99.4	99.4	99.6	-142.424	8.043	-166.706	-110.701	7.76753	105.719	
1.1	21.2	10.4	4.6	19.7	27	0	93.4	17	90.5	49.7	0	100	0	50	70.8	82.1	64.3	99.9	28.8	99.9	99.9	99.6	99.4	99.4	99.4	99.6	-142.424	8.043	-166.706	-110.701	7.76753	105.719	
1.11	21.2	10.4	4.6	19.7	27	0	93.4	17	90.5	49.7	0	100	0	50	70.8	82.1	64.3	99.9	28.8	99.9	99.9	99.6	99.4	99.4	99.4	99.6	-142.424	8.043	-166.706	-110.701	7.76753	105.719	
1.12	21.2	10.4	4.6	19.7	27	0	93.4	17	90.5	49.7	0	100	0	50	70.8	82.1	64.3	99.9	28.8	99.9	99.9	99.6	99.4	99.4	99.4	99.6	-142.424	8.043	-166.706	-110.701	7.76753	105.719	
1.13	21.2	10.4	4.6	19.7	27	0	93.4	17	90.5	49.7	0	100	0	50	70.8	82.1	64.3	99.9	28.8	99.9	99.9	99.6	99.4	99.4	99.4	99.6	-142.424	8.043	-166.706	-110.701	7.76753	105.719	
1.14	21.2	10.4	4.6	19.7	27	0	93.4	17	90.5	49.7	0	100	0	50	70.8	82.1	64.3	99.9	28.8	99.9	99.9	99.6	99.4	99.4	99.4	99.6	-142.424	8.043	-166.706	-110.701	7.76753	105.719	
1.15	21.2	10.4	4.6	19.7	27	0	93.4	17	90.5	49.7	0	100	0	50	70.8	82.1	64.3	99.9	28.8	99.9	99.9	99.6	99.4	99.4	99.4	99.6	-142.424	8.043	-166.706	-110.701	7.76753	105.719	
1.16	21.2	10.4	4.6	19.7	27	0	93.4	17	90.5	49.7	0	100	0	50	70.8	82.1	64.3	99.9	28.8	99.9	99.9	99.6	99.4	99.4	99.4	99.6	-142.424	8.043	-166.706	-110.701	7.76753	105.719	
1.17	21.2	10.4	4.6	19.7	27	0	93.4	17	90.5	49.7	0	100	0	50	70.8	82.1	64.3	99.9	28.8	99.9	99.9	99.6	99.4	99.4	99.4	99.6	-142.424	8.043	-166.706	-110.701	7.76753	105.719	
1.18	21.2	10.4	4.6	19.7	27	0	93.4	17	90.5	49.7	0	100	0	50	70.8	82.1	64.3	99.9	28.8	99.9	99.9	99.6	99.4	99.4	99.4	99.6	-142.424	8.043	-166.706	-110.701	7.76753	105.719	
1.19	21.2	10.4	4.6	19.7	27	0	93.4	17	90.5	49.7	0	100	0	50	70.8	82.1	64.3	99.9	28.8	99.9	99.9	99.6	99.4	99.4	99.4	99.6	-142.424	8.043	-166.706	-110.701	7.76753	105.719	
1.2	21.2	10.4	4.6	19.7	27	0	93.4	17	90.5	49.7	0	100	0	50	70.8	82.1	64.3	99.9	28.8	99.9	99.9	99.6	99.4	99.4	99.4	99.6	-142.424	8.043	-166.706	-110.701	7.76753	105.719	
1.21	21.2	10.4	4.6	19.7	27	0	93.4	17	90.5	49.7	0	100	0	50	70.8	82.1	64.3	99.9	28.8	99.9	99.9	99.6	99.4	99.4	99.4	99.6	-142.424	8.043	-166.706	-110.701	7.76753	105.719	
1.22	21.2	10.4	4.6	19.7	27	0	93.4	17	90.5	49.7	0	100	0	50	70.8	82.1	64.3	99.9	28.8	99.9	99.9	99.6	99.4	99.4	99.4	99.6	-142.424	8.043	-166.706	-110.701	7.76753	105.719	
1.23	21.2	10.4	4.6	19.7	27	0	93.4	17	90.5	49.7	0	100	0	50	70.8	82.1	64.3	99.9	28.8	99.9	99.9	99.6	99.4	99.4	99.4	99.6	-142.424	8.043	-166.706	-110.701	7.76753	105.719	
1.24	21.2	10.4	4.6	19.7	27	0	93.4	17	90.5	49.7	0	100	0	50	70.8	82.1	64.3	99.9	28.8	99.9	99.9	99.6	99.4	99.4	99.4	99.6	-142.424	8.043	-166.706	-110.701	7.76753	105.719	
1.25	21.2	10.4	4.6	19.7	27	0	93.4	17	90.5	49.7	0	100	0	50	70.8	82.1	64.3	99.9	28.8	99.9	99.9	99.6	99.4	99.4	99.4	99.6	-142.424	8.043	-166.706	-110.701	7.76753	105.719	
1.26	21.2	10.4	4.6	19.7	27	0	93.4	17	90.5	49.7	0	100	0	50	70.8	82.1	64.3	99.9	28.8	99.9	99.9	99.6	99.4	99.4	99.4	99.6	-142.424	8.043	-166.706	-110.701	7.76753	105.719	
1.27	21.2	10.4	4.6	19.7	27	0	93.4	17	90.5	49.7	0	100	0	50	70.8	82.1	64.3	99.9	28.8	99.9	99.9	99.6	99.4	99.4	99.4	99.6	-142.424	8.043	-166.706	-110.701	7.76753	105.719	
1.28	21.2	10.4	4.6	19.7	27	0	93.4	17	90.5	49.7	0	100	0	50	70.8	82.1	64.3	99.9	28.8	99.9	99.9	99.6	99.4	99.4	99.4	99.6	-142.424	8.043	-166.706	-110.701	7.76753	105.719	
1.29	21.2	10.4	4.6	19.7	27	0	93.4	17	90.5	49.7	0	100	0	50	70.8	82.1	64.3	99.9	28.8	99.9	99.9	99.6	99.4	99.4	99.4	99.6	-142.424	8.043	-166.706	-110.701	7.76753	105.719	
1.3	21.2	10.4	4.6	19.7	27	0	93.4	17	90.5	49.7	0	100	0	50	70.8	82.1	64.3	99.9	28.8	99.9	99.9	99.6	99.4	99.4	99.4	99.6	-142.424	8.043	-166.706	-110.701	7.76753	105.719	
1.31	21.2	10.4	4.6	19.7	27	0	93.4	17	90.5	49.7	0	100	0	50	70.8	82.1	64.3	99.9	28.8	99.9	99.9	99.6	99.4	99.4	99.4	99.6	-142.424	8.043	-166.706	-110.701	7.76753	105.719	
1.32	21.2	10.4	4.6	19.7	27	0	93.4	17	90.5	49.7	0	100	0	50	70.8	82.1	64.3	99.9	28.8	99.9	99.9	99.6	99.4	99.4	99.4	99.6	-142.424	8.043	-166.706	-110.701	7.76753	105.719	
1.33	21.2	10.4	4.6	19.7	27	0	93.4	17	90.5	49.7	0	100	0	50	70.8	82.1	64.3	99.9	28.8	99.9	99.9	99.6	99.4	99.4	99.4	99.6	-142.424	8.043	-166.706	-110.701	7.76753	105.719	
1.34	21.2	10.4	4.6	19.7	27	0	93.4	17	90.5	49.7	0	100	0	50	70.8	82.1	64.3	99.9	28.8	99.9	99.9	99.6	99.4	99.4	99.4	99.6	-142.424	8.043	-166.706	-110.701	7.76753	105.719	
1.35	21.2	10.4	4.6	19.7	27	0	93.4	17	90.5	49.7	0	100	0	50	70.8	82.1	64.3	99.9	28.8	99.9	99.9	99.6	99.4	99.4	99.4	99.6	-142.424	8.043	-166.706	-110.701	7.76753	105.719	
1.36	21.2	10.4	4.6	19.7	27	0	93.4	17	90.5	49.7	0	100	0	50	70.8	82.1	64.3	99.9	28.8	99.9	99.9	99.6	99.4	99.4	99.4	99.6	-142.424	8.043	-166.706	-110.701	7.76753	105.719	
1.37	21.2	10.4	4.6	19.7	27	0	93.4	17	90.5	49.7	0	100	0	50	70.8	82.1	64.3	99.9	28.8	99.9	99.9	99.6	99.4	99.4	99.4	99.6	-142.424	8.043	-166.706	-110.701	7.76753	105.719	
1.38	21.2	10.4	4.6	19.7	27	0	93.4	17	90.5	49.7	0	100	0	50	70.8	82.1	64.3	99.9	28.8	99.9	99.9	99.6	99.4	99.4	99.4	99.6	-142.424	8.043	-166.706	-110.701	7.76753	105.719	
1.39	21.2	10.4	4.6	19.7	27	0	93.4	17	90.5	49.7	0	100	0	50	70.8	82.1	64.3	99.9	28.8	99.9	99.9	99.6	99.4	99.4	99.4	99.6	-142.424	8.043	-166.706	-110.701	7.76753	105.719	
1.4	21.2	10.4	4.6	19.7	27	0	93.4	17	90.5	49.7	0	100	0	50	70.8	82.1	64.3	99.9	28.8	99.9	99.9	99.6	99.4	99.4	99.4	99.6	-142.424	8.043	-166.706	-110.701	7.76753	105.719	
1.41	21.2	10.4	4.6	19.7	27	0	93.4	17	90.5	49.7	0	100	0	50	70.8	82.1	64.3	99.9	28.8	99.9	99.9	99.6	99.4	99.4	99.4	99.6	-142.424	8.043	-166.706	-110.701	7.76753	105.719	
1.42	21.2	10.4	4.6	19.7	27	0	93.4	17	90.5	49.7	0	100	0	50	70.8	82.1	64.3	99.9	28.8	99.9	99.9	99.6	99.4	99.4	99.4	99.6	-142.424	8.043	-166.706	-110.701	7.76753	105.719	
1.43	21.2	10.4	4.6	19.7	27	0	93.4	17	90.5	49.7	0	100	0	50	70.8	82.1	64.3	99.9	28.8	99.9	99.9	99.6	99.4	99.4	99.4	99.6	-142.424	8.043	-166.706	-110.701	7.76753	105.719	
1.44	21.1	10.2	4.5	21.8	26.6	0	93.7	17.7	90.1	49.2	0	100	0	50	70.8	80.7	68.6	99.9	28.2	99.9	99.9	99.9	99.9	99.6	99.4	99.5	-142.652	7.94645	-166.084	-110.541	7.87875	105.378	
1.45	21.1	10.2	4.5	21.8	26.6	0	93.7	17.7	90.1	49.2	0	100	0	50	70.8	80.7	68.6	99.9	28.2	99.9	99.9	99.9	99.9	99.6	99.4	99.5	-142.652	7.94645	-166.084	-110.541	7.87875	105.378	
1.46	21.1	10.2	4.5	21.8	26.6	0	93.7	17.7	90.1	49.2	0	100	0	50	70.8	80.7	68.6	99.9	28.2	99.9	99.9	99.9	99.9	99.6	99.4	99.5	-142.652	7.94645	-166.084	-110.541	7.87875	105.378	
1.47	21.1	10.2	4.5	21.8	26.6	0	93.7	17.7	90.1	49.2	0	100	0	50	70.8	80.7	68.6	99.9	28.2	99.9	99.9	99.9	99.9	99.6	99.4	99.5	-142.652	7.94645	-166.084	-110.541	7.87875	105.378	
1.48	21.1	10.2	4.5	21.8	26.6	0	93.7	17.7	90.1	49.2	0	100	0	50	70.8	80.7	68.6	99.9	28.2	99.9	99.9	99.9	99.9	99.6	99.4	99.5	-142.652	7.94645	-166.084	-110.541	7.87875	105.378	
1.49	21.1	10.2	4.5	21.8	26.6	0	93.7	17.7	90.1	49.2	0	100	0	50	70.8	80.7	68.6	99.9	28.2	99.9	99.9	99.9	99.9	99.6	99.4	99.5	-142.652	7.94645	-166.084	-110.541	7.87875	105.378	
1.5	21.1	10.2	4.5	21.8	26.6	0	93.7	17.7	90.1	49.2	0	100	0	50	70.8	80.7	68.6	99.9	28.2	99.9	99.9	99.9	99.9	99.6	99.4	99.5	-142.652	7.94645	-166.084	-110.541	7.87875	105.378	
1.51	21.1	10.2	4.5	21.8	26.6	0	93.7	17.7	90.1	49.2	0	100	0	50	70.8	80.7	68.6	99.9	28.2	99.9	99.9	99.9	99.9	99.6	99.4	99.5	-142.652	7.94645	-166.084	-110.541	7.87875	105.378	
1.52	21.1	10.2	4.5	21.8	26.6	0	93.7	17.7	90.1	49.2	0	100	0	50	70.8	80.7	68.6	99.9	28.2	99.9	99.9	99.9	99.9	99.6	99.4	99.5	-142.652	7.94645	-166.084	-110.541	7.87875	105.378	
1.53	21.1	10.2	4.5	21.8	26.6	0	93.7	17.7	90.1	49.2	0	100	0	50	70.8	80.7	68.6	99.9	28.2	99.9	99.9	99.9	99.9	99.6	99.4	99.5	-142.652	7.94645	-166.084	-110.541	7.87875	105.378	
1.54	21.1	10.2	4.5	21.8	26.6	0	93.7	17.7	90.1	49.2	0	100	0	50	70.8	80.7	68.6	99.9	28.2	99.9	99.9	99.9	99.9	99.6	99.4	99.5	-142.652	7.94645	-166.084	-110.541	7.87875	105.378	
1.55	21.1	10.2	4.5	21.8	26.6	0	93.7	17.7	90.1	49.2	0	100	0	50	70.8	80.7	68.6	99.9	28.2	99.9	99.9	99.9	99.9	99.6	99.4	99.5	-142.652	7.94645	-166.084	-110.541	7.87875	105.378	
1.56	21.1	10.2	4.5	21.8	26.6	0	93.7	17.7	90.1	49.2	0	100	0	50	70.8	80.7	68.6	99.9	28.2	99.9	99.9	99.9	99.9	99.6	99.4	99.5	-142.652	7.94645	-166.084	-110.541	7.87875	105.378	
1.57	21.1	10.2	4.5	21.8	26.6	0	93.7	17.7	90.1	49.2	0	100	0	50	70.8	80.7	68.6	99.9	28.2	99.9	99.9	99.9	99.9	99.6	99.4	99.5	-142.652	7.94645	-166.084	-110.541	7.87875	105.378	
1.58	21.1	10.2	4.5	21.8	26.6	0	93.7	17.7	90.1	49.2	0	100	0	50	70.8	80.7	68.6	99.9	28.2	99.9	99.9	99.9	99.9	99.6	99.4	99.5	-142.652	7.94645	-166.084	-110.541	7.87875	105.378	
1.59	21.1	10.2	4.5	21.8	26.6	0	93.7	17.7	90.1	49.2	0	100	0	50	70.8	80.7	68.6	99.9	28.2	99.9	99.9	99.9	99.9	99.6	99.4	99.5	-142.652	7.94645	-166.084	-110.541	7.87875	105.378	
1.6	21.1	10.2	4.5	21.8	26.6	0	93.7	17.7	90.1	49.2	0	100	0	50	70.8	80.7	68.6	99.9	28.2	99.9	99.9	99.9	99.9	99.6	99.4	99.5	-142.652	7.94645	-166.084	-110.541	7.87875	105.378	
1.61	21.1	10.2	4.5	21.8	26.6	0	93.7	17.7	90.1	49.2	0	100	0	50	70.8	80.7	68.6	99.9	28.2	99.9	99.9	99.9	99.9	99.6	99.4	99.5	-142.652	7.94645	-166.084	-110.541	7.87875	105.378	
1.62	21.1	10.2	4.5	21.8	26.6	0	93.7	17.7	90.1	49.2	0	100	0	50	70.8	80.7	68.6	99.9	28.2	99.9	99.9	99.9	99.9	99.6	99.4	99.5	-142.652	7.94645	-166.084	-110.541	7.87875	105.378	
1.63	21.1	10.2	4.5	21.8	26.6	0	93.7	17.7	90.1	49.2	0	100	0	50	70.8	80.7	68.6	99.9	28.2	99.9	99.9	99.9	99.9	99.6	99.4	99.5	-142.652	7.94645	-166.084	-110.541	7.87875	105.378	
1.64	21.1	10.2	4.5	21.8	26.6	0	93.7	17.7	90.1	49.2	0	100	0	50	70.8	80.7	68.6	99.9	28.2	99.9	99.9	99.9	99.9	99.6	99.4	99.5	-142.652	7.94645	-166.084	-110.541	7.87875	105.378	
1.65	21.1	10.2	4.5	21.8	26.6	0	93.7	17.7	90.1	49.2	0	100	0	50	70.8	80.7	68.6	99.9	28.2	99.9	99.9	99.9	99.9	99.6	99.4	99.5	-142.652	7.94645	-166.084	-110.541	7.87875	105.378	
1.66	21.1	10.2	4.5	21.8	26.6	0	93.7	17.7	90.1	49.2	0	100	0	50	70.8	80.7	68.6	99.9	28.2	99.9	99.9	99.9	99.9	99.6	99.4	99.5	-142.652	7.94645	-166.084	-110.541	7.87875	105.378	
1.67	21.1	10.2	4.5	21.8	26.6	0	93.7	17.7	90.1	49.2	0	100	0	50	70.8	80.7	68.6	99.9	28.2	99.9	99.9	99.9	99.9	99.6	99.4	99.5	-142.652	7.94645	-166.084	-110.541	7.87875	105.378	
1.68	21.1	10.2	4.5	21.8	26.6	0	93.7	17.7	90.1	49.2	0	100	0	50	70.8	80.7	68.6	99.9	28.2	99.9	99.9	99.9	99.9	99.6	99.4	99.5	-142.652	7.94645	-166.084	-110.541	7.87875	105.378	
1.69	21.1	10.2	4.5	21.8	26.6	0	93.7	17.7	90.1	49.2	0	100	0	50	70.8	80.7	68.6	99.9	28.2	99.9	99.9	99.9	99.9	99.6	99.4	99.5	-142.652	7.94645	-166.084	-110.541	7.87875	105.378	
1.7	21.1	10.2	4.5	21.8	26.6	0	93.7	17.7	90.1	49.2	0	100	0	50	70.8	80.7	68.6	99.9	28.2	99.9	99.9	99.9	99.9	99.6	99.4	99.5	-142.652	7.94645	-166.084	-110.541	7.87875	105.378	
1.71	21.1	10.2	4.5	21.8	26.6	0	93.7	17.7	90.1	49.2	0	100	0	50	70.8	80.7	68.6	99.9	28.2	99.9	99.9	99.9	99.9	99.6	99.4	99.5	-142.652	7.94645	-166.084	-110.541	7.87875	105.378	
1.72	21.1	10.2	4.5	21.8	26.6	0	93.7	17.7	90.1	49.2	0	100	0	50	70.8	80.7	68.6	99.9	28.2	99.9	99.9	99.9	99.9	99.6	99.4	99.5	-142.652	7.94645	-166.084	-110.541	7.87875	105.378	
1.73	21.1	10.2	4.5	21.8	26.6	0	93.7	17.7	90.1	49.2	0	100	0	50	70.8	80.7	68.6	99.9	28.2	99.9	99.9	99.9	99.9	99.6	99.4	99.5	-142.652	7.94645	-166.084	-110.541	7.87875	105.378	
1.74	21.1	10.2	4.5	21.8	26.6	0	93.7	17.7	90.1	49.2	0	100	0	50	70.8	80.7	68.6	99.9	28.2	99.9	99.9	99.9	99.9	99.6	99.4	99.5	-142.652	7.94645	-166.084	-110.541	7.87875	105.378	
1.75	21.1	10.2	4.5	21.8	26.6	0	93.7	17.7	90.1	49.2	0	100	0	50	70.8	80.7	68.6	99.9	28.2	99.9	99.9	99.9	99.9	99.6	99.4	99.5	-142.652	7.94645	-166.084	-110.541	7.87875	105.378	
1.76	21.1	10.2	4.5	21.8	26.6	0	93.7	17.7	90.1	49.2	0	100	0	50	70.8	80.7	68.6	99.9	28.2	99.9	99.9	99.9	99.9	99.6	99.4	99.5	-142.652	7.94645	-166.084	-110.541	7.87875	105.378	
1.77	21.1	10.2	4.5	21.8	26.6	0	93.7	17.7	90.1	49.2	0	100	0	50	70.8	80.7	68.6	99.9	28.2	99.9	99.9	99.9	99.9	99.6	99.4	99.5	-142.652	7.94645	-166.084	-110.541	7.87875	105.378	
1.78	21.1	10.2	4.5	21.8	26.6	0	93.7	17.7	90.1	49.2	0	100	0	50	70.8	80.7	68.6	99.9	28.2	99.9	99.9	99.9	99.9	99.6	99.4	99.5	-142.652	7.94645	-166.084	-110.541	7.87875	105.378	
1.79	21.1	10.2	4.5	21.8	26.6	0	93.7	17.7	90.1	49.2	0	100	0	50	70.8	80.7	68.6	99.9	28.2	99.9	99.9	99.9	99.9	99.6	99.4	99.5	-142.652	7.94645	-166.084	-110.541	7.87875	105.378	
1.8	21.1	10.2	4.5	21.8	26.6	0	93.7	17.7	90.1	49.2	0	100	0	50	70.8	80.7	68.6	99.9	28.2	99.9	99.9	99.9	99.9	99.6	99.4	99.5	-142.652	7.94645	-166.084	-110.541	7.87875	105.378	
1.81	20.1	10.1	4.5	22.7	26.3	0	93.5	18.7	90.2	48.5	0	100	0	50	70.5	80.6	70.8	99.9	27	99.9	99.9	99.9	99.9	99.6	99.4	99.5	-142.313	8.00323	-165.204	-110.968	8.055	105.222	
1.82	20.1	10.1	4.5	22.7	26.3	0	93.5	18.7	90.2	48.5	0	100	0	50	70.5	80.6	70.8	99.9	27	99.9	99.9	99.9	99.9	99.6	99.4	99.5	-142.313	8.00323	-165.204	-110.968	8.055	105.222	
1.83	20.1	10.1	4.5	22.7	26.3	0	93.5	18.7	90.2	48.5	0	100	0	50	70.5	80.6	70.8	99.9	27	99.9	99.9	99.9	99.9	99.6	99.4	99.5	-142.313	8.00323	-165.204	-110.968	8.055	105.222	
1.84	20.1	10.1	4.5	22.7	26.3	0	93.5	18.7	90.2	48.5	0	100	0	50	70.5	80.6	70.8	99.9	27	99.9	99.9	99.9	99.9	99.6	99.4	99.5	-142.313	8.00323	-165.204	-110.968	8.055	105.222	
1.85	20.1	10.1	4.5	22.7	26.3	0	93.5	18.7	90.2	48.5	0	100	0	50	70.5	80.6	70.8	99.9	27	99.9	99.9	99.9	99.9	99.6	99.4	99.5	-142.313	8.00323	-165.204	-110.968	8.055	105.222	
1.86	20.1	10.1	4.5	22.7	26.3	0	93.5	18.7	90.2	48.5	0	100	0	50	70.5	80.6	70.8	99.9	27	99.9	99.9	99.9	99.9	99.6	99.4	99.5	-142.313	8.00323	-165.204	-110.968	8.055	105.222	
1.87	20.1	10.1	4.5	22.7	26.3	0	93.5	18.7	90.2	48.5	0	100	0	50	70.5	80.6	70.8	99.9	27	99.9	99.9	99.9	99.9	99.6	99.4	99.5	-142.313	8.00323	-165.204	-110.968	8.055	105.222	
1.88	20.1	10.1	4.5	22.7	26.3	0	93.5	18.7	90.2	48.5	0	100	0	50	70.5	80.6	70.8	99.9	27	99.9	99.9	99.9	99.9	99.6	99.4	99.5	-142.313	8.00323	-165.204	-110.968	8.055	105.222	
1.89	20.1	10.1	4.5	22.7	26.3	0	93.5	18.7	90.2	48.5	0	100	0	50	70.5	80.6	70.8	99.9	27	99.9	99.9	99.9	99.9	99.6	99.4	99.5	-142.313	8.00323	-165.204	-110.968	8.055	105.222	
1.9	20.1	10.1	4.5	22.7	26.3	0	93.5	18.7	90.2	48.5	0	100	0	50	70.5	80.6	70.8	99.9	27	99.9	99.9	99.9	99.9	99.6	99.4	99.5	-142.313	8.00323	-165.204	-110.968	8.055	105.222	
1.91	20.1	10.1	4.5	22.7	26.3	0	93.5	18.7	90.2	48.5	0	100	0	50	70.5	80.6	70.8	99.9	27	99.9	99.9	99.9	99.9	99.6	99.4	99.5	-142.313	8.00323	-165.204	-110.968	8.055	105.222	
1.92	20.1	10.1	4.5	22.7	26.3	0	93.5	18.7	90.2	48.5	0	100	0	50	70.5	80.6	70.8	99.9	27	99.9	99.9	99.9	99.9	99.6	99.4	99.5	-142.313	8.00323	-165.204	-110.968	8.055	105.222	
1.93	20.1	10.1	4.5	22.7	26.3	0	93.5	18.7	90.2	48.5	0	100	0	50	70.5	80.6	70.8	99.9	27	99.9	99.9	99.9	99.9	99.6	99.4	99.5	-142.313	8.00323	-165.204	-110.968	8.055	105.222	
1.94	20.1	10.1	4.5	22.7	26.3	0	93.5	18.7	90.2	48.5	0	100	0	50	70.5	80.6	70.8	99.9	27	99.9	99.9	99.9	99.9	99.6	99.4	99.5	-142.313	8.00323	-165.204	-110.968	8.055	105.222	
1.95	20.1	10.1	4.5	22.7	26.3	0	93.5	18.7	90.2	48.5	0	100	0	50	70.5	80.6	70.8	99.9	27	99.9	99.9	99.9	99.9	99.6	99.4	99.5	-142.313	8.00323	-165.204	-110.968	8.055	105.222	
1.96	20.1	10.1	4.5	22.7	26.3	0	93.5	18.7	90.2	48.5	0	100	0	50	70.5	80.6	70.8	99.9	27	99.9	99.9	99.9	99.9	99.6	99.4	99.5	-142.313	8.00323	-165.204	-110.968	8.055	105.222	
1.97	20.1	10.1	4.5	22.7	26.3	0	93.5	18.7	90.2	48.5	0	100	0	50	70.5	80.6	70.8	99.9	27	99.9	99.9	99.9	99.9	99.6	99.4	99.5	-142.313	8.00323	-165.204	-110.968	8.055	105.222	
1.98	20.1	10.1	4.5	22.7	26.3	0	93.5	18.7	90.2	48.5	0	100	0	50	70.5	80.6	70.8	99.9	27	99.9	99.9	99.9	99.9	99.6	99.4	99.5	-142.313	8.00323	-165.204	-110.968	8.055	105.222	
1.99	20.1	10.1	4.5	22.7	26.3	0	93.5	18.7	90.2	48.5	0	100	0	50	70.5	80.6	70.8	99.9	27	99.9	99.9	99.9	99.9	99.6	99.4	99.5	-142.313	8.00323	-165.204	-110.968	8.055	105.222	
2	20.1	10.1	4.5	22.7	26.3	0	93.5	18.7	90.2	48.5	0	100	0	50	70.5	80.6	70.8	99.9	27	99.9	99.9	99.9	99.9	99.6	99.4	99.5	-142.313	8.00323	-165.204	-110.968	8.055	105.222	
2.01	20.1	10.1	4.5	22.7	26.3	0	93.5	18.7	90.2	48.5	0	100	0	50	70.5	80.6	70.8	99.9	27	99.9	99.9	99.9	99.9	99.6	99.4	99.5	-142.313	8.00323	-165.204	-110.968	8.055	105.222	
2.02	20.1	10.1	4.5	22.7	26.3	0	93.5	18.7	90.2	48.5	0	100	0	50	70.5	80.6	70.8	99.9	27	99.9	99.9	99.9	99.9	99.6	99.4	99.5	-142.313	8.00323	-165.204	-110.968	8.055	105.222	
2.03	20.1	10.1	4.5	22.7	26.3	0	93.5	18.7	90.2	48.5	0	100	0	50	70.5	80.6	70.8	99.9	27	99.9	99.9	99.9	99.9	99.6	99.4	99.5	-142.313	8.00323	-165.204	-110.968	8.055	105.222	
2.04	20.1	10.1	4.5	22.7	26.3	0	93.5	18.7	90.2	48.5	0	100	0	50	70.5	80.6	70.8	99.9	27	99.9	99.9	99.9	99.9	99.6	99.4	99.5	-142.313	8.00323	-165.204	-110.968	8.055	105.222	
2.05	20.1	10.1	4.5	22.7	26.3	0	93.5	18.7	90.2	48.5	0	100	0	50	70.5	80.6	70.8	99.9	27	99.9	99.9	99.9	99.9	99.6	99.4	99.5	-142.313	8.00323	-165.204	-110.968	8.055	105.222	
2.06	20.1	10.1	4.5	22.7	26.3	0	93.5	18.7	90.2	48.5	0	100	0	50	70.5	80.6	70.8	99.9	27	99.9	99.9	99.9	99.9	99.6	99.4	99.5	-142.313	8.00323	-165.204	-110.968	8.055	105.222	
2.07	20.1	10.1	4.5	22.7	26.3	0	93.5	18.7	90.2	48.5	0	100	0	50	70.5	80.6	70.8	99.9	27	99.9	99.9	99.9	99.9	99.6	99.4	99.5	-142.313	8.00323	-165.204	-110.968	8.055	105.222	
2.08	20.1	10.1	4.5	22.7	26.3	0	93.5	18.7	90.2	48.5	0	100	0	50	70.5	80.6	70.8	99.9	27	99.9	99.9	99.9	99.9	99.6	99.4	99.5	-142.313	8.00323	-165.204	-110.968	8.055	105.222	
2.09	20.1	10.1	4.5	22.7	26.3	0	93.5	18.7	90.2	48.5	0	100	0	50	70.5	80.6	70.8	99.9	27	99.9	99.9	99.9	99.9	99.6	99.4	99.5	-142.313	8.00323	-165.204	-110.968	8.055	105.222	
2.1	20.1	10.1	4.5	22.7	26.3	0	93.5	18.7	90.2	48.5	0	100	0	50	70.5	80.6	70.8	99.9	27	99.9	99.9	99.9	99.9	99.6	99.4	99.5	-142.313	8.00323	-165.204	-110.968	8.055	105.222	
2.11	20.1	10.1	4.5	22.7	26.3	0	93.5	18.7	90.2	48.5	0	100	0	50	70.5	80.6	70.8	99.9	27	99.9	99.9	99.9	99.9	99.6	99.4	99.5	-142.313	8.00323	-165.204	-110.968	8.055	105.222	
2.12	20.1	10.1	4.5	22.7	26.3	0	93.5	18.7	90.2	48.5	0	100	0	50	70.5	80.6	70.8	99.9	27	99.9	99.9	99.9	99.9	99.6	99.4	99.5	-142.313	8.00323	-165.204	-110.968	8.055	105.222	
2.13	20.1	10.1	4.5	22.7	26.3	0	93.5	18.7	90.2	48.5	0	100	0	50	70.5	80.6	70.8	99.9	27	99.9	99.9	99.9	99.9	99.6	99.4	99.5	-142.313	8.00323	-165.204	-110.968	8.055	105.222	
2.14	20.1	10.1	4.5	22.7	26.3	0	93.5	18.7	90.2	48.5	0	100	0	50	70.5	80.6	70.8	99.9	27	99.9	99.9	99.9	99.9	99.6	99.4	99.5	-142.313	8.00323	-165.204	-110.968	8.055	105.222	
2.15	20.1	10.1	4.5	22.7	26.3	0	93.5	18.7	90.2	48.5	0	100	0	50	70.5	80.6	70.8	99.9	27	99.9	99.9	99.9	99.9	99.6	99.4	99.5	-142.313	8.00323	-165.204	-110.968	8.055	105.222	
2.16	20.1	10.1	4.5	22.7	26.3	0	93.5	18.7	90.2	48.5	0	100	0	50	70.5	80.6	70.8	99.9	27	99.9	99.9	99.9	99.9	99.6	99.4	99.5	-142.313	8.00323	-165.204	-110.968	8.055	105.222	
2.17	20.1	10.1	4.5	22.7	26.3	0	93.5	18.7	90.2	48.5	0	100	0	50	70.5	80.6	70.8	99.9	27	99.9	99.9	99.9	99.9	99.6	99.4	99.5	-142.313	8.00323	-165.204	-110.968	8.055	105.222	
2.18	19	10.1	4.8	26.4	25.6	0	93.2	19.3	89.7	48.3	0	100	0	50	69.8	79.6	73.7	99.9	27.9	99.9	99.9	99.9	99.9	99.9	99.9	99.9	-142.697	8.09009	-163.921	-110.237	8.39613	105.281	
2.19	19	10.1	4.8	26.4	25.6	0	93.2	19.3	89.7	48.3	0	100	0	50	69.8	79.6	73.7	99.9	27.9	99.9	99.9	99.9	99.9	99.9	99.9	99.9	-142.697	8.09009	-163.921	-110.237	8.39613	105.281	
2.2	19	10.1	4.8	26.4	25.6	0	93.2	19.3	89.7	48.3	0	100	0	50	69.8	79.6	73.7	99.9	27.9	99.9	99.9	99.9	99.9	99.9	99.9	99.9	-142.697	8.09009	-163.921	-110.237	8.39613	105.281	
2.21	19	10.1	4.8	26.4	25.6	0	93.2	19.3	89.7	48.3	0	100	0	50	69.8	79.6	73.7	99.9	27.9	99.9	99.9	99.9	99.9	99.9	99.9	99.9	-142.697	8.09009	-163.921	-110.237	8.39613	105.281	
2.22	19	10.1	4.8	26.4	25.6	0	93.2	19.3	89.7	48.3	0	100	0	50	69.8	79.6	73.7	99.9	27.9	99.9	99.9	99.9	99.9	99.9	99.9	99.9	-142.697	8.09009	-163.921	-110.237	8.39613	105.281	
2.23	19	10.1	4.8	26.4	25.6	0	93.2	19.3	89.7	48.3	0	100	0	50	69.8	79.6	73.7	99.9	27.9	99.9	99.9	99.9	99.9	99.9	99.9	99.9	-142.697	8.09009	-163.921	-110.237	8.39613	105.281	
2.24	19	10.1	4.8	26.4	25.6	0	93.2	19.3	89.7	48.3	0	100	0	50	69.8	79.6	73.7	99.9	27.9	99.9	99.9	99.9	99.9	99.9	99.9	99.9	-142.697	8.09009	-163.921	-110.237	8.39613	105.281	
2.25	19	10.1	4.8	26.4	25.6	0	93.2	19.3	89.7	48.3	0	100	0	50	69.8	79.6	73.7	99.9	27.9	99.9	99.9	99.9	99.9	99.9	99.9	99.9	-142.697	8.09009	-163.921	-110.237	8.39613	105.281	
2.26	19	10.1	4.8	26.4	25.6	0	93.2	19.3	89.7	48.3	0	100	0	50	69.8	79.6	73.7	99.9	27.9	99.9	99.9	99.9	99.9	99.9	99.9	99.9	-142.697	8.09009	-163.921	-110.237	8.39613	105.281	
2.27	19	10.1	4.8	26.4	25.6	0	93.2	19.3	89.7	48.3	0	100	0	50	69.8	79.6	73.7	99.9	27.9	99.9	99.9	99.9	99.9	99.9	99.9	99.9	-142.697	8.09009	-163.921	-110.237	8.39613	105.281	
2.28	19	10.1	4.8	26.4	25.6	0	93.2	19.3	89.7	48.3	0	100	0	50	69.8	79.6	73.7	99.9	27.9	99.9	99.9	99.9	99.9	99.9	99.9	99.9	-142.697	8.09009	-163.921	-110.237	8.39613	105.281	
2.29	19	10.1	4.8	26.4	25.6	0	93.2	19.3	89.7	48.3	0	100	0	50	69.8	79.6	73.7	99.9	27.9	99.9	99.9	99.9	99.9	99.9	99.9	99.9	-142.697	8.09009	-163.921	-110.237	8.39613	105.281	
