Hora de inicio de la toma de datos: 10:13:18
AT(s)	F1.1	F1.2	F2.1	F2.2	F3.1	F3.2	F4.1	F4.2	F5.1	F5.2	ABD1	ABD2	ABD3	ABD4	PA	TCO	P1	P2	P3	P4	P5	P6	P7	P8	P9	P10	HRoll	HPitch	HYaw	WRoll	WPitch	WYaw	
0.01	4.2	0	89.5	2	7.3	9	4.3	0	3.3	4	17.9	5.4	29.3	17.35	29.8	29.9	100	99.9	39.2	63.5	99.8	98	99.8	99.9	99.9	99.9	-31.2564	5.14807	-103.605	-12.1997	4.25104	-159.709	
0.02	4.2	0	89.5	2	7.3	9	4.3	0	3.3	4	17.9	5.4	29.3	17.35	29.8	29.9	100	99.9	39.2	63.5	99.8	98	99.8	99.9	99.9	99.9	-31.2564	5.14807	-103.605	-12.1997	4.25104	-159.709	
0.03	4.2	0	89.5	2	7.3	9	4.3	0	3.3	4	17.9	5.4	29.3	17.35	29.8	29.9	100	99.9	39.2	63.5	99.8	98	99.8	99.9	99.9	99.9	-31.2564	5.14807	-103.605	-12.1997	4.25104	-159.709	
0.04	4.2	0	89.5	2	7.3	9	4.3	0	3.3	4	17.9	5.4	29.3	17.35	29.8	29.9	100	99.9	39.2	63.5	99.8	98	99.8	99.9	99.9	99.9	-31.2564	5.14807	-103.605	-12.1997	4.25104	-159.709	
0.05	4.2	0	89.5	2	7.3	9	4.3	0	3.3	4	17.9	5.4	29.3	17.35	29.8	29.9	100	99.9	39.2	63.5	99.8	98	99.8	99.9	99.9	99.9	-31.2564	5.14807	-103.605	-12.1997	4.25104	-159.709	
0.06	4.2	0	89.5	2	7.3	9	4.3	0	3.3	4	17.9	5.4	29.3	17.35	29.8	29.9	100	99.9	39.2	63.5	99.8	98	99.8	99.9	99.9	99.9	-31.2564	5.14807	-103.605	-12.1997	4.25104	-159.709	
0.07	4.2	0	89.5	2	7.3	9	4.3	0	3.3	4	17.9	5.4	29.3	17.35	29.8	29.9	100	99.9	39.2	63.5	99.8	98	99.8	99.9	99.9	99.9	-31.2564	5.14807	-103.605	-12.1997	4.25104	-159.709	
0.08	4.2	0	89.7	2.1	7.2	8.9	4.2	0	3.4	4.1	17.8	5.9	29	17.45	29.7	29.7	99.9	99.9	38.4	59.3	99.9	99.1	99.9	99.9	99.7	99.4	-31.1938	4.99075	-103.597	-12.3117	4.25043	-159.66	
0.09	4.2	0	89.7	2.1	7.2	8.9	4.2	0	3.4	4.1	17.8	5.9	29	17.45	29.7	29.7	99.9	99.9	38.4	59.3	99.9	99.1	99.9	99.9	99.7	99.4	-31.1938	4.99075	-103.597	-12.3117	4.25043	-159.66	
0.1	4.2	0	89.7	2.1	7.2	8.9	4.2	0	3.4	4.1	17.8	5.9	29	17.45	29.7	29.7	99.9	99.9	38.4	59.3	99.9	99.1	99.9	99.9	99.7	99.4	-31.1938	4.99075	-103.597	-12.3117	4.25043	-159.66	
0.11	4.2	0	89.7	2.1	7.2	8.9	4.2	0	3.4	4.1	17.8	5.9	29	17.45	29.7	29.7	99.9	99.9	38.4	59.3	99.9	99.1	99.9	99.9	99.7	99.4	-31.1938	4.99075	-103.597	-12.3117	4.25043	-159.66	
0.12	4.2	0	89.7	2.1	7.2	8.9	4.2	0	3.4	4.1	17.8	5.9	29	17.45	29.7	29.7	99.9	99.9	38.4	59.3	99.9	99.1	99.9	99.9	99.7	99.4	-31.1938	4.99075	-103.597	-12.3117	4.25043	-159.66	
0.13	4.2	0	89.7	2.1	7.2	8.9	4.2	0	3.4	4.1	17.8	5.9	29	17.45	29.7	29.7	99.9	99.9	38.4	59.3	99.9	99.1	99.9	99.9	99.7	99.4	-31.1938	4.99075	-103.597	-12.3117	4.25043	-159.66	
0.14	4.2	0	89.7	2.1	7.2	8.9	4.2	0	3.4	4.1	17.8	5.9	29	17.45	29.7	29.7	99.9	99.9	38.4	59.3	99.9	99.1	99.9	99.9	99.7	99.4	-31.1938	4.99075	-103.597	-12.3117	4.25043	-159.66	
0.15	4.2	0	89.7	2.1	7.2	8.9	4.2	0	3.4	4.1	17.8	5.9	29	17.45	29.7	29.7	99.9	99.9	38.4	59.3	99.9	99.1	99.9	99.9	99.7	99.4	-31.1938	4.99075	-103.597	-12.3117	4.25043	-159.66	
0.16	4.2	0	89.7	2.1	7.2	8.9	4.2	0	3.4	4.1	17.8	5.9	29	17.45	29.7	29.7	99.9	99.9	38.4	59.3	99.9	99.1	99.9	99.9	99.7	99.4	-31.1938	4.99075	-103.597	-12.3117	4.25043	-159.66	
0.171	4.2	0	89.7	2.1	7.2	8.9	4.2	0	3.4	4.1	17.8	5.9	29	17.45	29.7	29.7	99.9	99.9	38.4	59.3	99.9	99.1	99.9	99.9	99.7	99.4	-31.1938	4.99075	-103.597	-12.3117	4.25043	-159.66	
0.181	4.2	0	89.7	2.1	7.2	8.9	4.2	0	3.4	4.1	17.8	5.9	29	17.45	29.7	29.7	99.9	99.9	38.4	59.3	99.9	99.1	99.9	99.9	99.7	99.4	-31.1938	4.99075	-103.597	-12.3117	4.25043	-159.66	
0.191	4.2	0	89.7	2.1	7.2	8.9	4.2	0	3.4	4.1	17.8	5.9	29	17.45	29.7	29.7	99.9	99.9	38.4	59.3	99.9	99.1	99.9	99.9	99.7	99.4	-31.1938	4.99075	-103.597	-12.3117	4.25043	-159.66	
0.201	4.2	0	89.7	2.1	7.2	8.9	4.2	0	3.4	4.1	17.8	5.9	29	17.45	29.7	29.7	99.9	99.9	38.4	59.3	99.9	99.1	99.9	99.9	99.7	99.4	-31.1938	4.99075	-103.597	-12.3117	4.25043	-159.66	
0.211	4.2	0	89.7	2.1	7.2	8.9	4.2	0	3.4	4.1	17.8	5.9	29	17.45	29.7	29.7	99.9	99.9	38.4	59.3	99.9	99.1	99.9	99.9	99.7	99.4	-31.1938	4.99075	-103.597	-12.3117	4.25043	-159.66	
0.221	4.2	0	89.7	2.1	7.2	8.9	4.2	0	3.4	4.1	17.8	5.9	29	17.45	29.7	29.7	99.9	99.9	38.4	59.3	99.9	99.1	99.9	99.9	99.7	99.4	-31.1938	4.99075	-103.597	-12.3117	4.25043	-159.66	
0.231	4.2	0	89.7	2.1	7.2	8.9	4.2	0	3.4	4.1	17.8	5.9	29	17.45	29.7	29.7	99.9	99.9	38.4	59.3	99.9	99.1	99.9	99.9	99.7	99.4	-31.1938	4.99075	-103.597	-12.3117	4.25043	-159.66	
0.241	4.2	0	89.7	2.1	7.2	8.9	4.2	0	3.4	4.1	17.8	5.9	29	17.45	29.7	29.7	99.9	99.9	38.4	59.3	99.9	99.1	99.9	99.9	99.7	99.4	-31.1938	4.99075	-103.597	-12.3117	4.25043	-159.66	
0.251	4.2	0	89.7	2.1	7.2	8.9	4.2	0	3.4	4.1	17.8	5.9	29	17.45	29.7	29.7	99.9	99.9	38.4	59.3	99.9	99.1	99.9	99.9	99.7	99.4	-31.1938	4.99075	-103.597	-12.3117	4.25043	-159.66	
0.261	4.2	0	89.7	2.1	7.2	8.9	4.2	0	3.4	4.1	17.8	5.9	29	17.45	29.7	29.7	99.9	99.9	38.4	59.3	99.9	99.1	99.9	99.9	99.7	99.4	-31.1938	4.99075	-103.597	-12.3117	4.25043	-159.66	
0.271	4.2	0	89.7	2.1	7.2	8.9	4.2	0	3.4	4.1	17.8	5.9	29	17.45	29.7	29.7	99.9	99.9	38.4	59.3	99.9	99.1	99.9	99.9	99.7	99.4	-31.1938	4.99075	-103.597	-12.3117	4.25043	-159.66	
0.281	4.2	0	89.7	2.1	7.2	8.9	4.2	0	3.4	4.1	17.8	5.9	29	17.45	29.7	29.7	99.9	99.9	38.4	59.3	99.9	99.1	99.9	99.9	99.7	99.4	-31.1938	4.99075	-103.597	-12.3117	4.25043	-159.66	
0.29	4.2	0	89.7	2.1	7.2	8.9	4.2	0	3.4	4.1	17.8	5.9	29	17.45	29.7	29.7	99.9	99.9	38.4	59.3	99.9	99.1	99.9	99.9	99.7	99.4	-31.1938	4.99075	-103.597	-12.3117	4.25043	-159.66	
0.3	4.2	0	89.7	2.1	7.2	8.9	4.2	0	3.4	4.1	17.8	5.9	29	17.45	29.7	29.7	99.9	99.9	38.4	59.3	99.9	99.1	99.9	99.9	99.7	99.4	-31.1938	4.99075	-103.597	-12.3117	4.25043	-159.66	
0.31	4.2	0	89.7	2.1	7.2	8.9	4.2	0	3.4	4.1	17.8	5.9	29	17.45	29.7	29.7	99.9	99.9	38.4	59.3	99.9	99.1	99.9	99.9	99.7	99.4	-31.1938	4.99075	-103.597	-12.3117	4.25043	-159.66	
0.32	4.2	0	89.7	2.1	7.2	8.9	4.2	0	3.4	4.1	17.8	5.9	29	17.45	29.7	29.7	99.9	99.9	38.4	59.3	99.9	99.1	99.9	99.9	99.7	99.4	-31.1938	4.99075	-103.597	-12.3117	4.25043	-159.66	
0.33	4.2	0	89.7	2.1	7.2	8.9	4.2	0	3.4	4.1	17.8	5.9	29	17.45	29.7	29.7	99.9	99.9	38.4	59.3	99.9	99.1	99.9	99.9	99.7	99.4	-31.1938	4.99075	-103.597	-12.3117	4.25043	-159.66	
0.34	4.2	0	89.7	2.1	7.2	8.9	4.2	0	3.4	4.1	17.8	5.9	29	17.45	29.7	29.7	99.9	99.9	38.4	59.3	99.9	99.1	99.9	99.9	99.7	99.4	-31.1938	4.99075	-103.597	-12.3117	4.25043	-159.66	
0.35	4.2	0	89.7	2.1	7.2	8.9	4.2	0	3.4	4.1	17.8	5.9	29	17.45	29.7	29.7	99.9	99.9	38.4	59.3	99.9	99.1	99.9	99.9	99.7	99.4	-31.1938	4.99075	-103.597	-12.3117	4.25043	-159.66	
0.36	4.2	0	89.7	2.1	7.2	8.9	4.2	0	3.4	4.1	17.8	5.9	29	17.45	29.7	29.7	99.9	99.9	38.4	59.3	99.9	99.1	99.9	99.9	99.7	99.4	-31.1938	4.99075	-103.597	-12.3117	4.25043	-159.66	
0.37	4.2	0	89.7	2.1	7.2	8.9	4.2	0	3.4	4.1	17.8	5.9	29	17.45	29.7	29.7	99.9	99.9	38.4	59.3	99.9	99.1	99.9	99.9	99.7	99.4	-31.1938	4.99075	-103.597	-12.3117	4.25043	-159.66	
0.38	4.2	0	89.7	2.1	7.2	8.9	4.2	0	3.4	4.1	17.8	5.9	29	17.45	29.7	29.7	99.9	99.9	38.4	59.3	99.9	99.1	99.9	99.9	99.7	99.4	-31.1938	4.99075	-103.597	-12.3117	4.25043	-159.66	
0.39	4.2	0	89.7	2.1	7.2	8.9	4.2	0	3.4	4.1	17.8	5.9	29	17.45	29.7	29.7	99.9	99.9	38.4	59.3	99.9	99.1	99.9	99.9	99.7	99.4	-31.1938	4.99075	-103.597	-12.3117	4.25043	-159.66	
0.4	4.2	0	89.7	2.1	7.2	8.9	4.2	0	3.4	4.1	17.8	5.9	29	17.45	29.7	29.7	99.9	99.9	38.4	59.3	99.9	99.1	99.9	99.9	99.7	99.4	-31.1938	4.99075	-103.597	-12.3117	4.25043	-159.66	
0.41	4.2	0	89.7	2.1	7.2	8.9	4.2	0	3.4	4.1	17.8	5.9	29	17.45	29.7	29.7	99.9	99.9	38.4	59.3	99.9	99.1	99.9	99.9	99.7	99.4	-31.1938	4.99075	-103.597	-12.3117	4.25043	-159.66	
0.42	4.2	0	89.7	2.1	7.2	8.9	4.2	0	3.4	4.1	17.8	5.9	29	17.45	29.7	29.7	99.9	99.9	38.4	59.3	99.9	99.1	99.9	99.9	99.7	99.4	-31.1938	4.99075	-103.597	-12.3117	4.25043	-159.66	
0.43	4.2	0	89.7	2.1	7.2	8.9	4.2	0	3.4	4.1	17.8	5.9	29	17.45	29.7	29.7	99.9	99.9	38.4	59.3	99.9	99.1	99.9	99.9	99.7	99.4	-31.1938	4.99075	-103.597	-12.3117	4.25043	-159.66	
0.44	4.2	0	88.6	2	7	8.9	4.2	0	3.5	4	18.1	5.6	29.1	17.35	29.7	29.7	100	99.9	38.5	61.3	99.9	98	99.9	99.9	99.9	99.9	-31.3862	5.05812	-103.583	-12.5719	4.20972	-159.698	
0.45	4	0	88.6	2.1	7.2	8.8	4.2	0	3.2	4.1	18.7	6.2	29.3	17.75	29.6	29.6	100	99.9	36.3	60.5	99.9	98.9	99.9	99.9	99.9	99.5	-31.2716	4.99073	-103.567	-12.3868	4.31539	-159.696	
0.46	4	0	88.6	2.1	7.2	8.8	4.2	0	3.2	4.1	18.7	6.2	29.3	17.75	29.6	29.6	100	99.9	36.3	60.5	99.9	98.9	99.9	99.9	99.9	99.5	-31.2716	4.99073	-103.567	-12.3868	4.31539	-159.696	
0.47	4	0	88.6	2.1	7.2	8.8	4.2	0	3.2	4.1	18.7	6.2	29.3	17.75	29.6	29.6	100	99.9	36.3	60.5	99.9	98.9	99.9	99.9	99.9	99.5	-31.2716	4.99073	-103.567	-12.3868	4.31539	-159.696	
0.48	4	0	88.6	2.1	7.2	8.8	4.2	0	3.2	4.1	18.7	6.2	29.3	17.75	29.6	29.6	100	99.9	36.3	60.5	99.9	98.9	99.9	99.9	99.9	99.5	-31.2716	4.99073	-103.567	-12.3868	4.31539	-159.696	
0.49	4	0	88.6	2.1	7.2	8.8	4.2	0	3.2	4.1	18.7	6.2	29.3	17.75	29.6	29.6	100	99.9	36.3	60.5	99.9	98.9	99.9	99.9	99.9	99.5	-31.2716	4.99073	-103.567	-12.3868	4.31539	-159.696	
0.5	4	0	88.6	2.1	7.2	8.8	4.2	0	3.2	4.1	18.7	6.2	29.3	17.75	29.6	29.6	100	99.9	36.3	60.5	99.9	98.9	99.9	99.9	99.9	99.5	-31.2716	4.99073	-103.567	-12.3868	4.31539	-159.696	
0.51	4	0	88.6	2.1	7.2	8.8	4.2	0	3.2	4.1	18.7	6.2	29.3	17.75	29.6	29.6	100	99.9	36.3	60.5	99.9	98.9	99.9	99.9	99.9	99.5	-31.2716	4.99073	-103.567	-12.3868	4.31539	-159.696	
0.52	4	0	88.6	2.1	7.2	8.8	4.2	0	3.2	4.1	18.7	6.2	29.3	17.75	29.6	29.6	100	99.9	36.3	60.5	99.9	98.9	99.9	99.9	99.9	99.5	-31.2716	4.99073	-103.567	-12.3868	4.31539	-159.696	
0.53	4	0	88.6	2.1	7.2	8.8	4.2	0	3.2	4.1	18.7	6.2	29.3	17.75	29.6	29.6	100	99.9	36.3	60.5	99.9	98.9	99.9	99.9	99.9	99.5	-31.2716	4.99073	-103.567	-12.3868	4.31539	-159.696	
0.54	4	0	88.6	2.1	7.2	8.8	4.2	0	3.2	4.1	18.7	6.2	29.3	17.75	29.6	29.6	100	99.9	36.3	60.5	99.9	98.9	99.9	99.9	99.9	99.5	-31.2716	4.99073	-103.567	-12.3868	4.31539	-159.696	
0.55	4	0	88.6	2.1	7.2	8.8	4.2	0	3.2	4.1	18.7	6.2	29.3	17.75	29.6	29.6	100	99.9	36.3	60.5	99.9	98.9	99.9	99.9	99.9	99.5	-31.2716	4.99073	-103.567	-12.3868	4.31539	-159.696	
0.56	4	0	88.6	2.1	7.2	8.8	4.2	0	3.2	4.1	18.7	6.2	29.3	17.75	29.6	29.6	100	99.9	36.3	60.5	99.9	98.9	99.9	99.9	99.9	99.5	-31.2716	4.99073	-103.567	-12.3868	4.31539	-159.696	
0.57	4	0	88.6	2.1	7.2	8.8	4.2	0	3.2	4.1	18.7	6.2	29.3	17.75	29.6	29.6	100	99.9	36.3	60.5	99.9	98.9	99.9	99.9	99.9	99.5	-31.2716	4.99073	-103.567	-12.3868	4.31539	-159.696	
0.58	4	0	88.6	2.1	7.2	8.8	4.2	0	3.2	4.1	18.7	6.2	29.3	17.75	29.6	29.6	100	99.9	36.3	60.5	99.9	98.9	99.9	99.9	99.9	99.5	-31.2716	4.99073	-103.567	-12.3868	4.31539	-159.696	
0.59	4	0	88.6	2.1	7.2	8.8	4.2	0	3.2	4.1	18.7	6.2	29.3	17.75	29.6	29.6	100	99.9	36.3	60.5	99.9	98.9	99.9	99.9	99.9	99.5	-31.2716	4.99073	-103.567	-12.3868	4.31539	-159.696	
0.6	4	0	88.6	2.1	7.2	8.8	4.2	0	3.2	4.1	18.7	6.2	29.3	17.75	29.6	29.6	100	99.9	36.3	60.5	99.9	98.9	99.9	99.9	99.9	99.5	-31.2716	4.99073	-103.567	-12.3868	4.31539	-159.696	
0.61	4	0	88.6	2.1	7.2	8.8	4.2	0	3.2	4.1	18.7	6.2	29.3	17.75	29.6	29.6	100	99.9	36.3	60.5	99.9	98.9	99.9	99.9	99.9	99.5	-31.2716	4.99073	-103.567	-12.3868	4.31539	-159.696	
0.62	4	0	88.6	2.1	7.2	8.8	4.2	0	3.2	4.1	18.7	6.2	29.3	17.75	29.6	29.6	100	99.9	36.3	60.5	99.9	98.9	99.9	99.9	99.9	99.5	-31.2716	4.99073	-103.567	-12.3868	4.31539	-159.696	
0.63	4	0	88.6	2.1	7.2	8.8	4.2	0	3.2	4.1	18.7	6.2	29.3	17.75	29.6	29.6	100	99.9	36.3	60.5	99.9	98.9	99.9	99.9	99.9	99.5	-31.2716	4.99073	-103.567	-12.3868	4.31539	-159.696	
0.64	4	0	88.6	2.1	7.2	8.8	4.2	0	3.2	4.1	18.7	6.2	29.3	17.75	29.6	29.6	100	99.9	36.3	60.5	99.9	98.9	99.9	99.9	99.9	99.5	-31.2716	4.99073	-103.567	-12.3868	4.31539	-159.696	
0.65	4	0	88.6	2.1	7.2	8.8	4.2	0	3.2	4.1	18.7	6.2	29.3	17.75	29.6	29.6	100	99.9	36.3	60.5	99.9	98.9	99.9	99.9	99.9	99.5	-31.2716	4.99073	-103.567	-12.3868	4.31539	-159.696	
0.66	4	0	88.6	2.1	7.2	8.8	4.2	0	3.2	4.1	18.7	6.2	29.3	17.75	29.6	29.6	100	99.9	36.3	60.5	99.9	98.9	99.9	99.9	99.9	99.5	-31.2716	4.99073	-103.567	-12.3868	4.31539	-159.696	
0.67	4	0	88.6	2.1	7.2	8.8	4.2	0	3.2	4.1	18.7	6.2	29.3	17.75	29.6	29.6	100	99.9	36.3	60.5	99.9	98.9	99.9	99.9	99.9	99.5	-31.2716	4.99073	-103.567	-12.3868	4.31539	-159.696	
0.68	4	0	88.6	2.1	7.2	8.8	4.2	0	3.2	4.1	18.7	6.2	29.3	17.75	29.6	29.6	100	99.9	36.3	60.5	99.9	98.9	99.9	99.9	99.9	99.5	-31.2716	4.99073	-103.567	-12.3868	4.31539	-159.696	
0.69	4	0	88.6	2.1	7.2	8.8	4.2	0	3.2	4.1	18.7	6.2	29.3	17.75	29.6	29.6	100	99.9	36.3	60.5	99.9	98.9	99.9	99.9	99.9	99.5	-31.2716	4.99073	-103.567	-12.3868	4.31539	-159.696	
0.7	4	0	88.6	2.1	7.2	8.8	4.2	0	3.2	4.1	18.7	6.2	29.3	17.75	29.6	29.6	100	99.9	36.3	60.5	99.9	98.9	99.9	99.9	99.9	99.5	-31.2716	4.99073	-103.567	-12.3868	4.31539	-159.696	
0.71	4	0	88.6	2.1	7.2	8.8	4.2	0	3.2	4.1	18.7	6.2	29.3	17.75	29.6	29.6	100	99.9	36.3	60.5	99.9	98.9	99.9	99.9	99.9	99.5	-31.2716	4.99073	-103.567	-12.3868	4.31539	-159.696	
0.72	4	0	88.6	2.1	7.2	8.8	4.2	0	3.2	4.1	18.7	6.2	29.3	17.75	29.6	29.6	100	99.9	36.3	60.5	99.9	98.9	99.9	99.9	99.9	99.5	-31.2716	4.99073	-103.567	-12.3868	4.31539	-159.696	
0.73	4	0	88.6	2.1	7.2	8.8	4.2	0	3.2	4.1	18.7	6.2	29.3	17.75	29.6	29.6	100	99.9	36.3	60.5	99.9	98.9	99.9	99.9	99.9	99.5	-31.2716	4.99073	-103.567	-12.3868	4.31539	-159.696	
0.74	4	0	88.6	2.1	7.2	8.8	4.2	0	3.2	4.1	18.7	6.2	29.3	17.75	29.6	29.6	100	99.9	36.3	60.5	99.9	98.9	99.9	99.9	99.9	99.5	-31.2716	4.99073	-103.567	-12.3868	4.31539	-159.696	
0.75	4	0	88.6	2.1	7.2	8.8	4.2	0	3.2	4.1	18.7	6.2	29.3	17.75	29.6	29.6	100	99.9	36.3	60.5	99.9	98.9	99.9	99.9	99.9	99.5	-31.2716	4.99073	-103.567	-12.3868	4.31539	-159.696	
0.76	4	0	88.6	2.1	7.2	8.8	4.2	0	3.2	4.1	18.7	6.2	29.3	17.75	29.6	29.6	100	99.9	36.3	60.5	99.9	98.9	99.9	99.9	99.9	99.5	-31.2716	4.99073	-103.567	-12.3868	4.31539	-159.696	
0.77	4	0	88.6	2.1	7.2	8.8	4.2	0	3.2	4.1	18.7	6.2	29.3	17.75	29.6	29.6	100	99.9	36.3	60.5	99.9	98.9	99.9	99.9	99.9	99.5	-31.2716	4.99073	-103.567	-12.3868	4.31539	-159.696	
0.78	4	0	88.6	2.1	7.2	8.8	4.2	0	3.2	4.1	18.7	6.2	29.3	17.75	29.6	29.6	100	99.9	36.3	60.5	99.9	98.9	99.9	99.9	99.9	99.5	-31.2716	4.99073	-103.567	-12.3868	4.31539	-159.696	
0.79	4	0	88.6	2.1	7.2	8.8	4.2	0	3.2	4.1	18.7	6.2	29.3	17.75	29.6	29.6	100	99.9	36.3	60.5	99.9	98.9	99.9	99.9	99.9	99.5	-31.2716	4.99073	-103.567	-12.3868	4.31539	-159.696	
0.8	4	0	88.6	2.1	7.2	8.8	4.2	0	3.2	4.1	18.7	6.2	29.3	17.75	29.6	29.6	100	99.9	36.3	60.5	99.9	98.9	99.9	99.9	99.9	99.5	-31.2716	4.99073	-103.567	-12.3868	4.31539	-159.696	
0.81	4	0	88.6	2.1	7.2	8.8	4.2	0	3.2	4.1	18.7	6.2	29.3	17.75	29.6	29.6	100	99.9	36.3	60.5	99.9	98.9	99.9	99.9	99.9	99.5	-31.2716	4.99073	-103.567	-12.3868	4.31539	-159.696	
0.82	4.1	0	88.3	2.1	7.1	8.7	4.2	0	3.2	4	18.8	6.8	29	17.9	29.6	29.4	99.9	99.9	36.9	60	99.9	98.9	99.9	99.9	99.9	99.4	-31.3108	4.97342	-103.568	-12.2395	4.21602	-159.689	
0.83	4.1	0	88.3	2.1	7.1	8.7	4.2	0	3.2	4	18.8	6.8	29	17.9	29.6	29.4	99.9	99.9	36.9	60	99.9	98.9	99.9	99.9	99.9	99.4	-31.3108	4.97342	-103.568	-12.2395	4.21602	-159.689	
0.84	4.1	0	88.3	2.1	7.1	8.7	4.2	0	3.2	4	18.8	6.8	29	17.9	29.6	29.4	99.9	99.9	36.9	60	99.9	98.9	99.9	99.9	99.9	99.4	-31.3108	4.97342	-103.568	-12.2395	4.21602	-159.689	
0.85	4.1	0	88.3	2.1	7.1	8.7	4.2	0	3.2	4	18.8	6.8	29	17.9	29.6	29.4	99.9	99.9	36.9	60	99.9	98.9	99.9	99.9	99.9	99.4	-31.3108	4.97342	-103.568	-12.2395	4.21602	-159.689	
0.86	4.1	0	88.3	2.1	7.1	8.7	4.2	0	3.2	4	18.8	6.8	29	17.9	29.6	29.4	99.9	99.9	36.9	60	99.9	98.9	99.9	99.9	99.9	99.4	-31.3108	4.97342	-103.568	-12.2395	4.21602	-159.689	
0.87	4.1	0	88.3	2.1	7.1	8.7	4.2	0	3.2	4	18.8	6.8	29	17.9	29.6	29.4	99.9	99.9	36.9	60	99.9	98.9	99.9	99.9	99.9	99.4	-31.3108	4.97342	-103.568	-12.2395	4.21602	-159.689	
0.88	4.1	0	88.3	2.1	7.1	8.7	4.2	0	3.2	4	18.8	6.8	29	17.9	29.6	29.4	99.9	99.9	36.9	60	99.9	98.9	99.9	99.9	99.9	99.4	-31.3108	4.97342	-103.568	-12.2395	4.21602	-159.689	
0.89	4.1	0	88.3	2.1	7.1	8.7	4.2	0	3.2	4	18.8	6.8	29	17.9	29.6	29.4	99.9	99.9	36.9	60	99.9	98.9	99.9	99.9	99.9	99.4	-31.3108	4.97342	-103.568	-12.2395	4.21602	-159.689	
0.9	4.1	0	88.3	2.1	7.1	8.7	4.2	0	3.2	4	18.8	6.8	29	17.9	29.6	29.4	99.9	99.9	36.9	60	99.9	98.9	99.9	99.9	99.9	99.4	-31.3108	4.97342	-103.568	-12.2395	4.21602	-159.689	
0.91	4.1	0	88.3	2.1	7.1	8.7	4.2	0	3.2	4	18.8	6.8	29	17.9	29.6	29.4	99.9	99.9	36.9	60	99.9	98.9	99.9	99.9	99.9	99.4	-31.3108	4.97342	-103.568	-12.2395	4.21602	-159.689	
0.92	4.1	0	88.3	2.1	7.1	8.7	4.2	0	3.2	4	18.8	6.8	29	17.9	29.6	29.4	99.9	99.9	36.9	60	99.9	98.9	99.9	99.9	99.9	99.4	-31.3108	4.97342	-103.568	-12.2395	4.21602	-159.689	
0.93	4.1	0	88.3	2.1	7.1	8.7	4.2	0	3.2	4	18.8	6.8	29	17.9	29.6	29.4	99.9	99.9	36.9	60	99.9	98.9	99.9	99.9	99.9	99.4	-31.3108	4.97342	-103.568	-12.2395	4.21602	-159.689	
0.94	4.1	0	88.3	2.1	7.1	8.7	4.2	0	3.2	4	18.8	6.8	29	17.9	29.6	29.4	99.9	99.9	36.9	60	99.9	98.9	99.9	99.9	99.9	99.4	-31.3108	4.97342	-103.568	-12.2395	4.21602	-159.689	
0.95	4.1	0	88.3	2.1	7.1	8.7	4.2	0	3.2	4	18.8	6.8	29	17.9	29.6	29.4	99.9	99.9	36.9	60	99.9	98.9	99.9	99.9	99.9	99.4	-31.3108	4.97342	-103.568	-12.2395	4.21602	-159.689	
0.96	4.1	0	88.3	2.1	7.1	8.7	4.2	0	3.2	4	18.8	6.8	29	17.9	29.6	29.4	99.9	99.9	36.9	60	99.9	98.9	99.9	99.9	99.9	99.4	-31.3108	4.97342	-103.568	-12.2395	4.21602	-159.689	
0.97	4.1	0	88.3	2.1	7.1	8.7	4.2	0	3.2	4	18.8	6.8	29	17.9	29.6	29.4	99.9	99.9	36.9	60	99.9	98.9	99.9	99.9	99.9	99.4	-31.3108	4.97342	-103.568	-12.2395	4.21602	-159.689	
0.98	4.1	0	88.3	2.1	7.1	8.7	4.2	0	3.2	4	18.8	6.8	29	17.9	29.6	29.4	99.9	99.9	36.9	60	99.9	98.9	99.9	99.9	99.9	99.4	-31.3108	4.97342	-103.568	-12.2395	4.21602	-159.689	
0.99	4.1	0	88.3	2.1	7.1	8.7	4.2	0	3.2	4	18.8	6.8	29	17.9	29.6	29.4	99.9	99.9	36.9	60	99.9	98.9	99.9	99.9	99.9	99.4	-31.3108	4.97342	-103.568	-12.2395	4.21602	-159.689	
1	4.1	0	88.3	2.1	7.1	8.7	4.2	0	3.2	4	18.8	6.8	29	17.9	29.6	29.4	99.9	99.9	36.9	60	99.9	98.9	99.9	99.9	99.9	99.4	-31.3108	4.97342	-103.568	-12.2395	4.21602	-159.689	
1.01	4.1	0	88.3	2.1	7.1	8.7	4.2	0	3.2	4	18.8	6.8	29	17.9	29.6	29.4	99.9	99.9	36.9	60	99.9	98.9	99.9	99.9	99.9	99.4	-31.3108	4.97342	-103.568	-12.2395	4.21602	-159.689	
1.02	4.1	0	88.3	2.1	7.1	8.7	4.2	0	3.2	4	18.8	6.8	29	17.9	29.6	29.4	99.9	99.9	36.9	60	99.9	98.9	99.9	99.9	99.9	99.4	-31.3108	4.97342	-103.568	-12.2395	4.21602	-159.689	
1.03	4.1	0	88.3	2.1	7.1	8.7	4.2	0	3.2	4	18.8	6.8	29	17.9	29.6	29.4	99.9	99.9	36.9	60	99.9	98.9	99.9	99.9	99.9	99.4	-31.3108	4.97342	-103.568	-12.2395	4.21602	-159.689	
1.04	4.1	0	88.3	2.1	7.1	8.7	4.2	0	3.2	4	18.8	6.8	29	17.9	29.6	29.4	99.9	99.9	36.9	60	99.9	98.9	99.9	99.9	99.9	99.4	-31.3108	4.97342	-103.568	-12.2395	4.21602	-159.689	
1.05	4.1	0	88.3	2.1	7.1	8.7	4.2	0	3.2	4	18.8	6.8	29	17.9	29.6	29.4	99.9	99.9	36.9	60	99.9	98.9	99.9	99.9	99.9	99.4	-31.3108	4.97342	-103.568	-12.2395	4.21602	-159.689	
1.06	4.1	0	88.3	2.1	7.1	8.7	4.2	0	3.2	4	18.8	6.8	29	17.9	29.6	29.4	99.9	99.9	36.9	60	99.9	98.9	99.9	99.9	99.9	99.4	-31.3108	4.97342	-103.568	-12.2395	4.21602	-159.689	
1.07	4.1	0	88.3	2.1	7.1	8.7	4.2	0	3.2	4	18.8	6.8	29	17.9	29.6	29.4	99.9	99.9	36.9	60	99.9	98.9	99.9	99.9	99.9	99.4	-31.3108	4.97342	-103.568	-12.2395	4.21602	-159.689	
1.08	4.1	0	88.3	2.1	7.1	8.7	4.2	0	3.2	4	18.8	6.8	29	17.9	29.6	29.4	99.9	99.9	36.9	60	99.9	98.9	99.9	99.9	99.9	99.4	-31.3108	4.97342	-103.568	-12.2395	4.21602	-159.689	
1.09	4.1	0	88.3	2.1	7.1	8.7	4.2	0	3.2	4	18.8	6.8	29	17.9	29.6	29.4	99.9	99.9	36.9	60	99.9	98.9	99.9	99.9	99.9	99.4	-31.3108	4.97342	-103.568	-12.2395	4.21602	-159.689	
1.1	4.1	0	88.3	2.1	7.1	8.7	4.2	0	3.2	4	18.8	6.8	29	17.9	29.6	29.4	99.9	99.9	36.9	60	99.9	98.9	99.9	99.9	99.9	99.4	-31.3108	4.97342	-103.568	-12.2395	4.21602	-159.689	
1.11	4.1	0	88.3	2.1	7.1	8.7	4.2	0	3.2	4	18.8	6.8	29	17.9	29.6	29.4	99.9	99.9	36.9	60	99.9	98.9	99.9	99.9	99.9	99.4	-31.3108	4.97342	-103.568	-12.2395	4.21602	-159.689	
1.12	4.1	0	88.3	2.1	7.1	8.7	4.2	0	3.2	4	18.8	6.8	29	17.9	29.6	29.4	99.9	99.9	36.9	60	99.9	98.9	99.9	99.9	99.9	99.4	-31.3108	4.97342	-103.568	-12.2395	4.21602	-159.689	
1.13	4.1	0	88.3	2.1	7.1	8.7	4.2	0	3.2	4	18.8	6.8	29	17.9	29.6	29.4	99.9	99.9	36.9	60	99.9	98.9	99.9	99.9	99.9	99.4	-31.3108	4.97342	-103.568	-12.2395	4.21602	-159.689	
1.14	4.1	0	88.3	2.1	7.1	8.7	4.2	0	3.2	4	18.8	6.8	29	17.9	29.6	29.4	99.9	99.9	36.9	60	99.9	98.9	99.9	99.9	99.9	99.4	-31.3108	4.97342	-103.568	-12.2395	4.21602	-159.689	
1.15	4.1	0	88.3	2.1	7.1	8.7	4.2	0	3.2	4	18.8	6.8	29	17.9	29.6	29.4	99.9	99.9	36.9	60	99.9	98.9	99.9	99.9	99.9	99.4	-31.3108	4.97342	-103.568	-12.2395	4.21602	-159.689	
1.16	4.1	0	88.3	2.1	7.1	8.7	4.2	0	3.2	4	18.8	6.8	29	17.9	29.6	29.4	99.9	99.9	36.9	60	99.9	98.9	99.9	99.9	99.9	99.4	-31.3108	4.97342	-103.568	-12.2395	4.21602	-159.689	
1.17	4.1	0	88.3	2.1	7.1	8.7	4.2	0	3.2	4	18.8	6.8	29	17.9	29.6	29.4	99.9	99.9	36.9	60	99.9	98.9	99.9	99.9	99.9	99.4	-31.3108	4.97342	-103.568	-12.2395	4.21602	-159.689	
1.18	4.1	0	88.3	2.1	7.1	8.7	4.2	0	3.2	4	18.8	6.8	29	17.9	29.6	29.4	99.9	99.9	36.9	60	99.9	98.9	99.9	99.9	99.9	99.4	-31.3108	4.97342	-103.568	-12.2395	4.21602	-159.689	
1.19	4	0	88.4	2	7.1	8.5	4.2	0	3.2	4	18.6	6.8	29	17.9	29.5	29.3	99.9	99.9	36.2	60	99.9	99.2	99.9	99.8	99.6	99.3	-31.2283	4.87498	-103.556	-12.2348	4.23188	-159.683	
1.2	4	0	88.4	2	7.1	8.5	4.2	0	3.2	4	18.6	6.8	29	17.9	29.5	29.3	99.9	99.9	36.2	60	99.9	99.2	99.9	99.8	99.6	99.3	-31.2283	4.87498	-103.556	-12.2348	4.23188	-159.683	
1.21	4	0	88.4	2	7.1	8.5	4.2	0	3.2	4	18.6	6.8	29	17.9	29.5	29.3	99.9	99.9	36.2	60	99.9	99.2	99.9	99.8	99.6	99.3	-31.2283	4.87498	-103.556	-12.2348	4.23188	-159.683	
1.22	4	0	88.4	2	7.1	8.5	4.2	0	3.2	4	18.6	6.8	29	17.9	29.5	29.3	99.9	99.9	36.2	60	99.9	99.2	99.9	99.8	99.6	99.3	-31.2283	4.87498	-103.556	-12.2348	4.23188	-159.683	
1.23	4	0	88.4	2	7.1	8.5	4.2	0	3.2	4	18.6	6.8	29	17.9	29.5	29.3	99.9	99.9	36.2	60	99.9	99.2	99.9	99.8	99.6	99.3	-31.2283	4.87498	-103.556	-12.2348	4.23188	-159.683	
1.24	4	0	88.4	2	7.1	8.5	4.2	0	3.2	4	18.6	6.8	29	17.9	29.5	29.3	99.9	99.9	36.2	60	99.9	99.2	99.9	99.8	99.6	99.3	-31.2283	4.87498	-103.556	-12.2348	4.23188	-159.683	
1.25	4	0	88.4	2	7.1	8.5	4.2	0	3.2	4	18.6	6.8	29	17.9	29.5	29.3	99.9	99.9	36.2	60	99.9	99.2	99.9	99.8	99.6	99.3	-31.2283	4.87498	-103.556	-12.2348	4.23188	-159.683	
1.26	4	0	88.4	2	7.1	8.5	4.2	0	3.2	4	18.6	6.8	29	17.9	29.5	29.3	99.9	99.9	36.2	60	99.9	99.2	99.9	99.8	99.6	99.3	-31.2283	4.87498	-103.556	-12.2348	4.23188	-159.683	
1.27	4	0	88.4	2	7.1	8.5	4.2	0	3.2	4	18.6	6.8	29	17.9	29.5	29.3	99.9	99.9	36.2	60	99.9	99.2	99.9	99.8	99.6	99.3	-31.2283	4.87498	-103.556	-12.2348	4.23188	-159.683	
1.28	4	0	88.4	2	7.1	8.5	4.2	0	3.2	4	18.6	6.8	29	17.9	29.5	29.3	99.9	99.9	36.2	60	99.9	99.2	99.9	99.8	99.6	99.3	-31.2283	4.87498	-103.556	-12.2348	4.23188	-159.683	
1.29	4	0	88.4	2	7.1	8.5	4.2	0	3.2	4	18.6	6.8	29	17.9	29.5	29.3	99.9	99.9	36.2	60	99.9	99.2	99.9	99.8	99.6	99.3	-31.2283	4.87498	-103.556	-12.2348	4.23188	-159.683	
1.3	4	0	88.4	2	7.1	8.5	4.2	0	3.2	4	18.6	6.8	29	17.9	29.5	29.3	99.9	99.9	36.2	60	99.9	99.2	99.9	99.8	99.6	99.3	-31.2283	4.87498	-103.556	-12.2348	4.23188	-159.683	
1.31	4	0	88.4	2	7.1	8.5	4.2	0	3.2	4	18.6	6.8	29	17.9	29.5	29.3	99.9	99.9	36.2	60	99.9	99.2	99.9	99.8	99.6	99.3	-31.2283	4.87498	-103.556	-12.2348	4.23188	-159.683	
1.32	4	0	88.4	2	7.1	8.5	4.2	0	3.2	4	18.6	6.8	29	17.9	29.5	29.3	99.9	99.9	36.2	60	99.9	99.2	99.9	99.8	99.6	99.3	-31.2283	4.87498	-103.556	-12.2348	4.23188	-159.683	
1.33	4	0	88.4	2	7.1	8.5	4.2	0	3.2	4	18.6	6.8	29	17.9	29.5	29.3	99.9	99.9	36.2	60	99.9	99.2	99.9	99.8	99.6	99.3	-31.2283	4.87498	-103.556	-12.2348	4.23188	-159.683	
1.34	4	0	88.4	2	7.1	8.5	4.2	0	3.2	4	18.6	6.8	29	17.9	29.5	29.3	99.9	99.9	36.2	60	99.9	99.2	99.9	99.8	99.6	99.3	-31.2283	4.87498	-103.556	-12.2348	4.23188	-159.683	
1.35	4	0	88.4	2	7.1	8.5	4.2	0	3.2	4	18.6	6.8	29	17.9	29.5	29.3	99.9	99.9	36.2	60	99.9	99.2	99.9	99.8	99.6	99.3	-31.2283	4.87498	-103.556	-12.2348	4.23188	-159.683	
1.36	4	0	88.4	2	7.1	8.5	4.2	0	3.2	4	18.6	6.8	29	17.9	29.5	29.3	99.9	99.9	36.2	60	99.9	99.2	99.9	99.8	99.6	99.3	-31.2283	4.87498	-103.556	-12.2348	4.23188	-159.683	
1.37	4	0	88.4	2	7.1	8.5	4.2	0	3.2	4	18.6	6.8	29	17.9	29.5	29.3	99.9	99.9	36.2	60	99.9	99.2	99.9	99.8	99.6	99.3	-31.2283	4.87498	-103.556	-12.2348	4.23188	-159.683	
1.38	4	0	88.4	2	7.1	8.5	4.2	0	3.2	4	18.6	6.8	29	17.9	29.5	29.3	99.9	99.9	36.2	60	99.9	99.2	99.9	99.8	99.6	99.3	-31.2283	4.87498	-103.556	-12.2348	4.23188	-159.683	
1.39	4	0	88.4	2	7.1	8.5	4.2	0	3.2	4	18.6	6.8	29	17.9	29.5	29.3	99.9	99.9	36.2	60	99.9	99.2	99.9	99.8	99.6	99.3	-31.2283	4.87498	-103.556	-12.2348	4.23188	-159.683	
1.4	4	0	88.4	2	7.1	8.5	4.2	0	3.2	4	18.6	6.8	29	17.9	29.5	29.3	99.9	99.9	36.2	60	99.9	99.2	99.9	99.8	99.6	99.3	-31.2283	4.87498	-103.556	-12.2348	4.23188	-159.683	
1.41	4	0	88.4	2	7.1	8.5	4.2	0	3.2	4	18.6	6.8	29	17.9	29.5	29.3	99.9	99.9	36.2	60	99.9	99.2	99.9	99.8	99.6	99.3	-31.2283	4.87498	-103.556	-12.2348	4.23188	-159.683	
1.42	4	0	88.4	2	7.1	8.5	4.2	0	3.2	4	18.6	6.8	29	17.9	29.5	29.3	99.9	99.9	36.2	60	99.9	99.2	99.9	99.8	99.6	99.3	-31.2283	4.87498	-103.556	-12.2348	4.23188	-159.683	
1.43	4	0	88.4	2	7.1	8.5	4.2	0	3.2	4	18.6	6.8	29	17.9	29.5	29.3	99.9	99.9	36.2	60	99.9	99.2	99.9	99.8	99.6	99.3	-31.2283	4.87498	-103.556	-12.2348	4.23188	-159.683	
1.44	4	0	88.4	2	7.1	8.5	4.2	0	3.2	4	18.6	6.8	29	17.9	29.5	29.3	99.9	99.9	36.2	60	99.9	99.2	99.9	99.8	99.6	99.3	-31.2283	4.87498	-103.556	-12.2348	4.23188	-159.683	
1.45	4	0	88.4	2	7.1	8.5	4.2	0	3.2	4	18.6	6.8	29	17.9	29.5	29.3	99.9	99.9	36.2	60	99.9	99.2	99.9	99.8	99.6	99.3	-31.2283	4.87498	-103.556	-12.2348	4.23188	-159.683	
1.46	4	0	88.4	2	7.1	8.5	4.2	0	3.2	4	18.6	6.8	29	17.9	29.5	29.3	99.9	99.9	36.2	60	99.9	99.2	99.9	99.8	99.6	99.3	-31.2283	4.87498	-103.556	-12.2348	4.23188	-159.683	
1.47	4	0	88.4	2	7.1	8.5	4.2	0	3.2	4	18.6	6.8	29	17.9	29.5	29.3	99.9	99.9	36.2	60	99.9	99.2	99.9	99.8	99.6	99.3	-31.2283	4.87498	-103.556	-12.2348	4.23188	-159.683	
1.48	4	0	88.4	2	7.1	8.5	4.2	0	3.2	4	18.6	6.8	29	17.9	29.5	29.3	99.9	99.9	36.2	60	99.9	99.2	99.9	99.8	99.6	99.3	-31.2283	4.87498	-103.556	-12.2348	4.23188	-159.683	
1.49	4	0	88.4	2	7.1	8.5	4.2	0	3.2	4	18.6	6.8	29	17.9	29.5	29.3	99.9	99.9	36.2	60	99.9	99.2	99.9	99.8	99.6	99.3	-31.2283	4.87498	-103.556	-12.2348	4.23188	-159.683	
1.5	4	0	88.4	2	7.1	8.5	4.2	0	3.2	4	18.6	6.8	29	17.9	29.5	29.3	99.9	99.9	36.2	60	99.9	99.2	99.9	99.8	99.6	99.3	-31.2283	4.87498	-103.556	-12.2348	4.23188	-159.683	
1.51	4	0	88.4	2	7.1	8.5	4.2	0	3.2	4	18.6	6.8	29	17.9	29.5	29.3	99.9	99.9	36.2	60	99.9	99.2	99.9	99.8	99.6	99.3	-31.2283	4.87498	-103.556	-12.2348	4.23188	-159.683	
1.52	4	0	88.4	2	7.1	8.5	4.2	0	3.2	4	18.6	6.8	29	17.9	29.5	29.3	99.9	99.9	36.2	60	99.9	99.2	99.9	99.8	99.6	99.3	-31.2283	4.87498	-103.556	-12.2348	4.23188	-159.683	
1.53	4	0	88.4	2	7.1	8.5	4.2	0	3.2	4	18.6	6.8	29	17.9	29.5	29.3	99.9	99.9	36.2	60	99.9	99.2	99.9	99.8	99.6	99.3	-31.2283	4.87498	-103.556	-12.2348	4.23188	-159.683	
1.54	4	0	88.4	2	7.1	8.5	4.2	0	3.2	4	18.6	6.8	29	17.9	29.5	29.3	99.9	99.9	36.2	60	99.9	99.2	99.9	99.8	99.6	99.3	-31.2283	4.87498	-103.556	-12.2348	4.23188	-159.683	
1.55	4.2	0	87.9	2	7.2	8.7	4.2	0	3.2	4.1	18.6	6.8	28.7	17.75	29.4	29.4	99.9	99.9	35.9	58.7	99.9	98.2	99.4	99.4	99.7	99.9	-31.1648	4.94986	-103.544	-12.323	4.17893	-159.694	
1.56	4.2	0	87.9	2	7.2	8.7	4.2	0	3.2	4.1	18.6	6.8	28.7	17.75	29.4	29.4	99.9	99.9	35.9	58.7	99.9	98.2	99.4	99.4	99.7	99.9	-31.1648	4.94986	-103.544	-12.323	4.17893	-159.694	
