Hora de inicio de la toma de datos: 10:00:56
AT(s)	F1.1	F1.2	F2.1	F2.2	F3.1	F3.2	F4.1	F4.2	F5.1	F5.2	ABD1	ABD2	ABD3	ABD4	PA	TCO	P1	P2	P3	P4	P5	P6	P7	P8	P9	P10	HRoll	HPitch	HYaw	WRoll	WPitch	WYaw	
0.01	3.4	0	0.3	5	8.1	5.2	4.7	0	0.3	6.2	32.9	59.6	26.8	43.2	52.7	32.3	99.9	99.9	99.9	99.8	99.9	98.8	99.9	99.9	99.9	89.9	-15.8182	24.6547	-73.04	4.87681	4.77932	-115.164	
0.02	3.4	0	0.3	5	8.1	5.2	4.7	0	0.3	6.2	32.9	59.6	26.8	43.2	52.7	32.3	99.9	99.9	99.9	99.8	99.9	98.8	99.9	99.9	99.9	89.9	-15.8182	24.6547	-73.04	4.87681	4.77932	-115.164	
0.03	3.4	0	0.3	5	8.1	5.2	4.7	0	0.3	6.2	32.9	59.6	26.8	43.2	52.7	32.3	99.9	99.9	99.9	99.8	99.9	98.8	99.9	99.9	99.9	89.9	-15.8182	24.6547	-73.04	4.87681	4.77932	-115.164	
0.04	3.4	0	0.3	5	8.1	5.2	4.7	0	0.3	6.2	32.9	59.6	26.8	43.2	52.7	32.3	99.9	99.9	99.9	99.8	99.9	98.8	99.9	99.9	99.9	89.9	-15.8182	24.6547	-73.04	4.87681	4.77932	-115.164	
0.05	3.4	0	0.3	5	8.1	5.2	4.7	0	0.3	6.2	32.9	59.6	26.8	43.2	52.7	32.3	99.9	99.9	99.9	99.8	99.9	98.8	99.9	99.9	99.9	89.9	-15.8182	24.6547	-73.04	4.87681	4.77932	-115.164	
0.06	3.4	0	0.3	5	8.1	5.2	4.7	0	0.3	6.2	32.9	59.6	26.8	43.2	52.7	32.3	99.9	99.9	99.9	99.8	99.9	98.8	99.9	99.9	99.9	89.9	-15.8182	24.6547	-73.04	4.87681	4.77932	-115.164	
0.07	3.4	0	0.3	5	8.1	5.2	4.7	0	0.3	6.2	32.9	59.6	26.8	43.2	52.7	32.3	99.9	99.9	99.9	99.8	99.9	98.8	99.9	99.9	99.9	89.9	-15.8182	24.6547	-73.04	4.87681	4.77932	-115.164	
0.08	3.4	0	0.3	5	8.1	5.2	4.7	0	0.3	6.2	32.9	59.6	26.8	43.2	52.7	32.3	99.9	99.9	99.9	99.8	99.9	98.8	99.9	99.9	99.9	89.9	-15.8182	24.6547	-73.04	4.87681	4.77932	-115.164	
0.09	3.4	0	0.3	5	8.1	5.2	4.7	0	0.3	6.2	32.9	59.6	26.8	43.2	52.7	32.3	99.9	99.9	99.9	99.8	99.9	98.8	99.9	99.9	99.9	89.9	-15.8182	24.6547	-73.04	4.87681	4.77932	-115.164	
0.1	3.4	0	0.3	5	8.1	5.2	4.7	0	0.3	6.2	32.9	59.6	26.8	43.2	52.7	32.3	99.9	99.9	99.9	99.8	99.9	98.8	99.9	99.9	99.9	89.9	-15.8182	24.6547	-73.04	4.87681	4.77932	-115.164	
0.11	3.4	0	0.3	5	8.1	5.2	4.7	0	0.3	6.2	32.9	59.6	26.8	43.2	52.7	32.3	99.9	99.9	99.9	99.8	99.9	98.8	99.9	99.9	99.9	89.9	-15.8182	24.6547	-73.04	4.87681	4.77932	-115.164	
0.12	3.4	0	0.3	5	8.1	5.2	4.7	0	0.3	6.2	32.9	59.6	26.8	43.2	52.7	32.3	99.9	99.9	99.9	99.8	99.9	98.8	99.9	99.9	99.9	89.9	-15.8182	24.6547	-73.04	4.87681	4.77932	-115.164	
0.13	3.4	0	0.3	5	8.1	5.2	4.7	0	0.3	6.2	32.9	59.6	26.8	43.2	52.7	32.3	99.9	99.9	99.9	99.8	99.9	98.8	99.9	99.9	99.9	89.9	-15.8182	24.6547	-73.04	4.87681	4.77932	-115.164	
0.14	3.4	0	0.3	5	8.1	5.2	4.7	0	0.3	6.2	32.9	59.6	26.8	43.2	52.7	32.3	99.9	99.9	99.9	99.8	99.9	98.8	99.9	99.9	99.9	89.9	-15.8182	24.6547	-73.04	4.87681	4.77932	-115.164	
0.15	3.6	0	0.4	5	8.3	5.2	4.7	0	0.1	6.1	32.1	59.4	26.7	43.05	52.7	32	100	99.9	99.9	99.8	99.9	98.7	99.9	99.9	99.9	90.3	-15.7835	24.8038	-73.0267	4.9279	4.63964	-115.209	
0.16	3.6	0	0.4	5	8.3	5.2	4.7	0	0.1	6.1	32.1	59.4	26.7	43.05	52.7	32	100	99.9	99.9	99.8	99.9	98.7	99.9	99.9	99.9	90.3	-15.7835	24.8038	-73.0267	4.9279	4.63964	-115.209	
0.171	3.6	0	0.4	5	8.3	5.2	4.7	0	0.1	6.1	32.1	59.4	26.7	43.05	52.7	32	100	99.9	99.9	99.8	99.9	98.7	99.9	99.9	99.9	90.3	-15.7835	24.8038	-73.0267	4.9279	4.63964	-115.209	
0.181	3.6	0	0.4	5	8.3	5.2	4.7	0	0.1	6.1	32.1	59.4	26.7	43.05	52.7	32	100	99.9	99.9	99.8	99.9	98.7	99.9	99.9	99.9	90.3	-15.7835	24.8038	-73.0267	4.9279	4.63964	-115.209	
0.191	3.6	0	0.4	5	8.3	5.2	4.7	0	0.1	6.1	32.1	59.4	26.7	43.05	52.7	32	100	99.9	99.9	99.8	99.9	98.7	99.9	99.9	99.9	90.3	-15.7835	24.8038	-73.0267	4.9279	4.63964	-115.209	
0.201	3.6	0	0.4	5	8.3	5.2	4.7	0	0.1	6.1	32.1	59.4	26.7	43.05	52.7	32	100	99.9	99.9	99.8	99.9	98.7	99.9	99.9	99.9	90.3	-15.7835	24.8038	-73.0267	4.9279	4.63964	-115.209	
0.211	3.6	0	0.4	5	8.3	5.2	4.7	0	0.1	6.1	32.1	59.4	26.7	43.05	52.7	32	100	99.9	99.9	99.8	99.9	98.7	99.9	99.9	99.9	90.3	-15.7835	24.8038	-73.0267	4.9279	4.63964	-115.209	
0.221	3.6	0	0.4	5	8.3	5.2	4.7	0	0.1	6.1	32.1	59.4	26.7	43.05	52.7	32	100	99.9	99.9	99.8	99.9	98.7	99.9	99.9	99.9	90.3	-15.7835	24.8038	-73.0267	4.9279	4.63964	-115.209	
0.231	3.6	0	0.4	5	8.3	5.2	4.7	0	0.1	6.1	32.1	59.4	26.7	43.05	52.7	32	100	99.9	99.9	99.8	99.9	98.7	99.9	99.9	99.9	90.3	-15.7835	24.8038	-73.0267	4.9279	4.63964	-115.209	
0.241	3.6	0	0.4	5	8.3	5.2	4.7	0	0.1	6.1	32.1	59.4	26.7	43.05	52.7	32	100	99.9	99.9	99.8	99.9	98.7	99.9	99.9	99.9	90.3	-15.7835	24.8038	-73.0267	4.9279	4.63964	-115.209	
0.251	3.6	0	0.4	5	8.3	5.2	4.7	0	0.1	6.1	32.1	59.4	26.7	43.05	52.7	32	100	99.9	99.9	99.8	99.9	98.7	99.9	99.9	99.9	90.3	-15.7835	24.8038	-73.0267	4.9279	4.63964	-115.209	
0.261	3.6	0	0.4	5	8.3	5.2	4.7	0	0.1	6.1	32.1	59.4	26.7	43.05	52.7	32	100	99.9	99.9	99.8	99.9	98.7	99.9	99.9	99.9	90.3	-15.7835	24.8038	-73.0267	4.9279	4.63964	-115.209	
0.271	3.6	0	0.4	5	8.3	5.2	4.7	0	0.1	6.1	32.1	59.4	26.7	43.05	52.7	32	100	99.9	99.9	99.8	99.9	98.7	99.9	99.9	99.9	90.3	-15.7835	24.8038	-73.0267	4.9279	4.63964	-115.209	
0.281	3.6	0	0.4	5	8.3	5.2	4.7	0	0.1	6.1	32.1	59.4	26.7	43.05	52.7	32	100	99.9	99.9	99.8	99.9	98.7	99.9	99.9	99.9	90.3	-15.7835	24.8038	-73.0267	4.9279	4.63964	-115.209	
0.29	3.6	0	0.4	5	8.3	5.2	4.7	0	0.1	6.1	32.1	59.4	26.7	43.05	52.7	32	100	99.9	99.9	99.8	99.9	98.7	99.9	99.9	99.9	90.3	-15.7835	24.8038	-73.0267	4.9279	4.63964	-115.209	
0.3	3.6	0	0.4	5	8.3	5.2	4.7	0	0.1	6.1	32.1	59.4	26.7	43.05	52.7	32	100	99.9	99.9	99.8	99.9	98.7	99.9	99.9	99.9	90.3	-15.7835	24.8038	-73.0267	4.9279	4.63964	-115.209	
0.31	3.6	0	0.4	5	8.3	5.2	4.7	0	0.1	6.1	32.1	59.4	26.7	43.05	52.7	32	100	99.9	99.9	99.8	99.9	98.7	99.9	99.9	99.9	90.3	-15.7835	24.8038	-73.0267	4.9279	4.63964	-115.209	
0.32	3.6	0	0.4	5	8.3	5.2	4.7	0	0.1	6.1	32.1	59.4	26.7	43.05	52.7	32	100	99.9	99.9	99.8	99.9	98.7	99.9	99.9	99.9	90.3	-15.7835	24.8038	-73.0267	4.9279	4.63964	-115.209	
0.33	3.6	0	0.4	5	8.3	5.2	4.7	0	0.1	6.1	32.1	59.4	26.7	43.05	52.7	32	100	99.9	99.9	99.8	99.9	98.7	99.9	99.9	99.9	90.3	-15.7835	24.8038	-73.0267	4.9279	4.63964	-115.209	
0.34	3.6	0	0.4	5	8.3	5.2	4.7	0	0.1	6.1	32.1	59.4	26.7	43.05	52.7	32	100	99.9	99.9	99.8	99.9	98.7	99.9	99.9	99.9	90.3	-15.7835	24.8038	-73.0267	4.9279	4.63964	-115.209	
0.35	3.6	0	0.4	5	8.3	5.2	4.7	0	0.1	6.1	32.1	59.4	26.7	43.05	52.7	32	100	99.9	99.9	99.8	99.9	98.7	99.9	99.9	99.9	90.3	-15.7835	24.8038	-73.0267	4.9279	4.63964	-115.209	
0.36	3.6	0	0.4	5	8.3	5.2	4.7	0	0.1	6.1	32.1	59.4	26.7	43.05	52.7	32	100	99.9	99.9	99.8	99.9	98.7	99.9	99.9	99.9	90.3	-15.7835	24.8038	-73.0267	4.9279	4.63964	-115.209	
0.37	3.6	0	0.4	5	8.3	5.2	4.7	0	0.1	6.1	32.1	59.4	26.7	43.05	52.7	32	100	99.9	99.9	99.8	99.9	98.7	99.9	99.9	99.9	90.3	-15.7835	24.8038	-73.0267	4.9279	4.63964	-115.209	
0.38	3.6	0	0.4	5	8.3	5.2	4.7	0	0.1	6.1	32.1	59.4	26.7	43.05	52.7	32	100	99.9	99.9	99.8	99.9	98.7	99.9	99.9	99.9	90.3	-15.7835	24.8038	-73.0267	4.9279	4.63964	-115.209	
0.39	3.6	0	0.4	5	8.3	5.2	4.7	0	0.1	6.1	32.1	59.4	26.7	43.05	52.7	32	100	99.9	99.9	99.8	99.9	98.7	99.9	99.9	99.9	90.3	-15.7835	24.8038	-73.0267	4.9279	4.63964	-115.209	
0.4	3.6	0	0.4	5	8.3	5.2	4.7	0	0.1	6.1	32.1	59.4	26.7	43.05	52.7	32	100	99.9	99.9	99.8	99.9	98.7	99.9	99.9	99.9	90.3	-15.7835	24.8038	-73.0267	4.9279	4.63964	-115.209	
0.41	3.6	0	0.4	5	8.3	5.2	4.7	0	0.1	6.1	32.1	59.4	26.7	43.05	52.7	32	100	99.9	99.9	99.8	99.9	98.7	99.9	99.9	99.9	90.3	-15.7835	24.8038	-73.0267	4.9279	4.63964	-115.209	
0.42	3.6	0	0.4	5	8.3	5.2	4.7	0	0.1	6.1	32.1	59.4	26.7	43.05	52.7	32	100	99.9	99.9	99.8	99.9	98.7	99.9	99.9	99.9	90.3	-15.7835	24.8038	-73.0267	4.9279	4.63964	-115.209	
0.43	3.6	0	0.4	5	8.3	5.2	4.7	0	0.1	6.1	32.1	59.4	26.7	43.05	52.7	32	100	99.9	99.9	99.8	99.9	98.7	99.9	99.9	99.9	90.3	-15.7835	24.8038	-73.0267	4.9279	4.63964	-115.209	
0.44	3.6	0	0.4	5	8.3	5.2	4.7	0	0.1	6.1	32.1	59.4	26.7	43.05	52.7	32	100	99.9	99.9	99.8	99.9	98.7	99.9	99.9	99.9	90.3	-15.7835	24.8038	-73.0267	4.9279	4.63964	-115.209	
0.45	3.6	0	0.4	5	8.3	5.2	4.7	0	0.1	6.1	32.1	59.4	26.7	43.05	52.7	32	100	99.9	99.9	99.8	99.9	98.7	99.9	99.9	99.9	90.3	-15.7835	24.8038	-73.0267	4.9279	4.63964	-115.209	
0.46	3.6	0	0.4	5	8.3	5.2	4.7	0	0.1	6.1	32.1	59.4	26.7	43.05	52.7	32	100	99.9	99.9	99.8	99.9	98.7	99.9	99.9	99.9	90.3	-15.7835	24.8038	-73.0267	4.9279	4.63964	-115.209	
0.47	3.6	0	0.4	5	8.3	5.2	4.7	0	0.1	6.1	32.1	59.4	26.7	43.05	52.7	32	100	99.9	99.9	99.8	99.9	98.7	99.9	99.9	99.9	90.3	-15.7835	24.8038	-73.0267	4.9279	4.63964	-115.209	
0.48	3.6	0	0.4	5	8.3	5.2	4.7	0	0.1	6.1	32.1	59.4	26.7	43.05	52.7	32	100	99.9	99.9	99.8	99.9	98.7	99.9	99.9	99.9	90.3	-15.7835	24.8038	-73.0267	4.9279	4.63964	-115.209	
0.49	3.6	0	0.4	5	8.3	5.2	4.7	0	0.1	6.1	32.1	59.4	26.7	43.05	52.7	32	100	99.9	99.9	99.8	99.9	98.7	99.9	99.9	99.9	90.3	-15.7835	24.8038	-73.0267	4.9279	4.63964	-115.209	
0.5	3.6	0	0.4	5	8.3	5.2	4.7	0	0.1	6.1	32.1	59.4	26.7	43.05	52.7	32	100	99.9	99.9	99.8	99.9	98.7	99.9	99.9	99.9	90.3	-15.7835	24.8038	-73.0267	4.9279	4.63964	-115.209	
0.51	3.6	0	0.4	5	8.3	5.2	4.7	0	0.1	6.1	32.1	59.4	26.7	43.05	52.7	32	100	99.9	99.9	99.8	99.9	98.7	99.9	99.9	99.9	90.3	-15.7835	24.8038	-73.0267	4.9279	4.63964	-115.209	
0.52	3.6	0	0.4	5	8.1	5.2	4.7	0	0.3	6.2	31.8	59.1	26.7	42.9	52.2	32.3	100	99.9	99.9	99.9	99.9	99.6	99.9	99.7	99.4	89.3	-15.9271	24.7324	-73.0532	4.7478	4.51842	-115.169	
0.53	3.6	0	0.4	5	8.1	5.2	4.7	0	0.3	6.2	31.8	59.1	26.7	42.9	52.2	32.3	100	99.9	99.9	99.9	99.9	99.6	99.9	99.7	99.4	89.3	-15.9271	24.7324	-73.0532	4.7478	4.51842	-115.169	
0.54	3.6	0	0.4	5	8.1	5.2	4.7	0	0.3	6.2	31.8	59.1	26.7	42.9	52.2	32.3	100	99.9	99.9	99.9	99.9	99.6	99.9	99.7	99.4	89.3	-15.9271	24.7324	-73.0532	4.7478	4.51842	-115.169	
0.55	3.6	0	0.4	5	8.1	5.2	4.7	0	0.3	6.2	31.8	59.1	26.7	42.9	52.2	32.3	100	99.9	99.9	99.9	99.9	99.6	99.9	99.7	99.4	89.3	-15.9271	24.7324	-73.0532	4.7478	4.51842	-115.169	
0.56	3.6	0	0.4	5	8.1	5.2	4.7	0	0.3	6.2	31.8	59.1	26.7	42.9	52.2	32.3	100	99.9	99.9	99.9	99.9	99.6	99.9	99.7	99.4	89.3	-15.9271	24.7324	-73.0532	4.7478	4.51842	-115.169	
0.57	3.6	0	0.4	5	8.1	5.2	4.7	0	0.3	6.2	31.8	59.1	26.7	42.9	52.2	32.3	100	99.9	99.9	99.9	99.9	99.6	99.9	99.7	99.4	89.3	-15.9271	24.7324	-73.0532	4.7478	4.51842	-115.169	
0.58	3.6	0	0.4	5	8.1	5.2	4.7	0	0.3	6.2	31.8	59.1	26.7	42.9	52.2	32.3	100	99.9	99.9	99.9	99.9	99.6	99.9	99.7	99.4	89.3	-15.9271	24.7324	-73.0532	4.7478	4.51842	-115.169	
0.59	3.6	0	0.4	5	8.1	5.2	4.7	0	0.3	6.2	31.8	59.1	26.7	42.9	52.2	32.3	100	99.9	99.9	99.9	99.9	99.6	99.9	99.7	99.4	89.3	-15.9271	24.7324	-73.0532	4.7478	4.51842	-115.169	
0.6	3.6	0	0.4	5	8.1	5.2	4.7	0	0.3	6.2	31.8	59.1	26.7	42.9	52.2	32.3	100	99.9	99.9	99.9	99.9	99.6	99.9	99.7	99.4	89.3	-15.9271	24.7324	-73.0532	4.7478	4.51842	-115.169	
0.61	3.6	0	0.4	5	8.1	5.2	4.7	0	0.3	6.2	31.8	59.1	26.7	42.9	52.2	32.3	100	99.9	99.9	99.9	99.9	99.6	99.9	99.7	99.4	89.3	-15.9271	24.7324	-73.0532	4.7478	4.51842	-115.169	
0.62	3.6	0	0.4	5	8.1	5.2	4.7	0	0.3	6.2	31.8	59.1	26.7	42.9	52.2	32.3	100	99.9	99.9	99.9	99.9	99.6	99.9	99.7	99.4	89.3	-15.9271	24.7324	-73.0532	4.7478	4.51842	-115.169	
0.63	3.6	0	0.4	5	8.1	5.2	4.7	0	0.3	6.2	31.8	59.1	26.7	42.9	52.2	32.3	100	99.9	99.9	99.9	99.9	99.6	99.9	99.7	99.4	89.3	-15.9271	24.7324	-73.0532	4.7478	4.51842	-115.169	
0.64	3.6	0	0.4	5	8.1	5.2	4.7	0	0.3	6.2	31.8	59.1	26.7	42.9	52.2	32.3	100	99.9	99.9	99.9	99.9	99.6	99.9	99.7	99.4	89.3	-15.9271	24.7324	-73.0532	4.7478	4.51842	-115.169	
0.65	3.6	0	0.4	5	8.1	5.2	4.7	0	0.3	6.2	31.8	59.1	26.7	42.9	52.2	32.3	100	99.9	99.9	99.9	99.9	99.6	99.9	99.7	99.4	89.3	-15.9271	24.7324	-73.0532	4.7478	4.51842	-115.169	
0.66	3.6	0	0.4	5	8.1	5.2	4.7	0	0.3	6.2	31.8	59.1	26.7	42.9	52.2	32.3	100	99.9	99.9	99.9	99.9	99.6	99.9	99.7	99.4	89.3	-15.9271	24.7324	-73.0532	4.7478	4.51842	-115.169	
0.67	3.6	0	0.4	5	8.1	5.2	4.7	0	0.3	6.2	31.8	59.1	26.7	42.9	52.2	32.3	100	99.9	99.9	99.9	99.9	99.6	99.9	99.7	99.4	89.3	-15.9271	24.7324	-73.0532	4.7478	4.51842	-115.169	
0.68	3.6	0	0.4	5	8.1	5.2	4.7	0	0.3	6.2	31.8	59.1	26.7	42.9	52.2	32.3	100	99.9	99.9	99.9	99.9	99.6	99.9	99.7	99.4	89.3	-15.9271	24.7324	-73.0532	4.7478	4.51842	-115.169	
0.69	3.6	0	0.4	5	8.1	5.2	4.7	0	0.3	6.2	31.8	59.1	26.7	42.9	52.2	32.3	100	99.9	99.9	99.9	99.9	99.6	99.9	99.7	99.4	89.3	-15.9271	24.7324	-73.0532	4.7478	4.51842	-115.169	
0.7	3.6	0	0.4	5	8.1	5.2	4.7	0	0.3	6.2	31.8	59.1	26.7	42.9	52.2	32.3	100	99.9	99.9	99.9	99.9	99.6	99.9	99.7	99.4	89.3	-15.9271	24.7324	-73.0532	4.7478	4.51842	-115.169	
0.71	3.6	0	0.4	5	8.1	5.2	4.7	0	0.3	6.2	31.8	59.1	26.7	42.9	52.2	32.3	100	99.9	99.9	99.9	99.9	99.6	99.9	99.7	99.4	89.3	-15.9271	24.7324	-73.0532	4.7478	4.51842	-115.169	
0.72	3.6	0	0.4	5	8.1	5.2	4.7	0	0.3	6.2	31.8	59.1	26.7	42.9	52.2	32.3	100	99.9	99.9	99.9	99.9	99.6	99.9	99.7	99.4	89.3	-15.9271	24.7324	-73.0532	4.7478	4.51842	-115.169	
0.73	3.6	0	0.4	5	8.1	5.2	4.7	0	0.3	6.2	31.8	59.1	26.7	42.9	52.2	32.3	100	99.9	99.9	99.9	99.9	99.6	99.9	99.7	99.4	89.3	-15.9271	24.7324	-73.0532	4.7478	4.51842	-115.169	
0.74	3.6	0	0.4	5	8.1	5.2	4.7	0	0.3	6.2	31.8	59.1	26.7	42.9	52.2	32.3	100	99.9	99.9	99.9	99.9	99.6	99.9	99.7	99.4	89.3	-15.9271	24.7324	-73.0532	4.7478	4.51842	-115.169	
0.75	3.6	0	0.4	5	8.1	5.2	4.7	0	0.3	6.2	31.8	59.1	26.7	42.9	52.2	32.3	100	99.9	99.9	99.9	99.9	99.6	99.9	99.7	99.4	89.3	-15.9271	24.7324	-73.0532	4.7478	4.51842	-115.169	
0.76	3.6	0	0.4	5	8.1	5.2	4.7	0	0.3	6.2	31.8	59.1	26.7	42.9	52.2	32.3	100	99.9	99.9	99.9	99.9	99.6	99.9	99.7	99.4	89.3	-15.9271	24.7324	-73.0532	4.7478	4.51842	-115.169	
0.77	3.6	0	0.4	5	8.1	5.2	4.7	0	0.3	6.2	31.8	59.1	26.7	42.9	52.2	32.3	100	99.9	99.9	99.9	99.9	99.6	99.9	99.7	99.4	89.3	-15.9271	24.7324	-73.0532	4.7478	4.51842	-115.169	
0.78	3.6	0	0.4	5	8.1	5.2	4.7	0	0.3	6.2	31.8	59.1	26.7	42.9	52.2	32.3	100	99.9	99.9	99.9	99.9	99.6	99.9	99.7	99.4	89.3	-15.9271	24.7324	-73.0532	4.7478	4.51842	-115.169	
0.79	3.6	0	0.4	5	8.1	5.2	4.7	0	0.3	6.2	31.8	59.1	26.7	42.9	52.2	32.3	100	99.9	99.9	99.9	99.9	99.6	99.9	99.7	99.4	89.3	-15.9271	24.7324	-73.0532	4.7478	4.51842	-115.169	
0.8	3.6	0	0.4	5	8.1	5.2	4.7	0	0.3	6.2	31.8	59.1	26.7	42.9	52.2	32.3	100	99.9	99.9	99.9	99.9	99.6	99.9	99.7	99.4	89.3	-15.9271	24.7324	-73.0532	4.7478	4.51842	-115.169	
0.81	3.6	0	0.4	5	8.1	5.2	4.7	0	0.3	6.2	31.8	59.1	26.7	42.9	52.2	32.3	100	99.9	99.9	99.9	99.9	99.6	99.9	99.7	99.4	89.3	-15.9271	24.7324	-73.0532	4.7478	4.51842	-115.169	
0.82	3.6	0	0.4	5	8.1	5.2	4.7	0	0.3	6.2	31.8	59.1	26.7	42.9	52.2	32.3	100	99.9	99.9	99.9	99.9	99.6	99.9	99.7	99.4	89.3	-15.9271	24.7324	-73.0532	4.7478	4.51842	-115.169	
0.83	3.6	0	0.4	5	8.1	5.2	4.7	0	0.3	6.2	31.8	59.1	26.7	42.9	52.2	32.3	100	99.9	99.9	99.9	99.9	99.6	99.9	99.7	99.4	89.3	-15.9271	24.7324	-73.0532	4.7478	4.51842	-115.169	
0.84	3.6	0	0.4	5	8.1	5.2	4.7	0	0.3	6.2	31.8	59.1	26.7	42.9	52.2	32.3	100	99.9	99.9	99.9	99.9	99.6	99.9	99.7	99.4	89.3	-15.9271	24.7324	-73.0532	4.7478	4.51842	-115.169	
0.85	3.6	0	0.4	5	8.1	5.2	4.7	0	0.3	6.2	31.8	59.1	26.7	42.9	52.2	32.3	100	99.9	99.9	99.9	99.9	99.6	99.9	99.7	99.4	89.3	-15.9271	24.7324	-73.0532	4.7478	4.51842	-115.169	
0.86	3.6	0	0.4	5	8.1	5.2	4.7	0	0.3	6.2	31.8	59.1	26.7	42.9	52.2	32.3	100	99.9	99.9	99.9	99.9	99.6	99.9	99.7	99.4	89.3	-15.9271	24.7324	-73.0532	4.7478	4.51842	-115.169	
0.87	3.6	0	0.4	5	8.1	5.2	4.7	0	0.3	6.2	31.8	59.1	26.7	42.9	52.2	32.3	100	99.9	99.9	99.9	99.9	99.6	99.9	99.7	99.4	89.3	-15.9271	24.7324	-73.0532	4.7478	4.51842	-115.169	
0.88	3.6	0	0.4	5	8.1	5.2	4.7	0	0.3	6.2	31.8	59.1	26.7	42.9	52.2	32.3	100	99.9	99.9	99.9	99.9	99.6	99.9	99.7	99.4	89.3	-15.9271	24.7324	-73.0532	4.7478	4.51842	-115.169	
0.89	3.6	0	0.3	5	8.2	5.1	4.6	0	0.2	6.2	31.9	59.2	26.7	42.95	52.3	32.9	99.9	99.9	99.9	98.6	99.9	96	99.4	99.4	99.9	89.9	-15.8566	24.9338	-72.9957	4.96584	4.4309	-115.105	
0.9	3.6	0	0.3	5	8.2	5.1	4.6	0	0.2	6.2	31.9	59.2	26.7	42.95	52.3	32.9	99.9	99.9	99.9	98.6	99.9	96	99.4	99.4	99.9	89.9	-15.8566	24.9338	-72.9957	4.96584	4.4309	-115.105	
0.91	3.6	0	0.3	5	8.2	5.1	4.6	0	0.2	6.2	31.9	59.2	26.7	42.95	52.3	32.9	99.9	99.9	99.9	98.6	99.9	96	99.4	99.4	99.9	89.9	-15.8566	24.9338	-72.9957	4.96584	4.4309	-115.105	
0.92	3.6	0	0.3	5	8.2	5.1	4.6	0	0.2	6.2	31.9	59.2	26.7	42.95	52.3	32.9	99.9	99.9	99.9	98.6	99.9	96	99.4	99.4	99.9	89.9	-15.8566	24.9338	-72.9957	4.96584	4.4309	-115.105	
0.93	3.6	0	0.3	5	8.2	5.1	4.6	0	0.2	6.2	31.9	59.2	26.7	42.95	52.3	32.9	99.9	99.9	99.9	98.6	99.9	96	99.4	99.4	99.9	89.9	-15.8566	24.9338	-72.9957	4.96584	4.4309	-115.105	
0.94	3.6	0	0.3	5	8.2	5.1	4.6	0	0.2	6.2	31.9	59.2	26.7	42.95	52.3	32.9	99.9	99.9	99.9	98.6	99.9	96	99.4	99.4	99.9	89.9	-15.8566	24.9338	-72.9957	4.96584	4.4309	-115.105	
0.95	3.6	0	0.3	5	8.2	5.1	4.6	0	0.2	6.2	31.9	59.2	26.7	42.95	52.3	32.9	99.9	99.9	99.9	98.6	99.9	96	99.4	99.4	99.9	89.9	-15.8566	24.9338	-72.9957	4.96584	4.4309	-115.105	
0.96	3.6	0	0.3	5	8.2	5.1	4.6	0	0.2	6.2	31.9	59.2	26.7	42.95	52.3	32.9	99.9	99.9	99.9	98.6	99.9	96	99.4	99.4	99.9	89.9	-15.8566	24.9338	-72.9957	4.96584	4.4309	-115.105	
0.97	3.6	0	0.3	5	8.2	5.1	4.6	0	0.2	6.2	31.9	59.2	26.7	42.95	52.3	32.9	99.9	99.9	99.9	98.6	99.9	96	99.4	99.4	99.9	89.9	-15.8566	24.9338	-72.9957	4.96584	4.4309	-115.105	
0.98	3.6	0	0.3	5	8.2	5.1	4.6	0	0.2	6.2	31.9	59.2	26.7	42.95	52.3	32.9	99.9	99.9	99.9	98.6	99.9	96	99.4	99.4	99.9	89.9	-15.8566	24.9338	-72.9957	4.96584	4.4309	-115.105	
0.99	3.6	0	0.3	5	8.2	5.1	4.6	0	0.2	6.2	31.9	59.2	26.7	42.95	52.3	32.9	99.9	99.9	99.9	98.6	99.9	96	99.4	99.4	99.9	89.9	-15.8566	24.9338	-72.9957	4.96584	4.4309	-115.105	
1	3.6	0	0.3	5	8.2	5.1	4.6	0	0.2	6.2	31.9	59.2	26.7	42.95	52.3	32.9	99.9	99.9	99.9	98.6	99.9	96	99.4	99.4	99.9	89.9	-15.8566	24.9338	-72.9957	4.96584	4.4309	-115.105	
1.01	3.6	0	0.3	5	8.2	5.1	4.6	0	0.2	6.2	31.9	59.2	26.7	42.95	52.3	32.9	99.9	99.9	99.9	98.6	99.9	96	99.4	99.4	99.9	89.9	-15.8566	24.9338	-72.9957	4.96584	4.4309	-115.105	
1.02	3.6	0	0.3	5	8.2	5.1	4.6	0	0.2	6.2	31.9	59.2	26.7	42.95	52.3	32.9	99.9	99.9	99.9	98.6	99.9	96	99.4	99.4	99.9	89.9	-15.8566	24.9338	-72.9957	4.96584	4.4309	-115.105	
1.03	3.6	0	0.3	5	8.2	5.1	4.6	0	0.2	6.2	31.9	59.2	26.7	42.95	52.3	32.9	99.9	99.9	99.9	98.6	99.9	96	99.4	99.4	99.9	89.9	-15.8566	24.9338	-72.9957	4.96584	4.4309	-115.105	
1.04	3.6	0	0.3	5	8.2	5.1	4.6	0	0.2	6.2	31.9	59.2	26.7	42.95	52.3	32.9	99.9	99.9	99.9	98.6	99.9	96	99.4	99.4	99.9	89.9	-15.8566	24.9338	-72.9957	4.96584	4.4309	-115.105	
1.05	3.6	0	0.3	5	8.2	5.1	4.6	0	0.2	6.2	31.9	59.2	26.7	42.95	52.3	32.9	99.9	99.9	99.9	98.6	99.9	96	99.4	99.4	99.9	89.9	-15.8566	24.9338	-72.9957	4.96584	4.4309	-115.105	
1.06	3.6	0	0.3	5	8.2	5.1	4.6	0	0.2	6.2	31.9	59.2	26.7	42.95	52.3	32.9	99.9	99.9	99.9	98.6	99.9	96	99.4	99.4	99.9	89.9	-15.8566	24.9338	-72.9957	4.96584	4.4309	-115.105	
1.07	3.6	0	0.3	5	8.2	5.1	4.6	0	0.2	6.2	31.9	59.2	26.7	42.95	52.3	32.9	99.9	99.9	99.9	98.6	99.9	96	99.4	99.4	99.9	89.9	-15.8566	24.9338	-72.9957	4.96584	4.4309	-115.105	
1.08	3.6	0	0.3	5	8.2	5.1	4.6	0	0.2	6.2	31.9	59.2	26.7	42.95	52.3	32.9	99.9	99.9	99.9	98.6	99.9	96	99.4	99.4	99.9	89.9	-15.8566	24.9338	-72.9957	4.96584	4.4309	-115.105	
1.09	3.6	0	0.3	5	8.2	5.1	4.6	0	0.2	6.2	31.9	59.2	26.7	42.95	52.3	32.9	99.9	99.9	99.9	98.6	99.9	96	99.4	99.4	99.9	89.9	-15.8566	24.9338	-72.9957	4.96584	4.4309	-115.105	
1.1	3.6	0	0.3	5	8.2	5.1	4.6	0	0.2	6.2	31.9	59.2	26.7	42.95	52.3	32.9	99.9	99.9	99.9	98.6	99.9	96	99.4	99.4	99.9	89.9	-15.8566	24.9338	-72.9957	4.96584	4.4309	-115.105	
1.11	3.6	0	0.3	5	8.2	5.1	4.6	0	0.2	6.2	31.9	59.2	26.7	42.95	52.3	32.9	99.9	99.9	99.9	98.6	99.9	96	99.4	99.4	99.9	89.9	-15.8566	24.9338	-72.9957	4.96584	4.4309	-115.105	
1.12	3.6	0	0.3	5	8.2	5.1	4.6	0	0.2	6.2	31.9	59.2	26.7	42.95	52.3	32.9	99.9	99.9	99.9	98.6	99.9	96	99.4	99.4	99.9	89.9	-15.8566	24.9338	-72.9957	4.96584	4.4309	-115.105	
1.13	3.6	0	0.3	5	8.2	5.1	4.6	0	0.2	6.2	31.9	59.2	26.7	42.95	52.3	32.9	99.9	99.9	99.9	98.6	99.9	96	99.4	99.4	99.9	89.9	-15.8566	24.9338	-72.9957	4.96584	4.4309	-115.105	
1.14	3.6	0	0.3	5	8.2	5.1	4.6	0	0.2	6.2	31.9	59.2	26.7	42.95	52.3	32.9	99.9	99.9	99.9	98.6	99.9	96	99.4	99.4	99.9	89.9	-15.8566	24.9338	-72.9957	4.96584	4.4309	-115.105	
1.15	3.6	0	0.3	5	8.2	5.1	4.6	0	0.2	6.2	31.9	59.2	26.7	42.95	52.3	32.9	99.9	99.9	99.9	98.6	99.9	96	99.4	99.4	99.9	89.9	-15.8566	24.9338	-72.9957	4.96584	4.4309	-115.105	
1.16	3.6	0	0.3	5	8.2	5.1	4.6	0	0.2	6.2	31.9	59.2	26.7	42.95	52.3	32.9	99.9	99.9	99.9	98.6	99.9	96	99.4	99.4	99.9	89.9	-15.8566	24.9338	-72.9957	4.96584	4.4309	-115.105	
1.17	3.6	0	0.3	5	8.2	5.1	4.6	0	0.2	6.2	31.9	59.2	26.7	42.95	52.3	32.9	99.9	99.9	99.9	98.6	99.9	96	99.4	99.4	99.9	89.9	-15.8566	24.9338	-72.9957	4.96584	4.4309	-115.105	
1.18	3.6	0	0.3	5	8.2	5.1	4.6	0	0.2	6.2	31.9	59.2	26.7	42.95	52.3	32.9	99.9	99.9	99.9	98.6	99.9	96	99.4	99.4	99.9	89.9	-15.8566	24.9338	-72.9957	4.96584	4.4309	-115.105	
1.19	3.6	0	0.3	5	8.2	5.1	4.6	0	0.2	6.2	31.9	59.2	26.7	42.95	52.3	32.9	99.9	99.9	99.9	98.6	99.9	96	99.4	99.4	99.9	89.9	-15.8566	24.9338	-72.9957	4.96584	4.4309	-115.105	
1.2	3.6	0	0.3	5	8.2	5.1	4.6	0	0.2	6.2	31.9	59.2	26.7	42.95	52.3	32.9	99.9	99.9	99.9	98.6	99.9	96	99.4	99.4	99.9	89.9	-15.8566	24.9338	-72.9957	4.96584	4.4309	-115.105	
1.21	3.6	0	0.3	5	8.2	5.1	4.6	0	0.2	6.2	31.9	59.2	26.7	42.95	52.3	32.9	99.9	99.9	99.9	98.6	99.9	96	99.4	99.4	99.9	89.9	-15.8566	24.9338	-72.9957	4.96584	4.4309	-115.105	
1.22	3.6	0	0.3	5	8.2	5.1	4.6	0	0.2	6.2	31.9	59.2	26.7	42.95	52.3	32.9	99.9	99.9	99.9	98.6	99.9	96	99.4	99.4	99.9	89.9	-15.8566	24.9338	-72.9957	4.96584	4.4309	-115.105	
1.23	3.6	0	0.3	5	8.2	5.1	4.6	0	0.2	6.2	31.9	59.2	26.7	42.95	52.3	32.9	99.9	99.9	99.9	98.6	99.9	96	99.4	99.4	99.9	89.9	-15.8566	24.9338	-72.9957	4.96584	4.4309	-115.105	
1.24	3.6	0	0.3	5	8.2	5.1	4.6	0	0.2	6.2	31.9	59.2	26.7	42.95	52.3	32.9	99.9	99.9	99.9	98.6	99.9	96	99.4	99.4	99.9	89.9	-15.8566	24.9338	-72.9957	4.96584	4.4309	-115.105	
1.25	3.6	0	0.3	5	8.1	5	4.7	0	0.4	6.3	31.6	59.1	26.5	42.8	51.8	32.9	99.9	99.9	99.9	99.8	99.9	96.8	99.9	99.6	99.4	86.7	-16.1205	24.7565	-73.1192	4.51556	4.50421	-115.062	
1.26	3.6	0	0.3	5	8.1	5	4.7	0	0.4	6.3	31.6	59.1	26.5	42.8	51.8	32.9	99.9	99.9	99.9	99.8	99.9	96.8	99.9	99.6	99.4	86.7	-16.1205	24.7565	-73.1192	4.51556	4.50421	-115.062	
1.27	3.6	0	0.3	5	8.1	5	4.7	0	0.4	6.3	31.6	59.1	26.5	42.8	51.8	32.9	99.9	99.9	99.9	99.8	99.9	96.8	99.9	99.6	99.4	86.7	-16.1205	24.7565	-73.1192	4.51556	4.50421	-115.062	
1.28	3.6	0	0.3	5	8.1	5	4.7	0	0.4	6.3	31.6	59.1	26.5	42.8	51.8	32.9	99.9	99.9	99.9	99.8	99.9	96.8	99.9	99.6	99.4	86.7	-16.1205	24.7565	-73.1192	4.51556	4.50421	-115.062	
1.29	3.6	0	0.3	5	8.1	5	4.7	0	0.4	6.3	31.6	59.1	26.5	42.8	51.8	32.9	99.9	99.9	99.9	99.8	99.9	96.8	99.9	99.6	99.4	86.7	-16.1205	24.7565	-73.1192	4.51556	4.50421	-115.062	
1.3	3.6	0	0.3	5	8.1	5	4.7	0	0.4	6.3	31.6	59.1	26.5	42.8	51.8	32.9	99.9	99.9	99.9	99.8	99.9	96.8	99.9	99.6	99.4	86.7	-16.1205	24.7565	-73.1192	4.51556	4.50421	-115.062	
1.31	3.6	0	0.3	5	8.1	5	4.7	0	0.4	6.3	31.6	59.1	26.5	42.8	51.8	32.9	99.9	99.9	99.9	99.8	99.9	96.8	99.9	99.6	99.4	86.7	-16.1205	24.7565	-73.1192	4.51556	4.50421	-115.062	
1.32	3.6	0	0.3	5	8.1	5	4.7	0	0.4	6.3	31.6	59.1	26.5	42.8	51.8	32.9	99.9	99.9	99.9	99.8	99.9	96.8	99.9	99.6	99.4	86.7	-16.1205	24.7565	-73.1192	4.51556	4.50421	-115.062	
1.33	3.6	0	0.3	5	8.1	5	4.7	0	0.4	6.3	31.6	59.1	26.5	42.8	51.8	32.9	99.9	99.9	99.9	99.8	99.9	96.8	99.9	99.6	99.4	86.7	-16.1205	24.7565	-73.1192	4.51556	4.50421	-115.062	
1.34	3.6	0	0.3	5	8.1	5	4.7	0	0.4	6.3	31.6	59.1	26.5	42.8	51.8	32.9	99.9	99.9	99.9	99.8	99.9	96.8	99.9	99.6	99.4	86.7	-16.1205	24.7565	-73.1192	4.51556	4.50421	-115.062	
1.35	3.6	0	0.3	5	8.1	5	4.7	0	0.4	6.3	31.6	59.1	26.5	42.8	51.8	32.9	99.9	99.9	99.9	99.8	99.9	96.8	99.9	99.6	99.4	86.7	-16.1205	24.7565	-73.1192	4.51556	4.50421	-115.062	
1.36	3.6	0	0.3	5	8.1	5	4.7	0	0.4	6.3	31.6	59.1	26.5	42.8	51.8	32.9	99.9	99.9	99.9	99.8	99.9	96.8	99.9	99.6	99.4	86.7	-16.1205	24.7565	-73.1192	4.51556	4.50421	-115.062	
1.37	3.6	0	0.3	5	8.1	5	4.7	0	0.4	6.3	31.6	59.1	26.5	42.8	51.8	32.9	99.9	99.9	99.9	99.8	99.9	96.8	99.9	99.6	99.4	86.7	-16.1205	24.7565	-73.1192	4.51556	4.50421	-115.062	
1.38	3.6	0	0.3	5	8.1	5	4.7	0	0.4	6.3	31.6	59.1	26.5	42.8	51.8	32.9	99.9	99.9	99.9	99.8	99.9	96.8	99.9	99.6	99.4	86.7	-16.1205	24.7565	-73.1192	4.51556	4.50421	-115.062	
1.39	3.6	0	0.3	5	8.1	5	4.7	0	0.4	6.3	31.6	59.1	26.5	42.8	51.8	32.9	99.9	99.9	99.9	99.8	99.9	96.8	99.9	99.6	99.4	86.7	-16.1205	24.7565	-73.1192	4.51556	4.50421	-115.062	
1.4	3.6	0	0.3	5	8.1	5	4.7	0	0.4	6.3	31.6	59.1	26.5	42.8	51.8	32.9	99.9	99.9	99.9	99.8	99.9	96.8	99.9	99.6	99.4	86.7	-16.1205	24.7565	-73.1192	4.51556	4.50421	-115.062	
1.41	3.6	0	0.3	5	8.1	5	4.7	0	0.4	6.3	31.6	59.1	26.5	42.8	51.8	32.9	99.9	99.9	99.9	99.8	99.9	96.8	99.9	99.6	99.4	86.7	-16.1205	24.7565	-73.1192	4.51556	4.50421	-115.062	
1.42	3.6	0	0.3	5	8.1	5	4.7	0	0.4	6.3	31.6	59.1	26.5	42.8	51.8	32.9	99.9	99.9	99.9	99.8	99.9	96.8	99.9	99.6	99.4	86.7	-16.1205	24.7565	-73.1192	4.51556	4.50421	-115.062	
1.43	3.6	0	0.3	5	8.1	5	4.7	0	0.4	6.3	31.6	59.1	26.5	42.8	51.8	32.9	99.9	99.9	99.9	99.8	99.9	96.8	99.9	99.6	99.4	86.7	-16.1205	24.7565	-73.1192	4.51556	4.50421	-115.062	
1.44	3.6	0	0.3	5	8.1	5	4.7	0	0.4	6.3	31.6	59.1	26.5	42.8	51.8	32.9	99.9	99.9	99.9	99.8	99.9	96.8	99.9	99.6	99.4	86.7	-16.1205	24.7565	-73.1192	4.51556	4.50421	-115.062	
1.45	3.6	0	0.3	5	8.1	5	4.7	0	0.4	6.3	31.6	59.1	26.5	42.8	51.8	32.9	99.9	99.9	99.9	99.8	99.9	96.8	99.9	99.6	99.4	86.7	-16.1205	24.7565	-73.1192	4.51556	4.50421	-115.062	
1.46	3.6	0	0.3	5	8.1	5	4.7	0	0.4	6.3	31.6	59.1	26.5	42.8	51.8	32.9	99.9	99.9	99.9	99.8	99.9	96.8	99.9	99.6	99.4	86.7	-16.1205	24.7565	-73.1192	4.51556	4.50421	-115.062	
1.47	3.6	0	0.3	5	8.1	5	4.7	0	0.4	6.3	31.6	59.1	26.5	42.8	51.8	32.9	99.9	99.9	99.9	99.8	99.9	96.8	99.9	99.6	99.4	86.7	-16.1205	24.7565	-73.1192	4.51556	4.50421	-115.062	
1.48	3.6	0	0.3	5	8.1	5	4.7	0	0.4	6.3	31.6	59.1	26.5	42.8	51.8	32.9	99.9	99.9	99.9	99.8	99.9	96.8	99.9	99.6	99.4	86.7	-16.1205	24.7565	-73.1192	4.51556	4.50421	-115.062	
1.49	3.6	0	0.3	5	8.1	5	4.7	0	0.4	6.3	31.6	59.1	26.5	42.8	51.8	32.9	99.9	99.9	99.9	99.8	99.9	96.8	99.9	99.6	99.4	86.7	-16.1205	24.7565	-73.1192	4.51556	4.50421	-115.062	
1.5	3.6	0	0.3	5	8.1	5	4.7	0	0.4	6.3	31.6	59.1	26.5	42.8	51.8	32.9	99.9	99.9	99.9	99.8	99.9	96.8	99.9	99.6	99.4	86.7	-16.1205	24.7565	-73.1192	4.51556	4.50421	-115.062	
1.51	3.6	0	0.3	5	8.1	5	4.7	0	0.4	6.3	31.6	59.1	26.5	42.8	51.8	32.9	99.9	99.9	99.9	99.8	99.9	96.8	99.9	99.6	99.4	86.7	-16.1205	24.7565	-73.1192	4.51556	4.50421	-115.062	
1.52	3.6	0	0.3	5	8.1	5	4.7	0	0.4	6.3	31.6	59.1	26.5	42.8	51.8	32.9	99.9	99.9	99.9	99.8	99.9	96.8	99.9	99.6	99.4	86.7	-16.1205	24.7565	-73.1192	4.51556	4.50421	-115.062	
1.53	3.6	0	0.3	5	8.1	5	4.7	0	0.4	6.3	31.6	59.1	26.5	42.8	51.8	32.9	99.9	99.9	99.9	99.8	99.9	96.8	99.9	99.6	99.4	86.7	-16.1205	24.7565	-73.1192	4.51556	4.50421	-115.062	
1.54	3.6	0	0.3	5	8.1	5	4.7	0	0.4	6.3	31.6	59.1	26.5	42.8	51.8	32.9	99.9	99.9	99.9	99.8	99.9	96.8	99.9	99.6	99.4	86.7	-16.1205	24.7565	-73.1192	4.51556	4.50421	-115.062	
1.55	3.6	0	0.3	5	8.1	5	4.7	0	0.4	6.3	31.6	59.1	26.5	42.8	51.8	32.9	99.9	99.9	99.9	99.8	99.9	96.8	99.9	99.6	99.4	86.7	-16.1205	24.7565	-73.1192	4.51556	4.50421	-115.062	
1.56	3.6	0	0.3	5	8.1	5	4.7	0	0.4	6.3	31.6	59.1	26.5	42.8	51.8	32.9	99.9	99.9	99.9	99.8	99.9	96.8	99.9	99.6	99.4	86.7	-16.1205	24.7565	-73.1192	4.51556	4.50421	-115.062	
1.57	3.6	0	0.3	5	8.1	5	4.7	0	0.4	6.3	31.6	59.1	26.5	42.8	51.8	32.9	99.9	99.9	99.9	99.8	99.9	96.8	99.9	99.6	99.4	86.7	-16.1205	24.7565	-73.1192	4.51556	4.50421	-115.062	
1.58	3.6	0	0.3	5	8.1	5	4.7	0	0.4	6.3	31.6	59.1	26.5	42.8	51.8	32.9	99.9	99.9	99.9	99.8	99.9	96.8	99.9	99.6	99.4	86.7	-16.1205	24.7565	-73.1192	4.51556	4.50421	-115.062	
1.59	3.6	0	0.3	5	8.1	5	4.7	0	0.4	6.3	31.6	59.1	26.5	42.8	51.8	32.9	99.9	99.9	99.9	99.8	99.9	96.8	99.9	99.6	99.4	86.7	-16.1205	24.7565	-73.1192	4.51556	4.50421	-115.062	
1.6	3.6	0	0.3	5	8.1	5	4.7	0	0.4	6.3	31.6	59.1	26.5	42.8	51.8	32.9	99.9	99.9	99.9	99.8	99.9	96.8	99.9	99.6	99.4	86.7	-16.1205	24.7565	-73.1192	4.51556	4.50421	-115.062	
1.61	3.6	0	0.3	5	8.1	5	4.7	0	0.4	6.3	31.6	59.1	26.5	42.8	51.8	32.9	99.9	99.9	99.9	99.8	99.9	96.8	99.9	99.6	99.4	86.7	-16.1205	24.7565	-73.1192	4.51556	4.50421	-115.062	
1.62	3.5	0	0.3	5	8.3	5.1	4.7	0	0.3	6.3	31.6	58.8	26.2	42.5	51.1	32.9	99.9	99.9	99.9	99.9	99.9	95.9	99.9	99.9	99.9	87.7	-16.5783	24.6547	-73.2785	4.20849	4.71758	-115.019	
1.63	3.5	0	0.3	5	8.3	5.1	4.7	0	0.3	6.3	31.6	58.8	26.2	42.5	51.1	32.9	99.9	99.9	99.9	99.9	99.9	95.9	99.9	99.9	99.9	87.7	-16.5783	24.6547	-73.2785	4.20849	4.71758	-115.019	
1.64	3.5	0	0.3	5	8.3	5.1	4.7	0	0.3	6.3	31.6	58.8	26.2	42.5	51.1	32.9	99.9	99.9	99.9	99.9	99.9	95.9	99.9	99.9	99.9	87.7	-16.5783	24.6547	-73.2785	4.20849	4.71758	-115.019	
1.65	3.5	0	0.3	5	8.3	5.1	4.7	0	0.3	6.3	31.6	58.8	26.2	42.5	51.1	32.9	99.9	99.9	99.9	99.9	99.9	95.9	99.9	99.9	99.9	87.7	-16.5783	24.6547	-73.2785	4.20849	4.71758	-115.019	
1.66	3.5	0	0.3	5	8.3	5.1	4.7	0	0.3	6.3	31.6	58.8	26.2	42.5	51.1	32.9	99.9	99.9	99.9	99.9	99.9	95.9	99.9	99.9	99.9	87.7	-16.5783	24.6547	-73.2785	4.20849	4.71758	-115.019	
1.67	3.5	0	0.3	5	8.3	5.1	4.7	0	0.3	6.3	31.6	58.8	26.2	42.5	51.1	32.9	99.9	99.9	99.9	99.9	99.9	95.9	99.9	99.9	99.9	87.7	-16.5783	24.6547	-73.2785	4.20849	4.71758	-115.019	
1.68	3.5	0	0.3	5	8.3	5.1	4.7	0	0.3	6.3	31.6	58.8	26.2	42.5	51.1	32.9	99.9	99.9	99.9	99.9	99.9	95.9	99.9	99.9	99.9	87.7	-16.5783	24.6547	-73.2785	4.20849	4.71758	-115.019	
1.69	3.5	0	0.3	5	8.3	5.1	4.7	0	0.3	6.3	31.6	58.8	26.2	42.5	51.1	32.9	99.9	99.9	99.9	99.9	99.9	95.9	99.9	99.9	99.9	87.7	-16.5783	24.6547	-73.2785	4.20849	4.71758	-115.019	
1.7	3.5	0	0.3	5	8.3	5.1	4.7	0	0.3	6.3	31.6	58.8	26.2	42.5	51.1	32.9	99.9	99.9	99.9	99.9	99.9	95.9	99.9	99.9	99.9	87.7	-16.5783	24.6547	-73.2785	4.20849	4.71758	-115.019	
1.71	3.5	0	0.3	5	8.3	5.1	4.7	0	0.3	6.3	31.6	58.8	26.2	42.5	51.1	32.9	99.9	99.9	99.9	99.9	99.9	95.9	99.9	99.9	99.9	87.7	-16.5783	24.6547	-73.2785	4.20849	4.71758	-115.019	
1.72	3.5	0	0.3	5	8.3	5.1	4.7	0	0.3	6.3	31.6	58.8	26.2	42.5	51.1	32.9	99.9	99.9	99.9	99.9	99.9	95.9	99.9	99.9	99.9	87.7	-16.5783	24.6547	-73.2785	4.20849	4.71758	-115.019	
1.73	3.5	0	0.3	5	8.3	5.1	4.7	0	0.3	6.3	31.6	58.8	26.2	42.5	51.1	32.9	99.9	99.9	99.9	99.9	99.9	95.9	99.9	99.9	99.9	87.7	-16.5783	24.6547	-73.2785	4.20849	4.71758	-115.019	
1.74	3.5	0	0.3	5	8.3	5.1	4.7	0	0.3	6.3	31.6	58.8	26.2	42.5	51.1	32.9	99.9	99.9	99.9	99.9	99.9	95.9	99.9	99.9	99.9	87.7	-16.5783	24.6547	-73.2785	4.20849	4.71758	-115.019	
1.75	3.5	0	0.3	5	8.3	5.1	4.7	0	0.3	6.3	31.6	58.8	26.2	42.5	51.1	32.9	99.9	99.9	99.9	99.9	99.9	95.9	99.9	99.9	99.9	87.7	-16.5783	24.6547	-73.2785	4.20849	4.71758	-115.019	
1.76	3.5	0	0.3	5	8.3	5.1	4.7	0	0.3	6.3	31.6	58.8	26.2	42.5	51.1	32.9	99.9	99.9	99.9	99.9	99.9	95.9	99.9	99.9	99.9	87.7	-16.5783	24.6547	-73.2785	4.20849	4.71758	-115.019	
1.77	3.5	0	0.3	5	8.3	5.1	4.7	0	0.3	6.3	31.6	58.8	26.2	42.5	51.1	32.9	99.9	99.9	99.9	99.9	99.9	95.9	99.9	99.9	99.9	87.7	-16.5783	24.6547	-73.2785	4.20849	4.71758	-115.019	
1.78	3.5	0	0.3	5	8.3	5.1	4.7	0	0.3	6.3	31.6	58.8	26.2	42.5	51.1	32.9	99.9	99.9	99.9	99.9	99.9	95.9	99.9	99.9	99.9	87.7	-16.5783	24.6547	-73.2785	4.20849	4.71758	-115.019	
1.79	3.5	0	0.3	5	8.3	5.1	4.7	0	0.3	6.3	31.6	58.8	26.2	42.5	51.1	32.9	99.9	99.9	99.9	99.9	99.9	95.9	99.9	99.9	99.9	87.7	-16.5783	24.6547	-73.2785	4.20849	4.71758	-115.019	
1.8	3.5	0	0.3	5	8.3	5.1	4.7	0	0.3	6.3	31.6	58.8	26.2	42.5	51.1	32.9	99.9	99.9	99.9	99.9	99.9	95.9	99.9	99.9	99.9	87.7	-16.5783	24.6547	-73.2785	4.20849	4.71758	-115.019	
1.81	3.5	0	0.3	5	8.3	5.1	4.7	0	0.3	6.3	31.6	58.8	26.2	42.5	51.1	32.9	99.9	99.9	99.9	99.9	99.9	95.9	99.9	99.9	99.9	87.7	-16.5783	24.6547	-73.2785	4.20849	4.71758	-115.019	
1.82	3.5	0	0.3	5	8.3	5.1	4.7	0	0.3	6.3	31.6	58.8	26.2	42.5	51.1	32.9	99.9	99.9	99.9	99.9	99.9	95.9	99.9	99.9	99.9	87.7	-16.5783	24.6547	-73.2785	4.20849	4.71758	-115.019	
1.83	3.5	0	0.3	5	8.3	5.1	4.7	0	0.3	6.3	31.6	58.8	26.2	42.5	51.1	32.9	99.9	99.9	99.9	99.9	99.9	95.9	99.9	99.9	99.9	87.7	-16.5783	24.6547	-73.2785	4.20849	4.71758	-115.019	
1.844	3.5	0	0.3	5	8.3	5.1	4.7	0	0.3	6.3	31.6	58.8	26.2	42.5	51.1	32.9	99.9	99.9	99.9	99.9	99.9	95.9	99.9	99.9	99.9	87.7	-16.5783	24.6547	-73.2785	4.20849	4.71758	-115.019	
1.85	3.5	0	0.3	5	8.3	5.1	4.7	0	0.3	6.3	31.6	58.8	26.2	42.5	51.1	32.9	99.9	99.9	99.9	99.9	99.9	95.9	99.9	99.9	99.9	87.7	-16.5783	24.6547	-73.2785	4.20849	4.71758	-115.019	
1.86	3.5	0	0.3	5	8.3	5.1	4.7	0	0.3	6.3	31.6	58.8	26.2	42.5	51.1	32.9	99.9	99.9	99.9	99.9	99.9	95.9	99.9	99.9	99.9	87.7	-16.5783	24.6547	-73.2785	4.20849	4.71758	-115.019	
1.87	3.5	0	0.3	5	8.3	5.1	4.7	0	0.3	6.3	31.6	58.8	26.2	42.5	51.1	32.9	99.9	99.9	99.9	99.9	99.9	95.9	99.9	99.9	99.9	87.7	-16.5783	24.6547	-73.2785	4.20849	4.71758	-115.019	
1.88	3.5	0	0.3	5	8.3	5.1	4.7	0	0.3	6.3	31.6	58.8	26.2	42.5	51.1	32.9	99.9	99.9	99.9	99.9	99.9	95.9	99.9	99.9	99.9	87.7	-16.5783	24.6547	-73.2785	4.20849	4.71758	-115.019	
1.89	3.5	0	0.3	5	8.3	5.1	4.7	0	0.3	6.3	31.6	58.8	26.2	42.5	51.1	32.9	99.9	99.9	99.9	99.9	99.9	95.9	99.9	99.9	99.9	87.7	-16.5783	24.6547	-73.2785	4.20849	4.71758	-115.019	
1.9	3.5	0	0.3	5	8.3	5.1	4.7	0	0.3	6.3	31.6	58.8	26.2	42.5	51.1	32.9	99.9	99.9	99.9	99.9	99.9	95.9	99.9	99.9	99.9	87.7	-16.5783	24.6547	-73.2785	4.20849	4.71758	-115.019	
1.91	3.5	0	0.3	5	8.3	5.1	4.7	0	0.3	6.3	31.6	58.8	26.2	42.5	51.1	32.9	99.9	99.9	99.9	99.9	99.9	95.9	99.9	99.9	99.9	87.7	-16.5783	24.6547	-73.2785	4.20849	4.71758	-115.019	
1.92	3.5	0	0.3	5	8.3	5.1	4.7	0	0.3	6.3	31.6	58.8	26.2	42.5	51.1	32.9	99.9	99.9	99.9	99.9	99.9	95.9	99.9	99.9	99.9	87.7	-16.5783	24.6547	-73.2785	4.20849	4.71758	-115.019	
1.93	3.5	0	0.3	5	8.3	5.1	4.7	0	0.3	6.3	31.6	58.8	26.2	42.5	51.1	32.9	99.9	99.9	99.9	99.9	99.9	95.9	99.9	99.9	99.9	87.7	-16.5783	24.6547	-73.2785	4.20849	4.71758	-115.019	
1.94	3.5	0	0.3	5	8.3	5.1	4.7	0	0.3	6.3	31.6	58.8	26.2	42.5	51.1	32.9	99.9	99.9	99.9	99.9	99.9	95.9	99.9	99.9	99.9	87.7	-16.5783	24.6547	-73.2785	4.20849	4.71758	-115.019	
1.95	3.5	0	0.3	5	8.3	5.1	4.7	0	0.3	6.3	31.6	58.8	26.2	42.5	51.1	32.9	99.9	99.9	99.9	99.9	99.9	95.9	99.9	99.9	99.9	87.7	-16.5783	24.6547	-73.2785	4.20849	4.71758	-115.019	
1.96	3.5	0	0.3	5	8.3	5.1	4.7	0	0.3	6.3	31.6	58.8	26.2	42.5	51.1	32.9	99.9	99.9	99.9	99.9	99.9	95.9	99.9	99.9	99.9	87.7	-16.5783	24.6547	-73.2785	4.20849	4.71758	-115.019	
1.97	3.5	0	0.3	5	8.3	5.1	4.7	0	0.3	6.3	31.6	58.8	26.2	42.5	51.1	32.9	99.9	99.9	99.9	99.9	99.9	95.9	99.9	99.9	99.9	87.7	-16.5783	24.6547	-73.2785	4.20849	4.71758	-115.019	
1.98	3.5	0	0.3	5	8.3	5.1	4.7	0	0.3	6.3	31.6	58.8	26.2	42.5	51.1	32.9	99.9	99.9	99.9	99.9	99.9	95.9	99.9	99.9	99.9	87.7	-16.5783	24.6547	-73.2785	4.20849	4.71758	-115.019	
1.99	3.2	0	0.2	5	8.2	5.2	4.6	0	0.3	6.2	32.8	58.7	26.4	42.55	51.5	32.6	100	99.9	99.9	99.1	99.9	95.1	99.9	99.9	99.9	87.7	-16.5094	24.7855	-73.2628	4.48563	4.63812	-114.953	
2	3.2	0	0.2	5	8.2	5.2	4.6	0	0.3	6.2	32.8	58.7	26.4	42.55	51.5	32.6	100	99.9	99.9	99.1	99.9	95.1	99.9	99.9	99.9	87.7	-16.5094	24.7855	-73.2628	4.48563	4.63812	-114.953	
2.01	3.2	0	0.2	5	8.2	5.2	4.6	0	0.3	6.2	32.8	58.7	26.4	42.55	51.5	32.6	100	99.9	99.9	99.1	99.9	95.1	99.9	99.9	99.9	87.7	-16.5094	24.7855	-73.2628	4.48563	4.63812	-114.953	
2.02	3.2	0	0.2	5	8.2	5.2	4.6	0	0.3	6.2	32.8	58.7	26.4	42.55	51.5	32.6	100	99.9	99.9	99.1	99.9	95.1	99.9	99.9	99.9	87.7	-16.5094	24.7855	-73.2628	4.48563	4.63812	-114.953	
2.03	3.2	0	0.2	5	8.2	5.2	4.6	0	0.3	6.2	32.8	58.7	26.4	42.55	51.5	32.6	100	99.9	99.9	99.1	99.9	95.1	99.9	99.9	99.9	87.7	-16.5094	24.7855	-73.2628	4.48563	4.63812	-114.953	
2.04	3.2	0	0.2	5	8.2	5.2	4.6	0	0.3	6.2	32.8	58.7	26.4	42.55	51.5	32.6	100	99.9	99.9	99.1	99.9	95.1	99.9	99.9	99.9	87.7	-16.5094	24.7855	-73.2628	4.48563	4.63812	-114.953	
2.05	3.2	0	0.2	5	8.2	5.2	4.6	0	0.3	6.2	32.8	58.7	26.4	42.55	51.5	32.6	100	99.9	99.9	99.1	99.9	95.1	99.9	99.9	99.9	87.7	-16.5094	24.7855	-73.2628	4.48563	4.63812	-114.953	
2.06	3.2	0	0.2	5	8.2	5.2	4.6	0	0.3	6.2	32.8	58.7	26.4	42.55	51.5	32.6	100	99.9	99.9	99.1	99.9	95.1	99.9	99.9	99.9	87.7	-16.5094	24.7855	-73.2628	4.48563	4.63812	-114.953	
2.07	3.2	0	0.2	5	8.2	5.2	4.6	0	0.3	6.2	32.8	58.7	26.4	42.55	51.5	32.6	100	99.9	99.9	99.1	99.9	95.1	99.9	99.9	99.9	87.7	-16.5094	24.7855	-73.2628	4.48563	4.63812	-114.953	
2.08	3.2	0	0.2	5	8.2	5.2	4.6	0	0.3	6.2	32.8	58.7	26.4	42.55	51.5	32.6	100	99.9	99.9	99.1	99.9	95.1	99.9	99.9	99.9	87.7	-16.5094	24.7855	-73.2628	4.48563	4.63812	-114.953	
2.09	3.2	0	0.2	5	8.2	5.2	4.6	0	0.3	6.2	32.8	58.7	26.4	42.55	51.5	32.6	100	99.9	99.9	99.1	99.9	95.1	99.9	99.9	99.9	87.7	-16.5094	24.7855	-73.2628	4.48563	4.63812	-114.953	
2.1	3.2	0	0.2	5	8.2	5.2	4.6	0	0.3	6.2	32.8	58.7	26.4	42.55	51.5	32.6	100	99.9	99.9	99.1	99.9	95.1	99.9	99.9	99.9	87.7	-16.5094	24.7855	-73.2628	4.48563	4.63812	-114.953	
2.11	3.2	0	0.2	5	8.2	5.2	4.6	0	0.3	6.2	32.8	58.7	26.4	42.55	51.5	32.6	100	99.9	99.9	99.1	99.9	95.1	99.9	99.9	99.9	87.7	-16.5094	24.7855	-73.2628	4.48563	4.63812	-114.953	
2.12	3.2	0	0.2	5	8.2	5.2	4.6	0	0.3	6.2	32.8	58.7	26.4	42.55	51.5	32.6	100	99.9	99.9	99.1	99.9	95.1	99.9	99.9	99.9	87.7	-16.5094	24.7855	-73.2628	4.48563	4.63812	-114.953	
2.13	3.2	0	0.2	5	8.2	5.2	4.6	0	0.3	6.2	32.8	58.7	26.4	42.55	51.5	32.6	100	99.9	99.9	99.1	99.9	95.1	99.9	99.9	99.9	87.7	-16.5094	24.7855	-73.2628	4.48563	4.63812	-114.953	
2.14	3.2	0	0.2	5	8.2	5.2	4.6	0	0.3	6.2	32.8	58.7	26.4	42.55	51.5	32.6	100	99.9	99.9	99.1	99.9	95.1	99.9	99.9	99.9	87.7	-16.5094	24.7855	-73.2628	4.48563	4.63812	-114.953	
2.15	3.2	0	0.2	5	8.2	5.2	4.6	0	0.3	6.2	32.8	58.7	26.4	42.55	51.5	32.6	100	99.9	99.9	99.1	99.9	95.1	99.9	99.9	99.9	87.7	-16.5094	24.7855	-73.2628	4.48563	4.63812	-114.953	
2.16	3.2	0	0.2	5	8.2	5.2	4.6	0	0.3	6.2	32.8	58.7	26.4	42.55	51.5	32.6	100	99.9	99.9	99.1	99.9	95.1	99.9	99.9	99.9	87.7	-16.5094	24.7855	-73.2628	4.48563	4.63812	-114.953	
2.17	3.2	0	0.2	5	8.2	5.2	4.6	0	0.3	6.2	32.8	58.7	26.4	42.55	51.5	32.6	100	99.9	99.9	99.1	99.9	95.1	99.9	99.9	99.9	87.7	-16.5094	24.7855	-73.2628	4.48563	4.63812	-114.953	
2.18	3.2	0	0.2	5	8.2	5.2	4.6	0	0.3	6.2	32.8	58.7	26.4	42.55	51.5	32.6	100	99.9	99.9	99.1	99.9	95.1	99.9	99.9	99.9	87.7	-16.5094	24.7855	-73.2628	4.48563	4.63812	-114.953	
2.19	3.2	0	0.2	5	8.2	5.2	4.6	0	0.3	6.2	32.8	58.7	26.4	42.55	51.5	32.6	100	99.9	99.9	99.1	99.9	95.1	99.9	99.9	99.9	87.7	-16.5094	24.7855	-73.2628	4.48563	4.63812	-114.953	
2.2	3.2	0	0.2	5	8.2	5.2	4.6	0	0.3	6.2	32.8	58.7	26.4	42.55	51.5	32.6	100	99.9	99.9	99.1	99.9	95.1	99.9	99.9	99.9	87.7	-16.5094	24.7855	-73.2628	4.48563	4.63812	-114.953	
2.21	3.2	0	0.2	5	8.2	5.2	4.6	0	0.3	6.2	32.8	58.7	26.4	42.55	51.5	32.6	100	99.9	99.9	99.1	99.9	95.1	99.9	99.9	99.9	87.7	-16.5094	24.7855	-73.2628	4.48563	4.63812	-114.953	
2.22	3.2	0	0.2	5	8.2	5.2	4.6	0	0.3	6.2	32.8	58.7	26.4	42.55	51.5	32.6	100	99.9	99.9	99.1	99.9	95.1	99.9	99.9	99.9	87.7	-16.5094	24.7855	-73.2628	4.48563	4.63812	-114.953	
2.23	3.2	0	0.2	5	8.2	5.2	4.6	0	0.3	6.2	32.8	58.7	26.4	42.55	51.5	32.6	100	99.9	99.9	99.1	99.9	95.1	99.9	99.9	99.9	87.7	-16.5094	24.7855	-73.2628	4.48563	4.63812	-114.953	
2.24	3.2	0	0.2	5	8.2	5.2	4.6	0	0.3	6.2	32.8	58.7	26.4	42.55	51.5	32.6	100	99.9	99.9	99.1	99.9	95.1	99.9	99.9	99.9	87.7	-16.5094	24.7855	-73.2628	4.48563	4.63812	-114.953	
2.25	3.2	0	0.2	5	8.2	5.2	4.6	0	0.3	6.2	32.8	58.7	26.4	42.55	51.5	32.6	100	99.9	99.9	99.1	99.9	95.1	99.9	99.9	99.9	87.7	-16.5094	24.7855	-73.2628	4.48563	4.63812	-114.953	
2.26	3.2	0	0.2	5	8.2	5.2	4.6	0	0.3	6.2	32.8	58.7	26.4	42.55	51.5	32.6	100	99.9	99.9	99.1	99.9	95.1	99.9	99.9	99.9	87.7	-16.5094	24.7855	-73.2628	4.48563	4.63812	-114.953	
2.27	3.2	0	0.2	5	8.2	5.2	4.6	0	0.3	6.2	32.8	58.7	26.4	42.55	51.5	32.6	100	99.9	99.9	99.1	99.9	95.1	99.9	99.9	99.9	87.7	-16.5094	24.7855	-73.2628	4.48563	4.63812	-114.953	
2.28	3.2	0	0.2	5	8.2	5.2	4.6	0	0.3	6.2	32.8	58.7	26.4	42.55	51.5	32.6	100	99.9	99.9	99.1	99.9	95.1	99.9	99.9	99.9	87.7	-16.5094	24.7855	-73.2628	4.48563	4.63812	-114.953	
2.29	3.2	0	0.2	5	8.2	5.2	4.6	0	0.3	6.2	32.8	58.7	26.4	42.55	51.5	32.6	100	99.9	99.9	99.1	99.9	95.1	99.9	99.9	99.9	87.7	-16.5094	24.7855	-73.2628	4.48563	4.63812	-114.953	
2.3	3.2	0	0.2	5	8.2	5.2	4.6	0	0.3	6.2	32.8	58.7	26.4	42.55	51.5	32.6	100	99.9	99.9	99.1	99.9	95.1	99.9	99.9	99.9	87.7	-16.5094	24.7855	-73.2628	4.48563	4.63812	-114.953	
2.31	3.2	0	0.2	5	8.2	5.2	4.6	0	0.3	6.2	32.8	58.7	26.4	42.55	51.5	32.6	100	99.9	99.9	99.1	99.9	95.1	99.9	99.9	99.9	87.7	-16.5094	24.7855	-73.2628	4.48563	4.63812	-114.953	
2.32	3.2	0	0.2	5	8.2	5.2	4.6	0	0.3	6.2	32.8	58.7	26.4	42.55	51.5	32.6	100	99.9	99.9	99.1	99.9	95.1	99.9	99.9	99.9	87.7	-16.5094	24.7855	-73.2628	4.48563	4.63812	-114.953	
2.33	3.2	0	0.2	5	8.2	5.2	4.6	0	0.3	6.2	32.8	58.7	26.4	42.55	51.5	32.6	100	99.9	99.9	99.1	99.9	95.1	99.9	99.9	99.9	87.7	-16.5094	24.7855	-73.2628	4.48563	4.63812	-114.953	
2.34	3.2	0	0.2	5	8.2	5.2	4.6	0	0.3	6.2	32.8	58.7	26.4	42.55	51.5	32.6	100	99.9	99.9	99.1	99.9	95.1	99.9	99.9	99.9	87.7	-16.5094	24.7855	-73.2628	4.48563	4.63812	-114.953	
2.35	3.2	0	0.2	5	8.2	5.2	4.6	0	0.3	6.2	32.8	58.7	26.4	42.55	51.5	32.6	100	99.9	99.9	99.1	99.9	95.1	99.9	99.9	99.9	87.7	-16.5094	24.7855	-73.2628	4.48563	4.63812	-114.953	
2.36	3.1	0	0.3	5	8.1	5.2	4.7	0	0.2	6.3	33.1	58.5	26.3	42.4	51.6	32.6	99.9	99.9	99.9	99.8	99.9	96.8	99.9	99.6	99.4	87.6	-16.5701	24.6606	-73.2798	4.60975	4.61972	-114.971	
2.37	3.1	0	0.3	5	8.1	5.2	4.7	0	0.2	6.3	33.1	58.5	26.3	42.4	51.6	32.6	99.9	99.9	99.9	99.8	99.9	96.8	99.9	99.6	99.4	87.6	-16.5701	24.6606	-73.2798	4.60975	4.61972	-114.971	
2.38	3.1	0	0.3	5	8.1	5.2	4.7	0	0.2	6.3	33.1	58.5	26.3	42.4	51.6	32.6	99.9	99.9	99.9	99.8	99.9	96.8	99.9	99.6	99.4	87.6	-16.5701	24.6606	-73.2798	4.60975	4.61972	-114.971	
2.39	3.1	0	0.3	5	8.1	5.2	4.7	0	0.2	6.3	33.1	58.5	26.3	42.4	51.6	32.6	99.9	99.9	99.9	99.8	99.9	96.8	99.9	99.6	99.4	87.6	-16.5701	24.6606	-73.2798	4.60975	4.61972	-114.971	
2.4	3.1	0	0.3	5	8.1	5.2	4.7	0	0.2	6.3	33.1	58.5	26.3	42.4	51.6	32.6	99.9	99.9	99.9	99.8	99.9	96.8	99.9	99.6	99.4	87.6	-16.5701	24.6606	-73.2798	4.60975	4.61972	-114.971	
2.41	3.1	0	0.3	5	8.1	5.2	4.7	0	0.2	6.3	33.1	58.5	26.3	42.4	51.6	32.6	99.9	99.9	99.9	99.8	99.9	96.8	99.9	99.6	99.4	87.6	-16.5701	24.6606	-73.2798	4.60975	4.61972	-114.971	
2.42	3.1	0	0.3	5	8.1	5.2	4.7	0	0.2	6.3	33.1	58.5	26.3	42.4	51.6	32.6	99.9	99.9	99.9	99.8	99.9	96.8	99.9	99.6	99.4	87.6	-16.5701	24.6606	-73.2798	4.60975	4.61972	-114.971	
2.43	3.1	0	0.3	5	8.1	5.2	4.7	0	0.2	6.3	33.1	58.5	26.3	42.4	51.6	32.6	99.9	99.9	99.9	99.8	99.9	96.8	99.9	99.6	99.4	87.6	-16.5701	24.6606	-73.2798	4.60975	4.61972	-114.971	
2.44	3.1	0	0.3	5	8.1	5.2	4.7	0	0.2	6.3	33.1	58.5	26.3	42.4	51.6	32.6	99.9	99.9	99.9	99.8	99.9	96.8	99.9	99.6	99.4	87.6	-16.5701	24.6606	-73.2798	4.60975	4.61972	-114.971	
2.45	3.1	0	0.3	5	8.1	5.2	4.7	0	0.2	6.3	33.1	58.5	26.3	42.4	51.6	32.6	99.9	99.9	99.9	99.8	99.9	96.8	99.9	99.6	99.4	87.6	-16.5701	24.6606	-73.2798	4.60975	4.61972	-114.971	
2.46	3.1	0	0.3	5	8.1	5.2	4.7	0	0.2	6.3	33.1	58.5	26.3	42.4	51.6	32.6	99.9	99.9	99.9	99.8	99.9	96.8	99.9	99.6	99.4	87.6	-16.5701	24.6606	-73.2798	4.60975	4.61972	-114.971	
2.47	3.1	0	0.3	5	8.1	5.2	4.7	0	0.2	6.3	33.1	58.5	26.3	42.4	51.6	32.6	99.9	99.9	99.9	99.8	99.9	96.8	99.9	99.6	99.4	87.6	-16.5701	24.6606	-73.2798	4.60975	4.61972	-114.971	
2.48	3.1	0	0.3	5	8.1	5.2	4.7	0	0.2	6.3	33.1	58.5	26.3	42.4	51.6	32.6	99.9	99.9	99.9	99.8	99.9	96.8	99.9	99.6	99.4	87.6	-16.5701	24.6606	-73.2798	4.60975	4.61972	-114.971	
2.49	3.1	0	0.3	5	8.1	5.2	4.7	0	0.2	6.3	33.1	58.5	26.3	42.4	51.6	32.6	99.9	99.9	99.9	99.8	99.9	96.8	99.9	99.6	99.4	87.6	-16.5701	24.6606	-73.2798	4.60975	4.61972	-114.971	
2.5	3.1	0	0.3	5	8.1	5.2	4.7	0	0.2	6.3	33.1	58.5	26.3	42.4	51.6	32.6	99.9	99.9	99.9	99.8	99.9	96.8	99.9	99.6	99.4	87.6	-16.5701	24.6606	-73.2798	4.60975	4.61972	-114.971	
2.51	3.1	0	0.3	5	8.1	5.2	4.7	0	0.2	6.3	33.1	58.5	26.3	42.4	51.6	32.6	99.9	99.9	99.9	99.8	99.9	96.8	99.9	99.6	99.4	87.6	-16.5701	24.6606	-73.2798	4.60975	4.61972	-114.971	
2.52	3.1	0	0.3	5	8.1	5.2	4.7	0	0.2	6.3	33.1	58.5	26.3	42.4	51.6	32.6	99.9	99.9	99.9	99.8	99.9	96.8	99.9	99.6	99.4	87.6	-16.5701	24.6606	-73.2798	4.60975	4.61972	-114.971	
2.53	3.1	0	0.3	5	8.1	5.2	4.7	0	0.2	6.3	33.1	58.5	26.3	42.4	51.6	32.6	99.9	99.9	99.9	99.8	99.9	96.8	99.9	99.6	99.4	87.6	-16.5701	24.6606	-73.2798	4.60975	4.61972	-114.971	
2.54	3.1	0	0.3	5	8.1	5.2	4.7	0	0.2	6.3	33.1	58.5	26.3	42.4	51.6	32.6	99.9	99.9	99.9	99.8	99.9	96.8	99.9	99.6	99.4	87.6	-16.5701	24.6606	-73.2798	4.60975	4.61972	-114.971	
2.55	3.1	0	0.3	5	8.1	5.2	4.7	0	0.2	6.3	33.1	58.5	26.3	42.4	51.6	32.6	99.9	99.9	99.9	99.8	99.9	96.8	99.9	99.6	99.4	87.6	-16.5701	24.6606	-73.2798	4.60975	4.61972	-114.971	
2.56	3.1	0	0.3	5	8.1	5.2	4.7	0	0.2	6.3	33.1	58.5	26.3	42.4	51.6	32.6	99.9	99.9	99.9	99.8	99.9	96.8	99.9	99.6	99.4	87.6	-16.5701	24.6606	-73.2798	4.60975	4.61972	-114.971	
2.57	3.1	0	0.3	5	8.1	5.2	4.7	0	0.2	6.3	33.1	58.5	26.3	42.4	51.6	32.6	99.9	99.9	99.9	99.8	99.9	96.8	99.9	99.6	99.4	87.6	-16.5701	24.6606	-73.2798	4.60975	4.61972	-114.971	
2.58	3.1	0	0.3	5	8.1	5.2	4.7	0	0.2	6.3	33.1	58.5	26.3	42.4	51.6	32.6	99.9	99.9	99.9	99.8	99.9	96.8	99.9	99.6	99.4	87.6	-16.5701	24.6606	-73.2798	4.60975	4.61972	-114.971	
2.59	3.1	0	0.3	5	8.1	5.2	4.7	0	0.2	6.3	33.1	58.5	26.3	42.4	51.6	32.6	99.9	99.9	99.9	99.8	99.9	96.8	99.9	99.6	99.4	87.6	-16.5701	24.6606	-73.2798	4.60975	4.61972	-114.971	
2.6	3.1	0	0.3	5	8.1	5.2	4.7	0	0.2	6.3	33.1	58.5	26.3	42.4	51.6	32.6	99.9	99.9	99.9	99.8	99.9	96.8	99.9	99.6	99.4	87.6	-16.5701	24.6606	-73.2798	4.60975	4.61972	-114.971	
2.61	3.1	0	0.3	5	8.1	5.2	4.7	0	0.2	6.3	33.1	58.5	26.3	42.4	51.6	32.6	99.9	99.9	99.9	99.8	99.9	96.8	99.9	99.6	99.4	87.6	-16.5701	24.6606	-73.2798	4.60975	4.61972	-114.971	
2.62	3.1	0	0.3	5	8.1	5.2	4.7	0	0.2	6.3	33.1	58.5	26.3	42.4	51.6	32.6	99.9	99.9	99.9	99.8	99.9	96.8	99.9	99.6	99.4	87.6	-16.5701	24.6606	-73.2798	4.60975	4.61972	-114.971	
2.63	3.1	0	0.3	5	8.1	5.2	4.7	0	0.2	6.3	33.1	58.5	26.3	42.4	51.6	32.6	99.9	99.9	99.9	99.8	99.9	96.8	99.9	99.6	99.4	87.6	-16.5701	24.6606	-73.2798	4.60975	4.61972	-114.971	
2.64	3.1	0	0.3	5	8.1	5.2	4.7	0	0.2	6.3	33.1	58.5	26.3	42.4	51.6	32.6	99.9	99.9	99.9	99.8	99.9	96.8	99.9	99.6	99.4	87.6	-16.5701	24.6606	-73.2798	4.60975	4.61972	-114.971	
2.65	3.1	0	0.3	5	8.1	5.2	4.7	0	0.2	6.3	33.1	58.5	26.3	42.4	51.6	32.6	99.9	99.9	99.9	99.8	99.9	96.8	99.9	99.6	99.4	87.6	-16.5701	24.6606	-73.2798	4.60975	4.61972	-114.971	
2.66	3.1	0	0.3	5	8.1	5.2	4.7	0	0.2	6.3	33.1	58.5	26.3	42.4	51.6	32.6	99.9	99.9	99.9	99.8	99.9	96.8	99.9	99.6	99.4	87.6	-16.5701	24.6606	-73.2798	4.60975	4.61972	-114.971	
2.67	3.1	0	0.3	5	8.1	5.2	4.7	0	0.2	6.3	33.1	58.5	26.3	42.4	51.6	32.6	99.9	99.9	99.9	99.8	99.9	96.8	99.9	99.6	99.4	87.6	-16.5701	24.6606	-73.2798	4.60975	4.61972	-114.971	
2.68	3.1	0	0.3	5	8.1	5.2	4.7	0	0.2	6.3	33.1	58.5	26.3	42.4	51.6	32.6	99.9	99.9	99.9	99.8	99.9	96.8	99.9	99.6	99.4	87.6	-16.5701	24.6606	-73.2798	4.60975	4.61972	-114.971	
2.69	3.1	0	0.3	5	8.1	5.2	4.7	0	0.2	6.3	33.1	58.5	26.3	42.4	51.6	32.6	99.9	99.9	99.9	99.8	99.9	96.8	99.9	99.6	99.4	87.6	-16.5701	24.6606	-73.2798	4.60975	4.61972	-114.971	
2.7	3.1	0	0.3	5	8.1	5.2	4.7	0	0.2	6.3	33.1	58.5	26.3	42.4	51.6	32.6	99.9	99.9	99.9	99.8	99.9	96.8	99.9	99.6	99.4	87.6	-16.5701	24.6606	-73.2798	4.60975	4.61972	-114.971	
2.71	3.1	0	0.3	5	8.1	5.2	4.7	0	0.2	6.3	33.1	58.5	26.3	42.4	51.6	32.6	99.9	99.9	99.9	99.8	99.9	96.8	99.9	99.6	99.4	87.6	-16.5701	24.6606	-73.2798	4.60975	4.61972	-114.971	
2.72	3.1	0	0.3	5	8	5	4.7	0	0.3	6.2	32	58.3	26.3	42.3	51.3	32.8	99.9	99.9	99.9	98.7	99.9	98.2	99.9	99.9	99.9	90.4	-16.273	24.9981	-73.1984	5.52651	4.472	-114.931	
2.73	3.1	0	0.3	5	8	5	4.7	0	0.3	6.2	32	58.3	26.3	42.3	51.3	32.8	99.9	99.9	99.9	98.7	99.9	98.2	99.9	99.9	99.9	90.4	-16.273	24.9981	-73.1984	5.52651	4.472	-114.931	
2.74	3.1	0	0.3	5	8	5	4.7	0	0.3	6.2	32	58.3	26.3	42.3	51.3	32.8	99.9	99.9	99.9	98.7	99.9	98.2	99.9	99.9	99.9	90.4	-16.273	24.9981	-73.1984	5.52651	4.472	-114.931	
2.75	3.1	0	0.3	5	8	5	4.7	0	0.3	6.2	32	58.3	26.3	42.3	51.3	32.8	99.9	99.9	99.9	98.7	99.9	98.2	99.9	99.9	99.9	90.4	-16.273	24.9981	-73.1984	5.52651	4.472	-114.931	
2.76	3.1	0	0.3	5	8	5	4.7	0	0.3	6.2	32	58.3	26.3	42.3	51.3	32.8	99.9	99.9	99.9	98.7	99.9	98.2	99.9	99.9	99.9	90.4	-16.273	24.9981	-73.1984	5.52651	4.472	-114.931	
2.77	3.1	0	0.3	5	8	5	4.7	0	0.3	6.2	32	58.3	26.3	42.3	51.3	32.8	99.9	99.9	99.9	98.7	99.9	98.2	99.9	99.9	99.9	90.4	-16.273	24.9981	-73.1984	5.52651	4.472	-114.931	
2.78	3.1	0	0.3	5	8	5	4.7	0	0.3	6.2	32	58.3	26.3	42.3	51.3	32.8	99.9	99.9	99.9	98.7	99.9	98.2	99.9	99.9	99.9	90.4	-16.273	24.9981	-73.1984	5.52651	4.472	-114.931	
2.79	3.1	0	0.3	5	8	5	4.7	0	0.3	6.2	32	58.3	26.3	42.3	51.3	32.8	99.9	99.9	99.9	98.7	99.9	98.2	99.9	99.9	99.9	90.4	-16.273	24.9981	-73.1984	5.52651	4.472	-114.931	
2.8	3.1	0	0.3	5	8	5	4.7	0	0.3	6.2	32	58.3	26.3	42.3	51.3	32.8	99.9	99.9	99.9	98.7	99.9	98.2	99.9	99.9	99.9	90.4	-16.273	24.9981	-73.1984	5.52651	4.472	-114.931	
2.81	3.1	0	0.3	5	8	5	4.7	0	0.3	6.2	32	58.3	26.3	42.3	51.3	32.8	99.9	99.9	99.9	98.7	99.9	98.2	99.9	99.9	99.9	90.4	-16.273	24.9981	-73.1984	5.52651	4.472	-114.931	
2.82	3.1	0	0.3	5	8	5	4.7	0	0.3	6.2	32	58.3	26.3	42.3	51.3	32.8	99.9	99.9	99.9	98.7	99.9	98.2	99.9	99.9	99.9	90.4	-16.273	24.9981	-73.1984	5.52651	4.472	-114.931	
