Hora de inicio de la toma de datos: 12:07:03
AT(s)	F1.1	F1.2	F2.1	F2.2	F3.1	F3.2	F4.1	F4.2	F5.1	F5.2	ABD1	ABD2	ABD3	ABD4	PA	TCO	P1	P2	P3	P4	P5	P6	P7	P8	P9	P10	HRoll	HPitch	HYaw	WRoll	WPitch	WYaw	
0.01	8	35.7	4.5	42.5	17	0	87.7	30.9	97.7	73.7	31.8	100	100	100	61.4	55.2	99.9	99.9	37.5	99.9	99.9	98.7	99.4	99.8	99.9	99.9	-124.921	1.38026	68.6195	-105.623	6.80717	-137.463	
0.02	8	35.7	4.5	42.5	17	0	87.7	30.9	97.7	73.7	31.8	100	100	100	61.4	55.2	99.9	99.9	37.5	99.9	99.9	98.7	99.4	99.8	99.9	99.9	-124.921	1.38026	68.6195	-105.623	6.80717	-137.463	
0.03	8	35.7	4.5	42.5	17	0	87.7	30.9	97.7	73.7	31.8	100	100	100	61.4	55.2	99.9	99.9	37.5	99.9	99.9	98.7	99.4	99.8	99.9	99.9	-124.921	1.38026	68.6195	-105.623	6.80717	-137.463	
0.04	8	35.7	4.5	42.5	17	0	87.7	30.9	97.7	73.7	31.8	100	100	100	61.4	55.2	99.9	99.9	37.5	99.9	99.9	98.7	99.4	99.8	99.9	99.9	-124.921	1.38026	68.6195	-105.623	6.80717	-137.463	
0.05	8	35.7	4.5	42.5	17	0	87.7	30.9	97.7	73.7	31.8	100	100	100	61.4	55.2	99.9	99.9	37.5	99.9	99.9	98.7	99.4	99.8	99.9	99.9	-124.921	1.38026	68.6195	-105.623	6.80717	-137.463	
0.06	8	35.7	4.5	42.5	17	0	87.7	30.9	97.7	73.7	31.8	100	100	100	61.4	55.2	99.9	99.9	37.5	99.9	99.9	98.7	99.4	99.8	99.9	99.9	-124.921	1.38026	68.6195	-105.623	6.80717	-137.463	
0.07	8	35.7	4.5	42.5	17	0	87.7	30.9	97.7	73.7	31.8	100	100	100	61.4	55.2	99.9	99.9	37.5	99.9	99.9	98.7	99.4	99.8	99.9	99.9	-124.921	1.38026	68.6195	-105.623	6.80717	-137.463	
0.08	8	35.7	4.5	42.5	17	0	87.7	30.9	97.7	73.7	31.8	100	100	100	61.4	55.2	99.9	99.9	37.5	99.9	99.9	98.7	99.4	99.8	99.9	99.9	-124.921	1.38026	68.6195	-105.623	6.80717	-137.463	
0.09	8	35.7	4.5	42.5	17	0	87.7	30.9	97.7	73.7	31.8	100	100	100	61.4	55.2	99.9	99.9	37.5	99.9	99.9	98.7	99.4	99.8	99.9	99.9	-124.921	1.38026	68.6195	-105.623	6.80717	-137.463	
0.1	8	35.7	4.5	42.5	17	0	87.7	30.9	97.7	73.7	31.8	100	100	100	61.4	55.2	99.9	99.9	37.5	99.9	99.9	98.7	99.4	99.8	99.9	99.9	-124.921	1.38026	68.6195	-105.623	6.80717	-137.463	
0.11	8	35.7	4.5	42.5	17	0	87.7	30.9	97.7	73.7	31.8	100	100	100	61.4	55.2	99.9	99.9	37.5	99.9	99.9	98.7	99.4	99.8	99.9	99.9	-124.921	1.38026	68.6195	-105.623	6.80717	-137.463	
0.12	8	35.7	4.5	42.5	17	0	87.7	30.9	97.7	73.7	31.8	100	100	100	61.4	55.2	99.9	99.9	37.5	99.9	99.9	98.7	99.4	99.8	99.9	99.9	-124.921	1.38026	68.6195	-105.623	6.80717	-137.463	
0.13	8	35.7	4.5	42.5	17	0	87.7	30.9	97.7	73.7	31.8	100	100	100	61.4	55.2	99.9	99.9	37.5	99.9	99.9	98.7	99.4	99.8	99.9	99.9	-124.921	1.38026	68.6195	-105.623	6.80717	-137.463	
0.14	8	35.7	4.5	42.5	17	0	87.7	30.9	97.7	73.7	31.8	100	100	100	61.4	55.2	99.9	99.9	37.5	99.9	99.9	98.7	99.4	99.8	99.9	99.9	-124.921	1.38026	68.6195	-105.623	6.80717	-137.463	
0.15	8	35.7	4.5	42.5	17	0	87.7	30.9	97.7	73.7	31.8	100	100	100	61.4	55.2	99.9	99.9	37.5	99.9	99.9	98.7	99.4	99.8	99.9	99.9	-124.921	1.38026	68.6195	-105.623	6.80717	-137.463	
0.16	8	35.7	4.5	42.5	17	0	87.7	30.9	97.7	73.7	31.8	100	100	100	61.4	55.2	99.9	99.9	37.5	99.9	99.9	98.7	99.4	99.8	99.9	99.9	-124.921	1.38026	68.6195	-105.623	6.80717	-137.463	
0.171	8	35.7	4.5	42.5	17	0	87.7	30.9	97.7	73.7	31.8	100	100	100	61.4	55.2	99.9	99.9	37.5	99.9	99.9	98.7	99.4	99.8	99.9	99.9	-124.921	1.38026	68.6195	-105.623	6.80717	-137.463	
0.181	8	35.7	4.5	42.5	17	0	87.7	30.9	97.7	73.7	31.8	100	100	100	61.4	55.2	99.9	99.9	37.5	99.9	99.9	98.7	99.4	99.8	99.9	99.9	-124.921	1.38026	68.6195	-105.623	6.80717	-137.463	
0.191	8	35.7	4.5	42.5	17	0	87.7	30.9	97.7	73.7	31.8	100	100	100	61.4	55.2	99.9	99.9	37.5	99.9	99.9	98.7	99.4	99.8	99.9	99.9	-124.921	1.38026	68.6195	-105.623	6.80717	-137.463	
0.201	8	35.7	4.5	42.5	17	0	87.7	30.9	97.7	73.7	31.8	100	100	100	61.4	55.2	99.9	99.9	37.5	99.9	99.9	98.7	99.4	99.8	99.9	99.9	-124.921	1.38026	68.6195	-105.623	6.80717	-137.463	
0.211	8	35.7	4.5	42.5	17	0	87.7	30.9	97.7	73.7	31.8	100	100	100	61.4	55.2	99.9	99.9	37.5	99.9	99.9	98.7	99.4	99.8	99.9	99.9	-124.921	1.38026	68.6195	-105.623	6.80717	-137.463	
0.221	8	35.7	4.5	42.5	17	0	87.7	30.9	97.7	73.7	31.8	100	100	100	61.4	55.2	99.9	99.9	37.5	99.9	99.9	98.7	99.4	99.8	99.9	99.9	-124.921	1.38026	68.6195	-105.623	6.80717	-137.463	
0.231	8	35.7	4.5	42.5	17	0	87.7	30.9	97.7	73.7	31.8	100	100	100	61.4	55.2	99.9	99.9	37.5	99.9	99.9	98.7	99.4	99.8	99.9	99.9	-124.921	1.38026	68.6195	-105.623	6.80717	-137.463	
0.241	8	35.7	4.5	42.5	17	0	87.7	30.9	97.7	73.7	31.8	100	100	100	61.4	55.2	99.9	99.9	37.5	99.9	99.9	98.7	99.4	99.8	99.9	99.9	-124.921	1.38026	68.6195	-105.623	6.80717	-137.463	
0.251	8	35.7	4.5	42.5	17	0	87.7	30.9	97.7	73.7	31.8	100	100	100	61.4	55.2	99.9	99.9	37.5	99.9	99.9	98.7	99.4	99.8	99.9	99.9	-124.921	1.38026	68.6195	-105.623	6.80717	-137.463	
0.261	8	35.7	4.5	42.5	17	0	87.7	30.9	97.7	73.7	31.8	100	100	100	61.4	55.2	99.9	99.9	37.5	99.9	99.9	98.7	99.4	99.8	99.9	99.9	-124.921	1.38026	68.6195	-105.623	6.80717	-137.463	
0.271	8	35.7	4.5	42.5	17	0	87.7	30.9	97.7	73.7	31.8	100	100	100	61.4	55.2	99.9	99.9	37.5	99.9	99.9	98.7	99.4	99.8	99.9	99.9	-124.921	1.38026	68.6195	-105.623	6.80717	-137.463	
0.281	8	35.7	4.5	42.5	17	0	87.7	30.9	97.7	73.7	31.8	100	100	100	61.4	55.2	99.9	99.9	37.5	99.9	99.9	98.7	99.4	99.8	99.9	99.9	-124.921	1.38026	68.6195	-105.623	6.80717	-137.463	
0.29	8	35.7	4.5	42.5	17	0	87.7	30.9	97.7	73.7	31.8	100	100	100	61.4	55.2	99.9	99.9	37.5	99.9	99.9	98.7	99.4	99.8	99.9	99.9	-124.921	1.38026	68.6195	-105.623	6.80717	-137.463	
0.3	8	35.7	4.5	42.5	17	0	87.7	30.9	97.7	73.7	31.8	100	100	100	61.4	55.2	99.9	99.9	37.5	99.9	99.9	98.7	99.4	99.8	99.9	99.9	-124.921	1.38026	68.6195	-105.623	6.80717	-137.463	
0.31	8	35.7	4.5	42.5	17	0	87.7	30.9	97.7	73.7	31.8	100	100	100	61.4	55.2	99.9	99.9	37.5	99.9	99.9	98.7	99.4	99.8	99.9	99.9	-124.921	1.38026	68.6195	-105.623	6.80717	-137.463	
0.32	8	35.7	4.5	42.5	17	0	87.7	30.9	97.7	73.7	31.8	100	100	100	61.4	55.2	99.9	99.9	37.5	99.9	99.9	98.7	99.4	99.8	99.9	99.9	-124.921	1.38026	68.6195	-105.623	6.80717	-137.463	
0.33	8	35.7	4.5	42.5	17	0	87.7	30.9	97.7	73.7	31.8	100	100	100	61.4	55.2	99.9	99.9	37.5	99.9	99.9	98.7	99.4	99.8	99.9	99.9	-124.921	1.38026	68.6195	-105.623	6.80717	-137.463	
0.34	8	35.7	4.5	42.5	17	0	87.7	30.9	97.7	73.7	31.8	100	100	100	61.4	55.2	99.9	99.9	37.5	99.9	99.9	98.7	99.4	99.8	99.9	99.9	-124.921	1.38026	68.6195	-105.623	6.80717	-137.463	
0.35	8	35.7	4.5	42.5	17	0	87.7	30.9	97.7	73.7	31.8	100	100	100	61.4	55.2	99.9	99.9	37.5	99.9	99.9	98.7	99.4	99.8	99.9	99.9	-124.921	1.38026	68.6195	-105.623	6.80717	-137.463	
0.36	8	35.7	4.5	42.5	17	0	87.7	30.9	97.7	73.7	31.8	100	100	100	61.4	55.2	99.9	99.9	37.5	99.9	99.9	98.7	99.4	99.8	99.9	99.9	-124.921	1.38026	68.6195	-105.623	6.80717	-137.463	
0.37	7.8	35.3	4.8	45.1	16.8	0	87.9	32.1	97.6	73.3	31.8	100	100	100	62.1	55.2	100	99.9	37.2	99.9	99.9	98.6	99.4	99.8	99.9	99.9	-125.608	1.12834	68.7014	-106.817	7.05312	-137.629	
0.38	7.8	35.3	4.8	45.1	16.8	0	87.9	32.1	97.6	73.3	31.8	100	100	100	62.1	55.2	100	99.9	37.2	99.9	99.9	98.6	99.4	99.8	99.9	99.9	-125.608	1.12834	68.7014	-106.817	7.05312	-137.629	
0.39	7.8	35.3	4.8	45.1	16.8	0	87.9	32.1	97.6	73.3	31.8	100	100	100	62.1	55.2	100	99.9	37.2	99.9	99.9	98.6	99.4	99.8	99.9	99.9	-125.608	1.12834	68.7014	-106.817	7.05312	-137.629	
0.4	7.8	35.3	4.8	45.1	16.8	0	87.9	32.1	97.6	73.3	31.8	100	100	100	62.1	55.2	100	99.9	37.2	99.9	99.9	98.6	99.4	99.8	99.9	99.9	-125.608	1.12834	68.7014	-106.817	7.05312	-137.629	
0.41	7.8	35.3	4.8	45.1	16.8	0	87.9	32.1	97.6	73.3	31.8	100	100	100	62.1	55.2	100	99.9	37.2	99.9	99.9	98.6	99.4	99.8	99.9	99.9	-125.608	1.12834	68.7014	-106.817	7.05312	-137.629	
0.42	7.8	35.3	4.8	45.1	16.8	0	87.9	32.1	97.6	73.3	31.8	100	100	100	62.1	55.2	100	99.9	37.2	99.9	99.9	98.6	99.4	99.8	99.9	99.9	-125.608	1.12834	68.7014	-106.817	7.05312	-137.629	
0.43	7.8	35.3	4.8	45.1	16.8	0	87.9	32.1	97.6	73.3	31.8	100	100	100	62.1	55.2	100	99.9	37.2	99.9	99.9	98.6	99.4	99.8	99.9	99.9	-125.608	1.12834	68.7014	-106.817	7.05312	-137.629	
0.44	7.8	35.3	4.8	45.1	16.8	0	87.9	32.1	97.6	73.3	31.8	100	100	100	62.1	55.2	100	99.9	37.2	99.9	99.9	98.6	99.4	99.8	99.9	99.9	-125.608	1.12834	68.7014	-106.817	7.05312	-137.629	
0.45	7.8	35.3	4.8	45.1	16.8	0	87.9	32.1	97.6	73.3	31.8	100	100	100	62.1	55.2	100	99.9	37.2	99.9	99.9	98.6	99.4	99.8	99.9	99.9	-125.608	1.12834	68.7014	-106.817	7.05312	-137.629	
0.46	7.8	35.3	4.8	45.1	16.8	0	87.9	32.1	97.6	73.3	31.8	100	100	100	62.1	55.2	100	99.9	37.2	99.9	99.9	98.6	99.4	99.8	99.9	99.9	-125.608	1.12834	68.7014	-106.817	7.05312	-137.629	
0.47	7.8	35.3	4.8	45.1	16.8	0	87.9	32.1	97.6	73.3	31.8	100	100	100	62.1	55.2	100	99.9	37.2	99.9	99.9	98.6	99.4	99.8	99.9	99.9	-125.608	1.12834	68.7014	-106.817	7.05312	-137.629	
0.48	7.8	35.3	4.8	45.1	16.8	0	87.9	32.1	97.6	73.3	31.8	100	100	100	62.1	55.2	100	99.9	37.2	99.9	99.9	98.6	99.4	99.8	99.9	99.9	-125.608	1.12834	68.7014	-106.817	7.05312	-137.629	
0.49	7.8	35.3	4.8	45.1	16.8	0	87.9	32.1	97.6	73.3	31.8	100	100	100	62.1	55.2	100	99.9	37.2	99.9	99.9	98.6	99.4	99.8	99.9	99.9	-125.608	1.12834	68.7014	-106.817	7.05312	-137.629	
0.5	7.8	35.3	4.8	45.1	16.8	0	87.9	32.1	97.6	73.3	31.8	100	100	100	62.1	55.2	100	99.9	37.2	99.9	99.9	98.6	99.4	99.8	99.9	99.9	-125.608	1.12834	68.7014	-106.817	7.05312	-137.629	
0.51	7.8	35.3	4.8	45.1	16.8	0	87.9	32.1	97.6	73.3	31.8	100	100	100	62.1	55.2	100	99.9	37.2	99.9	99.9	98.6	99.4	99.8	99.9	99.9	-125.608	1.12834	68.7014	-106.817	7.05312	-137.629	
0.52	7.8	35.3	4.8	45.1	16.8	0	87.9	32.1	97.6	73.3	31.8	100	100	100	62.1	55.2	100	99.9	37.2	99.9	99.9	98.6	99.4	99.8	99.9	99.9	-125.608	1.12834	68.7014	-106.817	7.05312	-137.629	
0.53	7.8	35.3	4.8	45.1	16.8	0	87.9	32.1	97.6	73.3	31.8	100	100	100	62.1	55.2	100	99.9	37.2	99.9	99.9	98.6	99.4	99.8	99.9	99.9	-125.608	1.12834	68.7014	-106.817	7.05312	-137.629	
0.54	7.8	35.3	4.8	45.1	16.8	0	87.9	32.1	97.6	73.3	31.8	100	100	100	62.1	55.2	100	99.9	37.2	99.9	99.9	98.6	99.4	99.8	99.9	99.9	-125.608	1.12834	68.7014	-106.817	7.05312	-137.629	
0.55	7.8	35.3	4.8	45.1	16.8	0	87.9	32.1	97.6	73.3	31.8	100	100	100	62.1	55.2	100	99.9	37.2	99.9	99.9	98.6	99.4	99.8	99.9	99.9	-125.608	1.12834	68.7014	-106.817	7.05312	-137.629	
0.56	7.8	35.3	4.8	45.1	16.8	0	87.9	32.1	97.6	73.3	31.8	100	100	100	62.1	55.2	100	99.9	37.2	99.9	99.9	98.6	99.4	99.8	99.9	99.9	-125.608	1.12834	68.7014	-106.817	7.05312	-137.629	
0.57	7.8	35.3	4.8	45.1	16.8	0	87.9	32.1	97.6	73.3	31.8	100	100	100	62.1	55.2	100	99.9	37.2	99.9	99.9	98.6	99.4	99.8	99.9	99.9	-125.608	1.12834	68.7014	-106.817	7.05312	-137.629	
0.58	7.8	35.3	4.8	45.1	16.8	0	87.9	32.1	97.6	73.3	31.8	100	100	100	62.1	55.2	100	99.9	37.2	99.9	99.9	98.6	99.4	99.8	99.9	99.9	-125.608	1.12834	68.7014	-106.817	7.05312	-137.629	
0.59	7.8	35.3	4.8	45.1	16.8	0	87.9	32.1	97.6	73.3	31.8	100	100	100	62.1	55.2	100	99.9	37.2	99.9	99.9	98.6	99.4	99.8	99.9	99.9	-125.608	1.12834	68.7014	-106.817	7.05312	-137.629	
0.6	7.8	35.3	4.8	45.1	16.8	0	87.9	32.1	97.6	73.3	31.8	100	100	100	62.1	55.2	100	99.9	37.2	99.9	99.9	98.6	99.4	99.8	99.9	99.9	-125.608	1.12834	68.7014	-106.817	7.05312	-137.629	
0.61	7.8	35.3	4.8	45.1	16.8	0	87.9	32.1	97.6	73.3	31.8	100	100	100	62.1	55.2	100	99.9	37.2	99.9	99.9	98.6	99.4	99.8	99.9	99.9	-125.608	1.12834	68.7014	-106.817	7.05312	-137.629	
0.62	7.8	35.3	4.8	45.1	16.8	0	87.9	32.1	97.6	73.3	31.8	100	100	100	62.1	55.2	100	99.9	37.2	99.9	99.9	98.6	99.4	99.8	99.9	99.9	-125.608	1.12834	68.7014	-106.817	7.05312	-137.629	
0.63	7.8	35.3	4.8	45.1	16.8	0	87.9	32.1	97.6	73.3	31.8	100	100	100	62.1	55.2	100	99.9	37.2	99.9	99.9	98.6	99.4	99.8	99.9	99.9	-125.608	1.12834	68.7014	-106.817	7.05312	-137.629	
0.64	7.8	35.3	4.8	45.1	16.8	0	87.9	32.1	97.6	73.3	31.8	100	100	100	62.1	55.2	100	99.9	37.2	99.9	99.9	98.6	99.4	99.8	99.9	99.9	-125.608	1.12834	68.7014	-106.817	7.05312	-137.629	
0.65	7.8	35.3	4.8	45.1	16.8	0	87.9	32.1	97.6	73.3	31.8	100	100	100	62.1	55.2	100	99.9	37.2	99.9	99.9	98.6	99.4	99.8	99.9	99.9	-125.608	1.12834	68.7014	-106.817	7.05312	-137.629	
0.66	7.8	35.3	4.8	45.1	16.8	0	87.9	32.1	97.6	73.3	31.8	100	100	100	62.1	55.2	100	99.9	37.2	99.9	99.9	98.6	99.4	99.8	99.9	99.9	-125.608	1.12834	68.7014	-106.817	7.05312	-137.629	
0.67	7.8	35.3	4.8	45.1	16.8	0	87.9	32.1	97.6	73.3	31.8	100	100	100	62.1	55.2	100	99.9	37.2	99.9	99.9	98.6	99.4	99.8	99.9	99.9	-125.608	1.12834	68.7014	-106.817	7.05312	-137.629	
0.68	7.8	35.3	4.8	45.1	16.8	0	87.9	32.1	97.6	73.3	31.8	100	100	100	62.1	55.2	100	99.9	37.2	99.9	99.9	98.6	99.4	99.8	99.9	99.9	-125.608	1.12834	68.7014	-106.817	7.05312	-137.629	
0.69	7.8	35.3	4.8	45.1	16.8	0	87.9	32.1	97.6	73.3	31.8	100	100	100	62.1	55.2	100	99.9	37.2	99.9	99.9	98.6	99.4	99.8	99.9	99.9	-125.608	1.12834	68.7014	-106.817	7.05312	-137.629	
0.7	7.8	35.3	4.8	45.1	16.8	0	87.9	32.1	97.6	73.3	31.8	100	100	100	62.1	55.2	100	99.9	37.2	99.9	99.9	98.6	99.4	99.8	99.9	99.9	-125.608	1.12834	68.7014	-106.817	7.05312	-137.629	
0.71	7.8	35.3	4.8	45.1	16.8	0	87.9	32.1	97.6	73.3	31.8	100	100	100	62.1	55.2	100	99.9	37.2	99.9	99.9	98.6	99.4	99.8	99.9	99.9	-125.608	1.12834	68.7014	-106.817	7.05312	-137.629	
0.72	7.8	35.3	4.8	45.1	16.8	0	87.9	32.1	97.6	73.3	31.8	100	100	100	62.1	55.2	100	99.9	37.2	99.9	99.9	98.6	99.4	99.8	99.9	99.9	-125.608	1.12834	68.7014	-106.817	7.05312	-137.629	
0.73	7.8	35.3	4.8	45.1	16.8	0	87.9	32.1	97.6	73.3	31.8	100	100	100	62.1	55.2	100	99.9	37.2	99.9	99.9	98.6	99.4	99.8	99.9	99.9	-125.608	1.12834	68.7014	-106.817	7.05312	-137.629	
0.74	7.9	36	4.9	42.7	16.5	0	87.7	31.4	97.4	73	30.4	100	100	100	61.6	54.8	100	99.9	39.6	99.9	99.9	98.4	99.9	99.9	99.9	99.8	-124.608	0.0453162	68.2492	-104.944	6.17114	-137.391	
0.75	7.9	36	4.9	42.7	16.5	0	87.7	31.4	97.4	73	30.4	100	100	100	61.6	54.8	100	99.9	39.6	99.9	99.9	98.4	99.9	99.9	99.9	99.8	-124.608	0.0453162	68.2492	-104.944	6.17114	-137.391	
0.76	7.9	36	4.9	42.7	16.5	0	87.7	31.4	97.4	73	30.4	100	100	100	61.6	54.8	100	99.9	39.6	99.9	99.9	98.4	99.9	99.9	99.9	99.8	-124.608	0.0453162	68.2492	-104.944	6.17114	-137.391	
0.77	7.9	36	4.9	42.7	16.5	0	87.7	31.4	97.4	73	30.4	100	100	100	61.6	54.8	100	99.9	39.6	99.9	99.9	98.4	99.9	99.9	99.9	99.8	-124.608	0.0453162	68.2492	-104.944	6.17114	-137.391	
0.78	7.9	36	4.9	42.7	16.5	0	87.7	31.4	97.4	73	30.4	100	100	100	61.6	54.8	100	99.9	39.6	99.9	99.9	98.4	99.9	99.9	99.9	99.8	-124.608	0.0453162	68.2492	-104.944	6.17114	-137.391	
0.79	7.9	36	4.9	42.7	16.5	0	87.7	31.4	97.4	73	30.4	100	100	100	61.6	54.8	100	99.9	39.6	99.9	99.9	98.4	99.9	99.9	99.9	99.8	-124.608	0.0453162	68.2492	-104.944	6.17114	-137.391	
0.8	7.9	36	4.9	42.7	16.5	0	87.7	31.4	97.4	73	30.4	100	100	100	61.6	54.8	100	99.9	39.6	99.9	99.9	98.4	99.9	99.9	99.9	99.8	-124.608	0.0453162	68.2492	-104.944	6.17114	-137.391	
0.81	7.9	36	4.9	42.7	16.5	0	87.7	31.4	97.4	73	30.4	100	100	100	61.6	54.8	100	99.9	39.6	99.9	99.9	98.4	99.9	99.9	99.9	99.8	-124.608	0.0453162	68.2492	-104.944	6.17114	-137.391	
0.82	7.9	36	4.9	42.7	16.5	0	87.7	31.4	97.4	73	30.4	100	100	100	61.6	54.8	100	99.9	39.6	99.9	99.9	98.4	99.9	99.9	99.9	99.8	-124.608	0.0453162	68.2492	-104.944	6.17114	-137.391	
0.83	7.9	36	4.9	42.7	16.5	0	87.7	31.4	97.4	73	30.4	100	100	100	61.6	54.8	100	99.9	39.6	99.9	99.9	98.4	99.9	99.9	99.9	99.8	-124.608	0.0453162	68.2492	-104.944	6.17114	-137.391	
0.84	7.9	36	4.9	42.7	16.5	0	87.7	31.4	97.4	73	30.4	100	100	100	61.6	54.8	100	99.9	39.6	99.9	99.9	98.4	99.9	99.9	99.9	99.8	-124.608	0.0453162	68.2492	-104.944	6.17114	-137.391	
0.85	7.9	36	4.9	42.7	16.5	0	87.7	31.4	97.4	73	30.4	100	100	100	61.6	54.8	100	99.9	39.6	99.9	99.9	98.4	99.9	99.9	99.9	99.8	-124.608	0.0453162	68.2492	-104.944	6.17114	-137.391	
0.86	7.9	36	4.9	42.7	16.5	0	87.7	31.4	97.4	73	30.4	100	100	100	61.6	54.8	100	99.9	39.6	99.9	99.9	98.4	99.9	99.9	99.9	99.8	-124.608	0.0453162	68.2492	-104.944	6.17114	-137.391	
0.87	7.9	36	4.9	42.7	16.5	0	87.7	31.4	97.4	73	30.4	100	100	100	61.6	54.8	100	99.9	39.6	99.9	99.9	98.4	99.9	99.9	99.9	99.8	-124.608	0.0453162	68.2492	-104.944	6.17114	-137.391	
0.88	7.9	36	4.9	42.7	16.5	0	87.7	31.4	97.4	73	30.4	100	100	100	61.6	54.8	100	99.9	39.6	99.9	99.9	98.4	99.9	99.9	99.9	99.8	-124.608	0.0453162	68.2492	-104.944	6.17114	-137.391	
0.89	7.9	36	4.9	42.7	16.5	0	87.7	31.4	97.4	73	30.4	100	100	100	61.6	54.8	100	99.9	39.6	99.9	99.9	98.4	99.9	99.9	99.9	99.8	-124.608	0.0453162	68.2492	-104.944	6.17114	-137.391	
0.9	7.9	36	4.9	42.7	16.5	0	87.7	31.4	97.4	73	30.4	100	100	100	61.6	54.8	100	99.9	39.6	99.9	99.9	98.4	99.9	99.9	99.9	99.8	-124.608	0.0453162	68.2492	-104.944	6.17114	-137.391	
0.91	7.9	36	4.9	42.7	16.5	0	87.7	31.4	97.4	73	30.4	100	100	100	61.6	54.8	100	99.9	39.6	99.9	99.9	98.4	99.9	99.9	99.9	99.8	-124.608	0.0453162	68.2492	-104.944	6.17114	-137.391	
0.92	7.9	36	4.9	42.7	16.5	0	87.7	31.4	97.4	73	30.4	100	100	100	61.6	54.8	100	99.9	39.6	99.9	99.9	98.4	99.9	99.9	99.9	99.8	-124.608	0.0453162	68.2492	-104.944	6.17114	-137.391	
0.93	7.9	36	4.9	42.7	16.5	0	87.7	31.4	97.4	73	30.4	100	100	100	61.6	54.8	100	99.9	39.6	99.9	99.9	98.4	99.9	99.9	99.9	99.8	-124.608	0.0453162	68.2492	-104.944	6.17114	-137.391	
0.94	7.9	36	4.9	42.7	16.5	0	87.7	31.4	97.4	73	30.4	100	100	100	61.6	54.8	100	99.9	39.6	99.9	99.9	98.4	99.9	99.9	99.9	99.8	-124.608	0.0453162	68.2492	-104.944	6.17114	-137.391	
0.95	7.9	36	4.9	42.7	16.5	0	87.7	31.4	97.4	73	30.4	100	100	100	61.6	54.8	100	99.9	39.6	99.9	99.9	98.4	99.9	99.9	99.9	99.8	-124.608	0.0453162	68.2492	-104.944	6.17114	-137.391	
0.96	7.9	36	4.9	42.7	16.5	0	87.7	31.4	97.4	73	30.4	100	100	100	61.6	54.8	100	99.9	39.6	99.9	99.9	98.4	99.9	99.9	99.9	99.8	-124.608	0.0453162	68.2492	-104.944	6.17114	-137.391	
0.97	7.9	36	4.9	42.7	16.5	0	87.7	31.4	97.4	73	30.4	100	100	100	61.6	54.8	100	99.9	39.6	99.9	99.9	98.4	99.9	99.9	99.9	99.8	-124.608	0.0453162	68.2492	-104.944	6.17114	-137.391	
0.98	7.9	36	4.9	42.7	16.5	0	87.7	31.4	97.4	73	30.4	100	100	100	61.6	54.8	100	99.9	39.6	99.9	99.9	98.4	99.9	99.9	99.9	99.8	-124.608	0.0453162	68.2492	-104.944	6.17114	-137.391	
0.99	7.9	36	4.9	42.7	16.5	0	87.7	31.4	97.4	73	30.4	100	100	100	61.6	54.8	100	99.9	39.6	99.9	99.9	98.4	99.9	99.9	99.9	99.8	-124.608	0.0453162	68.2492	-104.944	6.17114	-137.391	
1	7.9	36	4.9	42.7	16.5	0	87.7	31.4	97.4	73	30.4	100	100	100	61.6	54.8	100	99.9	39.6	99.9	99.9	98.4	99.9	99.9	99.9	99.8	-124.608	0.0453162	68.2492	-104.944	6.17114	-137.391	
1.01	7.9	36	4.9	42.7	16.5	0	87.7	31.4	97.4	73	30.4	100	100	100	61.6	54.8	100	99.9	39.6	99.9	99.9	98.4	99.9	99.9	99.9	99.8	-124.608	0.0453162	68.2492	-104.944	6.17114	-137.391	
1.02	7.9	36	4.9	42.7	16.5	0	87.7	31.4	97.4	73	30.4	100	100	100	61.6	54.8	100	99.9	39.6	99.9	99.9	98.4	99.9	99.9	99.9	99.8	-124.608	0.0453162	68.2492	-104.944	6.17114	-137.391	
1.03	7.9	36	4.9	42.7	16.5	0	87.7	31.4	97.4	73	30.4	100	100	100	61.6	54.8	100	99.9	39.6	99.9	99.9	98.4	99.9	99.9	99.9	99.8	-124.608	0.0453162	68.2492	-104.944	6.17114	-137.391	
1.04	7.9	36	4.9	42.7	16.5	0	87.7	31.4	97.4	73	30.4	100	100	100	61.6	54.8	100	99.9	39.6	99.9	99.9	98.4	99.9	99.9	99.9	99.8	-124.608	0.0453162	68.2492	-104.944	6.17114	-137.391	
1.05	7.9	36	4.9	42.7	16.5	0	87.7	31.4	97.4	73	30.4	100	100	100	61.6	54.8	100	99.9	39.6	99.9	99.9	98.4	99.9	99.9	99.9	99.8	-124.608	0.0453162	68.2492	-104.944	6.17114	-137.391	
1.06	7.9	36	4.9	42.7	16.5	0	87.7	31.4	97.4	73	30.4	100	100	100	61.6	54.8	100	99.9	39.6	99.9	99.9	98.4	99.9	99.9	99.9	99.8	-124.608	0.0453162	68.2492	-104.944	6.17114	-137.391	
1.07	7.9	36	4.9	42.7	16.5	0	87.7	31.4	97.4	73	30.4	100	100	100	61.6	54.8	100	99.9	39.6	99.9	99.9	98.4	99.9	99.9	99.9	99.8	-124.608	0.0453162	68.2492	-104.944	6.17114	-137.391	
1.08	7.9	36	4.9	42.7	16.5	0	87.7	31.4	97.4	73	30.4	100	100	100	61.6	54.8	100	99.9	39.6	99.9	99.9	98.4	99.9	99.9	99.9	99.8	-124.608	0.0453162	68.2492	-104.944	6.17114	-137.391	
1.09	7.9	36	4.9	42.7	16.5	0	87.7	31.4	97.4	73	30.4	100	100	100	61.6	54.8	100	99.9	39.6	99.9	99.9	98.4	99.9	99.9	99.9	99.8	-124.608	0.0453162	68.2492	-104.944	6.17114	-137.391	
1.1	7.9	36	4.9	42.7	16.5	0	87.7	31.4	97.4	73	30.4	100	100	100	61.6	54.8	100	99.9	39.6	99.9	99.9	98.4	99.9	99.9	99.9	99.8	-124.608	0.0453162	68.2492	-104.944	6.17114	-137.391	
1.11	7.9	35.7	4.9	40.5	15.8	0	87.3	32.5	97.5	73	29.5	100	100	100	61.4	53.9	100	99.9	40.8	99.9	99.9	98.8	99.9	99.9	99.7	99.5	-124.543	0.8956	67.931	-105.807	7.22879	-137.457	
1.12	7.9	35.7	4.9	40.5	15.8	0	87.3	32.5	97.5	73	29.5	100	100	100	61.4	53.9	100	99.9	40.8	99.9	99.9	98.8	99.9	99.9	99.7	99.5	-124.543	0.8956	67.931	-105.807	7.22879	-137.457	
1.13	7.9	35.7	4.9	40.5	15.8	0	87.3	32.5	97.5	73	29.5	100	100	100	61.4	53.9	100	99.9	40.8	99.9	99.9	98.8	99.9	99.9	99.7	99.5	-124.543	0.8956	67.931	-105.807	7.22879	-137.457	
1.14	7.9	35.7	4.9	40.5	15.8	0	87.3	32.5	97.5	73	29.5	100	100	100	61.4	53.9	100	99.9	40.8	99.9	99.9	98.8	99.9	99.9	99.7	99.5	-124.543	0.8956	67.931	-105.807	7.22879	-137.457	
1.15	7.9	35.7	4.9	40.5	15.8	0	87.3	32.5	97.5	73	29.5	100	100	100	61.4	53.9	100	99.9	40.8	99.9	99.9	98.8	99.9	99.9	99.7	99.5	-124.543	0.8956	67.931	-105.807	7.22879	-137.457	
1.16	7.9	35.7	4.9	40.5	15.8	0	87.3	32.5	97.5	73	29.5	100	100	100	61.4	53.9	100	99.9	40.8	99.9	99.9	98.8	99.9	99.9	99.7	99.5	-124.543	0.8956	67.931	-105.807	7.22879	-137.457	
1.17	7.9	35.7	4.9	40.5	15.8	0	87.3	32.5	97.5	73	29.5	100	100	100	61.4	53.9	100	99.9	40.8	99.9	99.9	98.8	99.9	99.9	99.7	99.5	-124.543	0.8956	67.931	-105.807	7.22879	-137.457	
1.18	7.9	35.7	4.9	40.5	15.8	0	87.3	32.5	97.5	73	29.5	100	100	100	61.4	53.9	100	99.9	40.8	99.9	99.9	98.8	99.9	99.9	99.7	99.5	-124.543	0.8956	67.931	-105.807	7.22879	-137.457	
1.19	7.9	35.7	4.9	40.5	15.8	0	87.3	32.5	97.5	73	29.5	100	100	100	61.4	53.9	100	99.9	40.8	99.9	99.9	98.8	99.9	99.9	99.7	99.5	-124.543	0.8956	67.931	-105.807	7.22879	-137.457	
1.2	7.9	35.7	4.9	40.5	15.8	0	87.3	32.5	97.5	73	29.5	100	100	100	61.4	53.9	100	99.9	40.8	99.9	99.9	98.8	99.9	99.9	99.7	99.5	-124.543	0.8956	67.931	-105.807	7.22879	-137.457	
1.21	7.9	35.7	4.9	40.5	15.8	0	87.3	32.5	97.5	73	29.5	100	100	100	61.4	53.9	100	99.9	40.8	99.9	99.9	98.8	99.9	99.9	99.7	99.5	-124.543	0.8956	67.931	-105.807	7.22879	-137.457	
1.22	7.9	35.7	4.9	40.5	15.8	0	87.3	32.5	97.5	73	29.5	100	100	100	61.4	53.9	100	99.9	40.8	99.9	99.9	98.8	99.9	99.9	99.7	99.5	-124.543	0.8956	67.931	-105.807	7.22879	-137.457	
1.23	7.9	35.7	4.9	40.5	15.8	0	87.3	32.5	97.5	73	29.5	100	100	100	61.4	53.9	100	99.9	40.8	99.9	99.9	98.8	99.9	99.9	99.7	99.5	-124.543	0.8956	67.931	-105.807	7.22879	-137.457	
1.24	7.9	35.7	4.9	40.5	15.8	0	87.3	32.5	97.5	73	29.5	100	100	100	61.4	53.9	100	99.9	40.8	99.9	99.9	98.8	99.9	99.9	99.7	99.5	-124.543	0.8956	67.931	-105.807	7.22879	-137.457	
1.25	7.9	35.7	4.9	40.5	15.8	0	87.3	32.5	97.5	73	29.5	100	100	100	61.4	53.9	100	99.9	40.8	99.9	99.9	98.8	99.9	99.9	99.7	99.5	-124.543	0.8956	67.931	-105.807	7.22879	-137.457	
1.26	7.9	35.7	4.9	40.5	15.8	0	87.3	32.5	97.5	73	29.5	100	100	100	61.4	53.9	100	99.9	40.8	99.9	99.9	98.8	99.9	99.9	99.7	99.5	-124.543	0.8956	67.931	-105.807	7.22879	-137.457	
1.27	7.9	35.7	4.9	40.5	15.8	0	87.3	32.5	97.5	73	29.5	100	100	100	61.4	53.9	100	99.9	40.8	99.9	99.9	98.8	99.9	99.9	99.7	99.5	-124.543	0.8956	67.931	-105.807	7.22879	-137.457	
1.28	7.9	35.7	4.9	40.5	15.8	0	87.3	32.5	97.5	73	29.5	100	100	100	61.4	53.9	100	99.9	40.8	99.9	99.9	98.8	99.9	99.9	99.7	99.5	-124.543	0.8956	67.931	-105.807	7.22879	-137.457	
1.29	7.9	35.7	4.9	40.5	15.8	0	87.3	32.5	97.5	73	29.5	100	100	100	61.4	53.9	100	99.9	40.8	99.9	99.9	98.8	99.9	99.9	99.7	99.5	-124.543	0.8956	67.931	-105.807	7.22879	-137.457	
1.3	7.9	35.7	4.9	40.5	15.8	0	87.3	32.5	97.5	73	29.5	100	100	100	61.4	53.9	100	99.9	40.8	99.9	99.9	98.8	99.9	99.9	99.7	99.5	-124.543	0.8956	67.931	-105.807	7.22879	-137.457	
1.31	7.9	35.7	4.9	40.5	15.8	0	87.3	32.5	97.5	73	29.5	100	100	100	61.4	53.9	100	99.9	40.8	99.9	99.9	98.8	99.9	99.9	99.7	99.5	-124.543	0.8956	67.931	-105.807	7.22879	-137.457	
1.32	7.9	35.7	4.9	40.5	15.8	0	87.3	32.5	97.5	73	29.5	100	100	100	61.4	53.9	100	99.9	40.8	99.9	99.9	98.8	99.9	99.9	99.7	99.5	-124.543	0.8956	67.931	-105.807	7.22879	-137.457	
1.33	7.9	35.7	4.9	40.5	15.8	0	87.3	32.5	97.5	73	29.5	100	100	100	61.4	53.9	100	99.9	40.8	99.9	99.9	98.8	99.9	99.9	99.7	99.5	-124.543	0.8956	67.931	-105.807	7.22879	-137.457	
1.34	7.9	35.7	4.9	40.5	15.8	0	87.3	32.5	97.5	73	29.5	100	100	100	61.4	53.9	100	99.9	40.8	99.9	99.9	98.8	99.9	99.9	99.7	99.5	-124.543	0.8956	67.931	-105.807	7.22879	-137.457	
1.35	7.9	35.7	4.9	40.5	15.8	0	87.3	32.5	97.5	73	29.5	100	100	100	61.4	53.9	100	99.9	40.8	99.9	99.9	98.8	99.9	99.9	99.7	99.5	-124.543	0.8956	67.931	-105.807	7.22879	-137.457	
1.36	7.9	35.7	4.9	40.5	15.8	0	87.3	32.5	97.5	73	29.5	100	100	100	61.4	53.9	100	99.9	40.8	99.9	99.9	98.8	99.9	99.9	99.7	99.5	-124.543	0.8956	67.931	-105.807	7.22879	-137.457	
1.37	7.9	35.7	4.9	40.5	15.8	0	87.3	32.5	97.5	73	29.5	100	100	100	61.4	53.9	100	99.9	40.8	99.9	99.9	98.8	99.9	99.9	99.7	99.5	-124.543	0.8956	67.931	-105.807	7.22879	-137.457	
1.38	7.9	35.7	4.9	40.5	15.8	0	87.3	32.5	97.5	73	29.5	100	100	100	61.4	53.9	100	99.9	40.8	99.9	99.9	98.8	99.9	99.9	99.7	99.5	-124.543	0.8956	67.931	-105.807	7.22879	-137.457	
1.39	7.9	35.7	4.9	40.5	15.8	0	87.3	32.5	97.5	73	29.5	100	100	100	61.4	53.9	100	99.9	40.8	99.9	99.9	98.8	99.9	99.9	99.7	99.5	-124.543	0.8956	67.931	-105.807	7.22879	-137.457	
1.4	7.9	35.7	4.9	40.5	15.8	0	87.3	32.5	97.5	73	29.5	100	100	100	61.4	53.9	100	99.9	40.8	99.9	99.9	98.8	99.9	99.9	99.7	99.5	-124.543	0.8956	67.931	-105.807	7.22879	-137.457	
1.41	7.9	35.7	4.9	40.5	15.8	0	87.3	32.5	97.5	73	29.5	100	100	100	61.4	53.9	100	99.9	40.8	99.9	99.9	98.8	99.9	99.9	99.7	99.5	-124.543	0.8956	67.931	-105.807	7.22879	-137.457	
1.42	7.9	35.7	4.9	40.5	15.8	0	87.3	32.5	97.5	73	29.5	100	100	100	61.4	53.9	100	99.9	40.8	99.9	99.9	98.8	99.9	99.9	99.7	99.5	-124.543	0.8956	67.931	-105.807	7.22879	-137.457	
1.43	7.9	35.7	4.9	40.5	15.8	0	87.3	32.5	97.5	73	29.5	100	100	100	61.4	53.9	100	99.9	40.8	99.9	99.9	98.8	99.9	99.9	99.7	99.5	-124.543	0.8956	67.931	-105.807	7.22879	-137.457	
1.44	7.9	35.7	4.9	40.5	15.8	0	87.3	32.5	97.5	73	29.5	100	100	100	61.4	53.9	100	99.9	40.8	99.9	99.9	98.8	99.9	99.9	99.7	99.5	-124.543	0.8956	67.931	-105.807	7.22879	-137.457	
1.45	7.9	35.7	4.9	40.5	15.8	0	87.3	32.5	97.5	73	29.5	100	100	100	61.4	53.9	100	99.9	40.8	99.9	99.9	98.8	99.9	99.9	99.7	99.5	-124.543	0.8956	67.931	-105.807	7.22879	-137.457	
1.46	7.9	35.7	4.9	40.5	15.8	0	87.3	32.5	97.5	73	29.5	100	100	100	61.4	53.9	100	99.9	40.8	99.9	99.9	98.8	99.9	99.9	99.7	99.5	-124.543	0.8956	67.931	-105.807	7.22879	-137.457	
1.47	7.9	35.7	4.9	40.5	15.8	0	87.3	32.5	97.5	73	29.5	100	100	100	61.4	53.9	100	99.9	40.8	99.9	99.9	98.8	99.9	99.9	99.7	99.5	-124.543	0.8956	67.931	-105.807	7.22879	-137.457	
1.48	8.2	35.9	5	42.4	15.5	0	87.3	36.9	97.5	72.7	29.8	100	100	100	61.7	53.1	100	99.9	38.5	99.9	99.9	99	99.9	99.7	99.5	99.9	-124.307	0.579386	67.7128	-105.379	7.00879	-137.566	
1.49	8.2	35.9	5	42.4	15.5	0	87.3	36.9	97.5	72.7	29.8	100	100	100	61.7	53.1	100	99.9	38.5	99.9	99.9	99	99.9	99.7	99.5	99.9	-124.307	0.579386	67.7128	-105.379	7.00879	-137.566	
1.5	8.2	35.9	5	42.4	15.5	0	87.3	36.9	97.5	72.7	29.8	100	100	100	61.7	53.1	100	99.9	38.5	99.9	99.9	99	99.9	99.7	99.5	99.9	-124.307	0.579386	67.7128	-105.379	7.00879	-137.566	
1.51	8.2	35.9	5	42.4	15.5	0	87.3	36.9	97.5	72.7	29.8	100	100	100	61.7	53.1	100	99.9	38.5	99.9	99.9	99	99.9	99.7	99.5	99.9	-124.307	0.579386	67.7128	-105.379	7.00879	-137.566	
1.52	8.2	35.9	5	42.4	15.5	0	87.3	36.9	97.5	72.7	29.8	100	100	100	61.7	53.1	100	99.9	38.5	99.9	99.9	99	99.9	99.7	99.5	99.9	-124.307	0.579386	67.7128	-105.379	7.00879	-137.566	
1.53	8.2	35.9	5	42.4	15.5	0	87.3	36.9	97.5	72.7	29.8	100	100	100	61.7	53.1	100	99.9	38.5	99.9	99.9	99	99.9	99.7	99.5	99.9	-124.307	0.579386	67.7128	-105.379	7.00879	-137.566	
1.54	8.2	35.9	5	42.4	15.5	0	87.3	36.9	97.5	72.7	29.8	100	100	100	61.7	53.1	100	99.9	38.5	99.9	99.9	99	99.9	99.7	99.5	99.9	-124.307	0.579386	67.7128	-105.379	7.00879	-137.566	
1.55	8.2	35.9	5	42.4	15.5	0	87.3	36.9	97.5	72.7	29.8	100	100	100	61.7	53.1	100	99.9	38.5	99.9	99.9	99	99.9	99.7	99.5	99.9	-124.307	0.579386	67.7128	-105.379	7.00879	-137.566	
1.56	8.2	35.9	5	42.4	15.5	0	87.3	36.9	97.5	72.7	29.8	100	100	100	61.7	53.1	100	99.9	38.5	99.9	99.9	99	99.9	99.7	99.5	99.9	-124.307	0.579386	67.7128	-105.379	7.00879	-137.566	
1.57	8.2	35.9	5	42.4	15.5	0	87.3	36.9	97.5	72.7	29.8	100	100	100	61.7	53.1	100	99.9	38.5	99.9	99.9	99	99.9	99.7	99.5	99.9	-124.307	0.579386	67.7128	-105.379	7.00879	-137.566	
1.58	8.2	35.9	5	42.4	15.5	0	87.3	36.9	97.5	72.7	29.8	100	100	100	61.7	53.1	100	99.9	38.5	99.9	99.9	99	99.9	99.7	99.5	99.9	-124.307	0.579386	67.7128	-105.379	7.00879	-137.566	
1.59	8.2	35.9	5	42.4	15.5	0	87.3	36.9	97.5	72.7	29.8	100	100	100	61.7	53.1	100	99.9	38.5	99.9	99.9	99	99.9	99.7	99.5	99.9	-124.307	0.579386	67.7128	-105.379	7.00879	-137.566	
1.6	8.2	35.9	5	42.4	15.5	0	87.3	36.9	97.5	72.7	29.8	100	100	100	61.7	53.1	100	99.9	38.5	99.9	99.9	99	99.9	99.7	99.5	99.9	-124.307	0.579386	67.7128	-105.379	7.00879	-137.566	
1.61	8.2	35.9	5	42.4	15.5	0	87.3	36.9	97.5	72.7	29.8	100	100	100	61.7	53.1	100	99.9	38.5	99.9	99.9	99	99.9	99.7	99.5	99.9	-124.307	0.579386	67.7128	-105.379	7.00879	-137.566	
1.62	8.2	35.9	5	42.4	15.5	0	87.3	36.9	97.5	72.7	29.8	100	100	100	61.7	53.1	100	99.9	38.5	99.9	99.9	99	99.9	99.7	99.5	99.9	-124.307	0.579386	67.7128	-105.379	7.00879	-137.566	
1.63	8.2	35.9	5	42.4	15.5	0	87.3	36.9	97.5	72.7	29.8	100	100	100	61.7	53.1	100	99.9	38.5	99.9	99.9	99	99.9	99.7	99.5	99.9	-124.307	0.579386	67.7128	-105.379	7.00879	-137.566	
1.64	8.2	35.9	5	42.4	15.5	0	87.3	36.9	97.5	72.7	29.8	100	100	100	61.7	53.1	100	99.9	38.5	99.9	99.9	99	99.9	99.7	99.5	99.9	-124.307	0.579386	67.7128	-105.379	7.00879	-137.566	
1.65	8.2	35.9	5	42.4	15.5	0	87.3	36.9	97.5	72.7	29.8	100	100	100	61.7	53.1	100	99.9	38.5	99.9	99.9	99	99.9	99.7	99.5	99.9	-124.307	0.579386	67.7128	-105.379	7.00879	-137.566	
1.66	8.2	35.9	5	42.4	15.5	0	87.3	36.9	97.5	72.7	29.8	100	100	100	61.7	53.1	100	99.9	38.5	99.9	99.9	99	99.9	99.7	99.5	99.9	-124.307	0.579386	67.7128	-105.379	7.00879	-137.566	
1.67	8.2	35.9	5	42.4	15.5	0	87.3	36.9	97.5	72.7	29.8	100	100	100	61.7	53.1	100	99.9	38.5	99.9	99.9	99	99.9	99.7	99.5	99.9	-124.307	0.579386	67.7128	-105.379	7.00879	-137.566	
1.68	8.2	35.9	5	42.4	15.5	0	87.3	36.9	97.5	72.7	29.8	100	100	100	61.7	53.1	100	99.9	38.5	99.9	99.9	99	99.9	99.7	99.5	99.9	-124.307	0.579386	67.7128	-105.379	7.00879	-137.566	
1.69	8.2	35.9	5	42.4	15.5	0	87.3	36.9	97.5	72.7	29.8	100	100	100	61.7	53.1	100	99.9	38.5	99.9	99.9	99	99.9	99.7	99.5	99.9	-124.307	0.579386	67.7128	-105.379	7.00879	-137.566	
1.7	8.2	35.9	5	42.4	15.5	0	87.3	36.9	97.5	72.7	29.8	100	100	100	61.7	53.1	100	99.9	38.5	99.9	99.9	99	99.9	99.7	99.5	99.9	-124.307	0.579386	67.7128	-105.379	7.00879	-137.566	
1.71	8.2	35.9	5	42.4	15.5	0	87.3	36.9	97.5	72.7	29.8	100	100	100	61.7	53.1	100	99.9	38.5	99.9	99.9	99	99.9	99.7	99.5	99.9	-124.307	0.579386	67.7128	-105.379	7.00879	-137.566	
1.72	8.2	35.9	5	42.4	15.5	0	87.3	36.9	97.5	72.7	29.8	100	100	100	61.7	53.1	100	99.9	38.5	99.9	99.9	99	99.9	99.7	99.5	99.9	-124.307	0.579386	67.7128	-105.379	7.00879	-137.566	
1.73	8.2	35.9	5	42.4	15.5	0	87.3	36.9	97.5	72.7	29.8	100	100	100	61.7	53.1	100	99.9	38.5	99.9	99.9	99	99.9	99.7	99.5	99.9	-124.307	0.579386	67.7128	-105.379	7.00879	-137.566	
1.74	8.2	35.9	5	42.4	15.5	0	87.3	36.9	97.5	72.7	29.8	100	100	100	61.7	53.1	100	99.9	38.5	99.9	99.9	99	99.9	99.7	99.5	99.9	-124.307	0.579386	67.7128	-105.379	7.00879	-137.566	
1.75	8.2	35.9	5	42.4	15.5	0	87.3	36.9	97.5	72.7	29.8	100	100	100	61.7	53.1	100	99.9	38.5	99.9	99.9	99	99.9	99.7	99.5	99.9	-124.307	0.579386	67.7128	-105.379	7.00879	-137.566	
1.76	8.2	35.9	5	42.4	15.5	0	87.3	36.9	97.5	72.7	29.8	100	100	100	61.7	53.1	100	99.9	38.5	99.9	99.9	99	99.9	99.7	99.5	99.9	-124.307	0.579386	67.7128	-105.379	7.00879	-137.566	
1.77	8.2	35.9	5	42.4	15.5	0	87.3	36.9	97.5	72.7	29.8	100	100	100	61.7	53.1	100	99.9	38.5	99.9	99.9	99	99.9	99.7	99.5	99.9	-124.307	0.579386	67.7128	-105.379	7.00879	-137.566	
1.78	8.2	35.9	5	42.4	15.5	0	87.3	36.9	97.5	72.7	29.8	100	100	100	61.7	53.1	100	99.9	38.5	99.9	99.9	99	99.9	99.7	99.5	99.9	-124.307	0.579386	67.7128	-105.379	7.00879	-137.566	
1.79	8.2	35.9	5	42.4	15.5	0	87.3	36.9	97.5	72.7	29.8	100	100	100	61.7	53.1	100	99.9	38.5	99.9	99.9	99	99.9	99.7	99.5	99.9	-124.307	0.579386	67.7128	-105.379	7.00879	-137.566	
1.8	8.2	35.9	5	42.4	15.5	0	87.3	36.9	97.5	72.7	29.8	100	100	100	61.7	53.1	100	99.9	38.5	99.9	99.9	99	99.9	99.7	99.5	99.9	-124.307	0.579386	67.7128	-105.379	7.00879	-137.566	
1.81	8.2	35.9	5	42.4	15.5	0	87.3	36.9	97.5	72.7	29.8	100	100	100	61.7	53.1	100	99.9	38.5	99.9	99.9	99	99.9	99.7	99.5	99.9	-124.307	0.579386	67.7128	-105.379	7.00879	-137.566	
1.82	8.2	35.9	5	42.4	15.5	0	87.3	36.9	97.5	72.7	29.8	100	100	100	61.7	53.1	100	99.9	38.5	99.9	99.9	99	99.9	99.7	99.5	99.9	-124.307	0.579386	67.7128	-105.379	7.00879	-137.566	
1.83	8.2	35.9	5	42.4	15.5	0	87.3	36.9	97.5	72.7	29.8	100	100	100	61.7	53.1	100	99.9	38.5	99.9	99.9	99	99.9	99.7	99.5	99.9	-124.307	0.579386	67.7128	-105.379	7.00879	-137.566	
1.84	8.3	35.9	5.1	42.9	15.2	0	87.2	36.8	97.4	72.7	29.2	100	100	100	61.2	53.4	100	99.9	37.6	99.9	99.9	98.5	99.4	99.9	99.9	99.9	-124.418	0.969473	67.877	-104.822	7.31039	-137.57	
1.85	8.3	36.1	5.4	45.4	15	0.3	87	39.6	97.1	72.6	30	100	27	63.5	61.3	52.7	100	99.9	37.8	99.9	99.9	99.3	99.9	99.4	99.8	99.9	-124.089	0.49627	68.35	-105.925	7.03582	-137.665	
1.86	8.3	36.1	5.4	45.4	15	0.3	87	39.6	97.1	72.6	30	100	27	63.5	61.3	52.7	100	99.9	37.8	99.9	99.9	99.3	99.9	99.4	99.8	99.9	-124.089	0.49627	68.35	-105.925	7.03582	-137.665	
1.87	8.3	36.1	5.4	45.4	15	0.3	87	39.6	97.1	72.6	30	100	27	63.5	61.3	52.7	100	99.9	37.8	99.9	99.9	99.3	99.9	99.4	99.8	99.9	-124.089	0.49627	68.35	-105.925	7.03582	-137.665	
1.88	8.3	36.1	5.4	45.4	15	0.3	87	39.6	97.1	72.6	30	100	27	63.5	61.3	52.7	100	99.9	37.8	99.9	99.9	99.3	99.9	99.4	99.8	99.9	-124.089	0.49627	68.35	-105.925	7.03582	-137.665	
1.89	8.3	36.1	5.4	45.4	15	0.3	87	39.6	97.1	72.6	30	100	27	63.5	61.3	52.7	100	99.9	37.8	99.9	99.9	99.3	99.9	99.4	99.8	99.9	-124.089	0.49627	68.35	-105.925	7.03582	-137.665	
1.9	8.3	36.1	5.4	45.4	15	0.3	87	39.6	97.1	72.6	30	100	27	63.5	61.3	52.7	100	99.9	37.8	99.9	99.9	99.3	99.9	99.4	99.8	99.9	-124.089	0.49627	68.35	-105.925	7.03582	-137.665	
1.91	8.3	36.1	5.4	45.4	15	0.3	87	39.6	97.1	72.6	30	100	27	63.5	61.3	52.7	100	99.9	37.8	99.9	99.9	99.3	99.9	99.4	99.8	99.9	-124.089	0.49627	68.35	-105.925	7.03582	-137.665	
1.92	8.3	36.1	5.4	45.4	15	0.3	87	39.6	97.1	72.6	30	100	27	63.5	61.3	52.7	100	99.9	37.8	99.9	99.9	99.3	99.9	99.4	99.8	99.9	-124.089	0.49627	68.35	-105.925	7.03582	-137.665	
1.93	8.3	36.1	5.4	45.4	15	0.3	87	39.6	97.1	72.6	30	100	27	63.5	61.3	52.7	100	99.9	37.8	99.9	99.9	99.3	99.9	99.4	99.8	99.9	-124.089	0.49627	68.35	-105.925	7.03582	-137.665	
1.94	8.3	36.1	5.4	45.4	15	0.3	87	39.6	97.1	72.6	30	100	27	63.5	61.3	52.7	100	99.9	37.8	99.9	99.9	99.3	99.9	99.4	99.8	99.9	-124.089	0.49627	68.35	-105.925	7.03582	-137.665	
1.95	8.3	36.1	5.4	45.4	15	0.3	87	39.6	97.1	72.6	30	100	27	63.5	61.3	52.7	100	99.9	37.8	99.9	99.9	99.3	99.9	99.4	99.8	99.9	-124.089	0.49627	68.35	-105.925	7.03582	-137.665	
1.96	8.3	36.1	5.4	45.4	15	0.3	87	39.6	97.1	72.6	30	100	27	63.5	61.3	52.7	100	99.9	37.8	99.9	99.9	99.3	99.9	99.4	99.8	99.9	-124.089	0.49627	68.35	-105.925	7.03582	-137.665	
1.97	8.3	36.1	5.4	45.4	15	0.3	87	39.6	97.1	72.6	30	100	27	63.5	61.3	52.7	100	99.9	37.8	99.9	99.9	99.3	99.9	99.4	99.8	99.9	-124.089	0.49627	68.35	-105.925	7.03582	-137.665	
1.98	8.3	36.1	5.4	45.4	15	0.3	87	39.6	97.1	72.6	30	100	27	63.5	61.3	52.7	100	99.9	37.8	99.9	99.9	99.3	99.9	99.4	99.8	99.9	-124.089	0.49627	68.35	-105.925	7.03582	-137.665	
1.99	8.3	36.1	5.4	45.4	15	0.3	87	39.6	97.1	72.6	30	100	27	63.5	61.3	52.7	100	99.9	37.8	99.9	99.9	99.3	99.9	99.4	99.8	99.9	-124.089	0.49627	68.35	-105.925	7.03582	-137.665	
2	8.3	36.1	5.4	45.4	15	0.3	87	39.6	97.1	72.6	30	100	27	63.5	61.3	52.7	100	99.9	37.8	99.9	99.9	99.3	99.9	99.4	99.8	99.9	-124.089	0.49627	68.35	-105.925	7.03582	-137.665	
2.01	8.3	36.1	5.4	45.4	15	0.3	87	39.6	97.1	72.6	30	100	27	63.5	61.3	52.7	100	99.9	37.8	99.9	99.9	99.3	99.9	99.4	99.8	99.9	-124.089	0.49627	68.35	-105.925	7.03582	-137.665	
2.02	8.3	36.1	5.4	45.4	15	0.3	87	39.6	97.1	72.6	30	100	27	63.5	61.3	52.7	100	99.9	37.8	99.9	99.9	99.3	99.9	99.4	99.8	99.9	-124.089	0.49627	68.35	-105.925	7.03582	-137.665	
2.03	8.3	36.1	5.4	45.4	15	0.3	87	39.6	97.1	72.6	30	100	27	63.5	61.3	52.7	100	99.9	37.8	99.9	99.9	99.3	99.9	99.4	99.8	99.9	-124.089	0.49627	68.35	-105.925	7.03582	-137.665	
2.04	8.3	36.1	5.4	45.4	15	0.3	87	39.6	97.1	72.6	30	100	27	63.5	61.3	52.7	100	99.9	37.8	99.9	99.9	99.3	99.9	99.4	99.8	99.9	-124.089	0.49627	68.35	-105.925	7.03582	-137.665	
2.05	8.3	36.1	5.4	45.4	15	0.3	87	39.6	97.1	72.6	30	100	27	63.5	61.3	52.7	100	99.9	37.8	99.9	99.9	99.3	99.9	99.4	99.8	99.9	-124.089	0.49627	68.35	-105.925	7.03582	-137.665	
2.06	8.3	36.1	5.4	45.4	15	0.3	87	39.6	97.1	72.6	30	100	27	63.5	61.3	52.7	100	99.9	37.8	99.9	99.9	99.3	99.9	99.4	99.8	99.9	-124.089	0.49627	68.35	-105.925	7.03582	-137.665	
2.07	8.3	36.1	5.4	45.4	15	0.3	87	39.6	97.1	72.6	30	100	27	63.5	61.3	52.7	100	99.9	37.8	99.9	99.9	99.3	99.9	99.4	99.8	99.9	-124.089	0.49627	68.35	-105.925	7.03582	-137.665	
2.08	8.3	36.1	5.4	45.4	15	0.3	87	39.6	97.1	72.6	30	100	27	63.5	61.3	52.7	100	99.9	37.8	99.9	99.9	99.3	99.9	99.4	99.8	99.9	-124.089	0.49627	68.35	-105.925	7.03582	-137.665	
2.09	8.3	36.1	5.4	45.4	15	0.3	87	39.6	97.1	72.6	30	100	27	63.5	61.3	52.7	100	99.9	37.8	99.9	99.9	99.3	99.9	99.4	99.8	99.9	-124.089	0.49627	68.35	-105.925	7.03582	-137.665	
2.1	8.3	36.1	5.4	45.4	15	0.3	87	39.6	97.1	72.6	30	100	27	63.5	61.3	52.7	100	99.9	37.8	99.9	99.9	99.3	99.9	99.4	99.8	99.9	-124.089	0.49627	68.35	-105.925	7.03582	-137.665	
2.11	8.3	36.1	5.4	45.4	15	0.3	87	39.6	97.1	72.6	30	100	27	63.5	61.3	52.7	100	99.9	37.8	99.9	99.9	99.3	99.9	99.4	99.8	99.9	-124.089	0.49627	68.35	-105.925	7.03582	-137.665	
2.12	8.3	36.1	5.4	45.4	15	0.3	87	39.6	97.1	72.6	30	100	27	63.5	61.3	52.7	100	99.9	37.8	99.9	99.9	99.3	99.9	99.4	99.8	99.9	-124.089	0.49627	68.35	-105.925	7.03582	-137.665	
2.13	8.3	36.1	5.4	45.4	15	0.3	87	39.6	97.1	72.6	30	100	27	63.5	61.3	52.7	100	99.9	37.8	99.9	99.9	99.3	99.9	99.4	99.8	99.9	-124.089	0.49627	68.35	-105.925	7.03582	-137.665	
2.14	8.3	36.1	5.4	45.4	15	0.3	87	39.6	97.1	72.6	30	100	27	63.5	61.3	52.7	100	99.9	37.8	99.9	99.9	99.3	99.9	99.4	99.8	99.9	-124.089	0.49627	68.35	-105.925	7.03582	-137.665	
2.15	8.3	36.1	5.4	45.4	15	0.3	87	39.6	97.1	72.6	30	100	27	63.5	61.3	52.7	100	99.9	37.8	99.9	99.9	99.3	99.9	99.4	99.8	99.9	-124.089	0.49627	68.35	-105.925	7.03582	-137.665	
2.16	8.3	36.1	5.4	45.4	15	0.3	87	39.6	97.1	72.6	30	100	27	63.5	61.3	52.7	100	99.9	37.8	99.9	99.9	99.3	99.9	99.4	99.8	99.9	-124.089	0.49627	68.35	-105.925	7.03582	-137.665	
2.17	8.3	36.1	5.4	45.4	15	0.3	87	39.6	97.1	72.6	30	100	27	63.5	61.3	52.7	100	99.9	37.8	99.9	99.9	99.3	99.9	99.4	99.8	99.9	-124.089	0.49627	68.35	-105.925	7.03582	-137.665	
2.18	8.3	36.1	5.4	45.4	15	0.3	87	39.6	97.1	72.6	30	100	27	63.5	61.3	52.7	100	99.9	37.8	99.9	99.9	99.3	99.9	99.4	99.8	99.9	-124.089	0.49627	68.35	-105.925	7.03582	-137.665	
2.19	8.3	36.1	5.4	45.4	15	0.3	87	39.6	97.1	72.6	30	100	27	63.5	61.3	52.7	100	99.9	37.8	99.9	99.9	99.3	99.9	99.4	99.8	99.9	-124.089	0.49627	68.35	-105.925	7.03582	-137.665	
2.2	8.3	36.1	5.4	45.4	15	0.3	87	39.6	97.1	72.6	30	100	27	63.5	61.3	52.7	100	99.9	37.8	99.9	99.9	99.3	99.9	99.4	99.8	99.9	-124.089	0.49627	68.35	-105.925	7.03582	-137.665	
2.21	8.4	35.9	5.4	47.2	14.9	0.7	87.4	40	97.1	72.7	29.1	100	26.3	63.15	61.1	53.1	99.9	99.9	38	99.9	99.9	99.1	99.9	99.8	99.4	99.9	-124.717	0.0345618	68.2192	-105.864	6.99835	-137.682	
2.22	8.6	35.8	5.3	48.6	14.9	1	86.8	39.3	97.1	72.4	29.2	100	26.8	63.4	61.7	52.6	99.9	99.9	36.1	99.9	99.9	99	99.8	99.4	99.8	99.9	-124.443	0.281599	68.4857	-105.418	7.01698	-137.643	
2.23	8.6	35.8	5.3	48.6	14.9	1	86.8	39.3	97.1	72.4	29.2	100	26.8	63.4	61.7	52.6	99.9	99.9	36.1	99.9	99.9	99	99.8	99.4	99.8	99.9	-124.443	0.281599	68.4857	-105.418	7.01698	-137.643	
2.24	8.6	35.8	5.3	48.6	14.9	1	86.8	39.3	97.1	72.4	29.2	100	26.8	63.4	61.7	52.6	99.9	99.9	36.1	99.9	99.9	99	99.8	99.4	99.8	99.9	-124.443	0.281599	68.4857	-105.418	7.01698	-137.643	
2.25	8.6	35.8	5.3	48.6	14.9	1	86.8	39.3	97.1	72.4	29.2	100	26.8	63.4	61.7	52.6	99.9	99.9	36.1	99.9	99.9	99	99.8	99.4	99.8	99.9	-124.443	0.281599	68.4857	-105.418	7.01698	-137.643	
2.26	8.6	35.8	5.3	48.6	14.9	1	86.8	39.3	97.1	72.4	29.2	100	26.8	63.4	61.7	52.6	99.9	99.9	36.1	99.9	99.9	99	99.8	99.4	99.8	99.9	-124.443	0.281599	68.4857	-105.418	7.01698	-137.643	
2.27	8.6	35.8	5.3	48.6	14.9	1	86.8	39.3	97.1	72.4	29.2	100	26.8	63.4	61.7	52.6	99.9	99.9	36.1	99.9	99.9	99	99.8	99.4	99.8	99.9	-124.443	0.281599	68.4857	-105.418	7.01698	-137.643	
2.28	8.6	35.8	5.3	48.6	14.9	1	86.8	39.3	97.1	72.4	29.2	100	26.8	63.4	61.7	52.6	99.9	99.9	36.1	99.9	99.9	99	99.8	99.4	99.8	99.9	-124.443	0.281599	68.4857	-105.418	7.01698	-137.643	
2.29	8.6	35.8	5.3	48.6	14.9	1	86.8	39.3	97.1	72.4	29.2	100	26.8	63.4	61.7	52.6	99.9	99.9	36.1	99.9	99.9	99	99.8	99.4	99.8	99.9	-124.443	0.281599	68.4857	-105.418	7.01698	-137.643	
2.3	8.6	35.8	5.3	48.6	14.9	1	86.8	39.3	97.1	72.4	29.2	100	26.8	63.4	61.7	52.6	99.9	99.9	36.1	99.9	99.9	99	99.8	99.4	99.8	99.9	-124.443	0.281599	68.4857	-105.418	7.01698	-137.643	
2.31	8.6	35.8	5.3	48.6	14.9	1	86.8	39.3	97.1	72.4	29.2	100	26.8	63.4	61.7	52.6	99.9	99.9	36.1	99.9	99.9	99	99.8	99.4	99.8	99.9	-124.443	0.281599	68.4857	-105.418	7.01698	-137.643	
2.32	8.6	35.8	5.3	48.6	14.9	1	86.8	39.3	97.1	72.4	29.2	100	26.8	63.4	61.7	52.6	99.9	99.9	36.1	99.9	99.9	99	99.8	99.4	99.8	99.9	-124.443	0.281599	68.4857	-105.418	7.01698	-137.643	
2.33	8.6	35.8	5.3	48.6	14.9	1	86.8	39.3	97.1	72.4	29.2	100	26.8	63.4	61.7	52.6	99.9	99.9	36.1	99.9	99.9	99	99.8	99.4	99.8	99.9	-124.443	0.281599	68.4857	-105.418	7.01698	-137.643	
2.34	8.6	35.8	5.3	48.6	14.9	1	86.8	39.3	97.1	72.4	29.2	100	26.8	63.4	61.7	52.6	99.9	99.9	36.1	99.9	99.9	99	99.8	99.4	99.8	99.9	-124.443	0.281599	68.4857	-105.418	7.01698	-137.643	
2.35	8.6	35.8	5.3	48.6	14.9	1	86.8	39.3	97.1	72.4	29.2	100	26.8	63.4	61.7	52.6	99.9	99.9	36.1	99.9	99.9	99	99.8	99.4	99.8	99.9	-124.443	0.281599	68.4857	-105.418	7.01698	-137.643	
2.36	8.6	35.8	5.3	48.6	14.9	1	86.8	39.3	97.1	72.4	29.2	100	26.8	63.4	61.7	52.6	99.9	99.9	36.1	99.9	99.9	99	99.8	99.4	99.8	99.9	-124.443	0.281599	68.4857	-105.418	7.01698	-137.643	
2.37	8.6	35.8	5.3	48.6	14.9	1	86.8	39.3	97.1	72.4	29.2	100	26.8	63.4	61.7	52.6	99.9	99.9	36.1	99.9	99.9	99	99.8	99.4	99.8	99.9	-124.443	0.281599	68.4857	-105.418	7.01698	-137.643	
2.38	8.6	35.8	5.3	48.6	14.9	1	86.8	39.3	97.1	72.4	29.2	100	26.8	63.4	61.7	52.6	99.9	99.9	36.1	99.9	99.9	99	99.8	99.4	99.8	99.9	-124.443	0.281599	68.4857	-105.418	7.01698	-137.643	
2.39	8.6	35.8	5.3	48.6	14.9	1	86.8	39.3	97.1	72.4	29.2	100	26.8	63.4	61.7	52.6	99.9	99.9	36.1	99.9	99.9	99	99.8	99.4	99.8	99.9	-124.443	0.281599	68.4857	-105.418	7.01698	-137.643	
2.4	8.6	35.8	5.3	48.6	14.9	1	86.8	39.3	97.1	72.4	29.2	100	26.8	63.4	61.7	52.6	99.9	99.9	36.1	99.9	99.9	99	99.8	99.4	99.8	99.9	-124.443	0.281599	68.4857	-105.418	7.01698	-137.643	
2.41	8.6	35.8	5.3	48.6	14.9	1	86.8	39.3	97.1	72.4	29.2	100	26.8	63.4	61.7	52.6	99.9	99.9	36.1	99.9	99.9	99	99.8	99.4	99.8	99.9	-124.443	0.281599	68.4857	-105.418	7.01698	-137.643	
2.42	8.6	35.8	5.3	48.6	14.9	1	86.8	39.3	97.1	72.4	29.2	100	26.8	63.4	61.7	52.6	99.9	99.9	36.1	99.9	99.9	99	99.8	99.4	99.8	99.9	-124.443	0.281599	68.4857	-105.418	7.01698	-137.643	
2.43	8.6	35.8	5.3	48.6	14.9	1	86.8	39.3	97.1	72.4	29.2	100	26.8	63.4	61.7	52.6	99.9	99.9	36.1	99.9	99.9	99	99.8	99.4	99.8	99.9	-124.443	0.281599	68.4857	-105.418	7.01698	-137.643	
2.44	8.6	35.8	5.3	48.6	14.9	1	86.8	39.3	97.1	72.4	29.2	100	26.8	63.4	61.7	52.6	99.9	99.9	36.1	99.9	99.9	99	99.8	99.4	99.8	99.9	-124.443	0.281599	68.4857	-105.418	7.01698	-137.643	
2.45	8.6	35.8	5.3	48.6	14.9	1	86.8	39.3	97.1	72.4	29.2	100	26.8	63.4	61.7	52.6	99.9	99.9	36.1	99.9	99.9	99	99.8	99.4	99.8	99.9	-124.443	0.281599	68.4857	-105.418	7.01698	-137.643	
2.46	8.6	35.8	5.3	48.6	14.9	1	86.8	39.3	97.1	72.4	29.2	100	26.8	63.4	61.7	52.6	99.9	99.9	36.1	99.9	99.9	99	99.8	99.4	99.8	99.9	-124.443	0.281599	68.4857	-105.418	7.01698	-137.643	
2.47	8.6	35.8	5.3	48.6	14.9	1	86.8	39.3	97.1	72.4	29.2	100	26.8	63.4	61.7	52.6	99.9	99.9	36.1	99.9	99.9	99	99.8	99.4	99.8	99.9	-124.443	0.281599	68.4857	-105.418	7.01698	-137.643	
2.48	8.6	35.8	5.3	48.6	14.9	1	86.8	39.3	97.1	72.4	29.2	100	26.8	63.4	61.7	52.6	99.9	99.9	36.1	99.9	99.9	99	99.8	99.4	99.8	99.9	-124.443	0.281599	68.4857	-105.418	7.01698	-137.643	
2.49	8.6	35.8	5.3	48.6	14.9	1	86.8	39.3	97.1	72.4	29.2	100	26.8	63.4	61.7	52.6	99.9	99.9	36.1	99.9	99.9	99	99.8	99.4	99.8	99.9	-124.443	0.281599	68.4857	-105.418	7.01698	-137.643	
2.5	8.6	35.8	5.3	48.6	14.9	1	86.8	39.3	97.1	72.4	29.2	100	26.8	63.4	61.7	52.6	99.9	99.9	36.1	99.9	99.9	99	99.8	99.4	99.8	99.9	-124.443	0.281599	68.4857	-105.418	7.01698	-137.643	
2.51	8.6	35.8	5.3	48.6	14.9	1	86.8	39.3	97.1	72.4	29.2	100	26.8	63.4	61.7	52.6	99.9	99.9	36.1	99.9	99.9	99	99.8	99.4	99.8	99.9	-124.443	0.281599	68.4857	-105.418	7.01698	-137.643	
2.52	8.6	35.8	5.3	48.6	14.9	1	86.8	39.3	97.1	72.4	29.2	100	26.8	63.4	61.7	52.6	99.9	99.9	36.1	99.9	99.9	99	99.8	99.4	99.8	99.9	-124.443	0.281599	68.4857	-105.418	7.01698	-137.643	
2.53	8.6	35.8	5.3	48.6	14.9	1	86.8	39.3	97.1	72.4	29.2	100	26.8	63.4	61.7	52.6	99.9	99.9	36.1	99.9	99.9	99	99.8	99.4	99.8	99.9	-124.443	0.281599	68.4857	-105.418	7.01698	-137.643	
2.54	8.6	35.8	5.3	48.6	14.9	1	86.8	39.3	97.1	72.4	29.2	100	26.8	63.4	61.7	52.6	99.9	99.9	36.1	99.9	99.9	99	99.8	99.4	99.8	99.9	-124.443	0.281599	68.4857	-105.418	7.01698	-137.643	
2.55	8.6	35.8	5.3	48.6	14.9	1	86.8	39.3	97.1	72.4	29.2	100	26.8	63.4	61.7	52.6	99.9	99.9	36.1	99.9	99.9	99	99.8	99.4	99.8	99.9	-124.443	0.281599	68.4857	-105.418	7.01698	-137.643	
2.56	8.6	35.8	5.3	48.6	14.9	1	86.8	39.3	97.1	72.4	29.2	100	26.8	63.4	61.7	52.6	99.9	99.9	36.1	99.9	99.9	99	99.8	99.4	99.8	99.9	-124.443	0.281599	68.4857	-105.418	7.01698	-137.643	
2.57	8.6	35.8	5.3	48.6	14.9	1	86.8	39.3	97.1	72.4	29.2	100	26.8	63.4	61.7	52.6	99.9	99.9	36.1	99.9	99.9	99	99.8	99.4	99.8	99.9	-124.443	0.281599	68.4857	-105.418	7.01698	-137.643	
2.58	8.6	35.8	5.3	48.6	14.9	1	86.8	39.3	97.1	72.4	29.2	100	26.8	63.4	61.7	52.6	99.9	99.9	36.1	99.9	99.9	99	99.8	99.4	99.8	99.9	-124.443	0.281599	68.4857	-105.418	7.01698	-137.643	
2.59	9.2	36.2	5.3	50.4	14.8	1.8	87	41.2	96.7	71.5	27.2	100	21.2	60.6	61.9	53.7	100	99.9	35.4	99.9	99.9	99.4	99.9	99.6	99.4	99.8	-125.199	-0.398043	68.8502	-106.306	6.99087	-137.667	
2.6	9.2	36.2	5.3	50.4	14.8	1.8	87	41.2	96.7	71.5	27.2	100	21.2	60.6	61.9	53.7	100	99.9	35.4	99.9	99.9	99.4	99.9	99.6	99.4	99.8	-125.199	-0.398043	68.8502	-106.306	6.99087	-137.667	
2.61	9.2	36.2	5.3	50.4	14.8	1.8	87	41.2	96.7	71.5	27.2	100	21.2	60.6	61.9	53.7	100	99.9	35.4	99.9	99.9	99.4	99.9	99.6	99.4	99.8	-125.199	-0.398043	68.8502	-106.306	6.99087	-137.667	
2.62	9.2	36.2	5.3	50.4	14.8	1.8	87	41.2	96.7	71.5	27.2	100	21.2	60.6	61.9	53.7	100	99.9	35.4	99.9	99.9	99.4	99.9	99.6	99.4	99.8	-125.199	-0.398043	68.8502	-106.306	6.99087	-137.667	
2.63	9.2	36.2	5.3	50.4	14.8	1.8	87	41.2	96.7	71.5	27.2	100	21.2	60.6	61.9	53.7	100	99.9	35.4	99.9	99.9	99.4	99.9	99.6	99.4	99.8	-125.199	-0.398043	68.8502	-106.306	6.99087	-137.667	
2.64	9.2	36.2	5.3	50.4	14.8	1.8	87	41.2	96.7	71.5	27.2	100	21.2	60.6	61.9	53.7	100	99.9	35.4	99.9	99.9	99.4	99.9	99.6	99.4	99.8	-125.199	-0.398043	68.8502	-106.306	6.99087	-137.667	
2.65	9.2	36.2	5.3	50.4	14.8	1.8	87	41.2	96.7	71.5	27.2	100	21.2	60.6	61.9	53.7	100	99.9	35.4	99.9	99.9	99.4	99.9	99.6	99.4	99.8	-125.199	-0.398043	68.8502	-106.306	6.99087	-137.667	
2.66	9.2	36.2	5.3	50.4	14.8	1.8	87	41.2	96.7	71.5	27.2	100	21.2	60.6	61.9	53.7	100	99.9	35.4	99.9	99.9	99.4	99.9	99.6	99.4	99.8	-125.199	-0.398043	68.8502	-106.306	6.99087	-137.667	
2.67	9.2	36.2	5.3	50.4	14.8	1.8	87	41.2	96.7	71.5	27.2	100	21.2	60.6	61.9	53.7	100	99.9	35.4	99.9	99.9	99.4	99.9	99.6	99.4	99.8	-125.199	-0.398043	68.8502	-106.306	6.99087	-137.667	
2.68	9.2	36.2	5.3	50.4	14.8	1.8	87	41.2	96.7	71.5	27.2	100	21.2	60.6	61.9	53.7	100	99.9	35.4	99.9	99.9	99.4	99.9	99.6	99.4	99.8	-125.199	-0.398043	68.8502	-106.306	6.99087	-137.667	
2.69	9.2	36.2	5.3	50.4	14.8	1.8	87	41.2	96.7	71.5	27.2	100	21.2	60.6	61.9	53.7	100	99.9	35.4	99.9	99.9	99.4	99.9	99.6	99.4	99.8	-125.199	-0.398043	68.8502	-106.306	6.99087	-137.667	
2.7	9.2	36.2	5.3	50.4	14.8	1.8	87	41.2	96.7	71.5	27.2	100	21.2	60.6	61.9	53.7	100	99.9	35.4	99.9	99.9	99.4	99.9	99.6	99.4	99.8	-125.199	-0.398043	68.8502	-106.306	6.99087	-137.667	
2.71	9.2	36.2	5.3	50.4	14.8	1.8	87	41.2	96.7	71.5	27.2	100	21.2	60.6	61.9	53.7	100	99.9	35.4	99.9	99.9	99.4	99.9	99.6	99.4	99.8	-125.199	-0.398043	68.8502	-106.306	6.99087	-137.667	
2.72	9.2	36.2	5.3	50.4	14.8	1.8	87	41.2	96.7	71.5	27.2	100	21.2	60.6	61.9	53.7	100	99.9	35.4	99.9	99.9	99.4	99.9	99.6	99.4	99.8	-125.199	-0.398043	68.8502	-106.306	6.99087	-137.667	
2.73	9.2	36.2	5.3	50.4	14.8	1.8	87	41.2	96.7	71.5	27.2	100	21.2	60.6	61.9	53.7	100	99.9	35.4	99.9	99.9	99.4	99.9	99.6	99.4	99.8	-125.199	-0.398043	68.8502	-106.306	6.99087	-137.667	
2.74	9.2	36.2	5.3	50.4	14.8	1.8	87	41.2	96.7	71.5	27.2	100	21.2	60.6	61.9	53.7	100	99.9	35.4	99.9	99.9	99.4	99.9	99.6	99.4	99.8	-125.199	-0.398043	68.8502	-106.306	6.99087	-137.667	
2.75	9.2	36.2	5.3	50.4	14.8	1.8	87	41.2	96.7	71.5	27.2	100	21.2	60.6	61.9	53.7	100	99.9	35.4	99.9	99.9	99.4	99.9	99.6	99.4	99.8	-125.199	-0.398043	68.8502	-106.306	6.99087	-137.667	
2.76	9.2	36.2	5.3	50.4	14.8	1.8	87	41.2	96.7	71.5	27.2	100	21.2	60.6	61.9	53.7	100	99.9	35.4	99.9	99.9	99.4	99.9	99.6	99.4	99.8	-125.199	-0.398043	68.8502	-106.306	6.99087	-137.667	
2.77	9.2	36.2	5.3	50.4	14.8	1.8	87	41.2	96.7	71.5	27.2	100	21.2	60.6	61.9	53.7	100	99.9	35.4	99.9	99.9	99.4	99.9	99.6	99.4	99.8	-125.199	-0.398043	68.8502	-106.306	6.99087	-137.667	
2.78	9.2	36.2	5.3	50.4	14.8	1.8	87	41.2	96.7	71.5	27.2	100	21.2	60.6	61.9	53.7	100	99.9	35.4	99.9	99.9	99.4	99.9	99.6	99.4	99.8	-125.199	-0.398043	68.8502	-106.306	6.99087	-137.667	
2.79	9.2	36.2	5.3	50.4	14.8	1.8	87	41.2	96.7	71.5	27.2	100	21.2	60.6	61.9	53.7	100	99.9	35.4	99.9	99.9	99.4	99.9	99.6	99.4	99.8	-125.199	-0.398043	68.8502	-106.306	6.99087	-137.667	
2.8	9.2	36.2	5.3	50.4	14.8	1.8	87	41.2	96.7	71.5	27.2	100	21.2	60.6	61.9	53.7	100	99.9	35.4	99.9	99.9	99.4	99.9	99.6	99.4	99.8	-125.199	-0.398043	68.8502	-106.306	6.99087	-137.667	
2.81	9.2	36.2	5.3	50.4	14.8	1.8	87	41.2	96.7	71.5	27.2	100	21.2	60.6	61.9	53.7	100	99.9	35.4	99.9	99.9	99.4	99.9	99.6	99.4	99.8	-125.199	-0.398043	68.8502	-106.306	6.99087	-137.667	
2.82	9.2	36.2	5.3	50.4	14.8	1.8	87	41.2	96.7	71.5	27.2	100	21.2	60.6	61.9	53.7	100	99.9	35.4	99.9	99.9	99.4	99.9	99.6	99.4	99.8	-125.199	-0.398043	68.8502	-106.306	6.99087	-137.667	
2.83	9.2	36.2	5.3	50.4	14.8	1.8	87	41.2	96.7	71.5	27.2	100	21.2	60.6	61.9	53.7	100	99.9	35.4	99.9	99.9	99.4	99.9	99.6	99.4	99.8	-125.199	-0.398043	68.8502	-106.306	6.99087	-137.667	
2.84	9.2	36.2	5.3	50.4	14.8	1.8	87	41.2	96.7	71.5	27.2	100	21.2	60.6	61.9	53.7	100	99.9	35.4	99.9	99.9	99.4	99.9	99.6	99.4	99.8	-125.199	-0.398043	68.8502	-106.306	6.99087	-137.667	
2.85	9.2	36.2	5.3	50.4	14.8	1.8	87	41.2	96.7	71.5	27.2	100	21.2	60.6	61.9	53.7	100	99.9	35.4	99.9	99.9	99.4	99.9	99.6	99.4	99.8	-125.199	-0.398043	68.8502	-106.306	6.99087	-137.667	
2.86	9.2	36.2	5.3	50.4	14.8	1.8	87	41.2	96.7	71.5	27.2	100	21.2	60.6	61.9	53.7	100	99.9	35.4	99.9	99.9	99.4	99.9	99.6	99.4	99.8	-125.199	-0.398043	68.8502	-106.306	6.99087	-137.667	
2.87	9.2	36.2	5.3	50.4	14.8	1.8	87	41.2	96.7	71.5	27.2	100	21.2	60.6	61.9	53.7	100	99.9	35.4	99.9	99.9	99.4	99.9	99.6	99.4	99.8	-125.199	-0.398043	68.8502	-106.306	6.99087	-137.667	
2.88	9.2	36.2	5.3	50.4	14.8	1.8	87	41.2	96.7	71.5	27.2	100	21.2	60.6	61.9	53.7	100	99.9	35.4	99.9	99.9	99.4	99.9	99.6	99.4	99.8	-125.199	-0.398043	68.8502	-106.306	6.99087	-137.667	
2.89	9.2	36.2	5.3	50.4	14.8	1.8	87	41.2	96.7	71.5	27.2	100	21.2	60.6	61.9	53.7	100	99.9	35.4	99.9	99.9	99.4	99.9	99.6	99.4	99.8	-125.199	-0.398043	68.8502	-106.306	6.99087	-137.667	
2.9	9.2	36.2	5.3	50.4	14.8	1.8	87	41.2	96.7	71.5	27.2	100	21.2	60.6	61.9	53.7	100	99.9	35.4	99.9	99.9	99.4	99.9	99.6	99.4	99.8	-125.199	-0.398043	68.8502	-106.306	6.99087	-137.667	
2.91	9.2	36.2	5.3	50.4	14.8	1.8	87	41.2	96.7	71.5	27.2	100	21.2	60.6	61.9	53.7	100	99.9	35.4	99.9	99.9	99.4	99.9	99.6	99.4	99.8	-125.199	-0.398043	68.8502	-106.306	6.99087	-137.667	
2.92	9.2	36.2	5.3	50.4	14.8	1.8	87	41.2	96.7	71.5	27.2	100	21.2	60.6	61.9	53.7	100	99.9	35.4	99.9	99.9	99.4	99.9	99.6	99.4	99.8	-125.199	-0.398043	68.8502	-106.306	6.99087	-137.667	
2.93	9.2	36.2	5.3	50.4	14.8	1.8	87	41.2	96.7	71.5	27.2	100	21.2	60.6	61.9	53.7	100	99.9	35.4	99.9	99.9	99.4	99.9	99.6	99.4	99.8	-125.199	-0.398043	68.8502	-106.306	6.99087	-137.667	
2.94	9.2	36.2	5.3	50.4	14.8	1.8	87	41.2	96.7	71.5	27.2	100	21.2	60.6	61.9	53.7	100	99.9	35.4	99.9	99.9	99.4	99.9	99.6	99.4	99.8	-125.199	-0.398043	68.8502	-106.306	6.99087	-137.667	
2.95	9.2	36.2	5.3	50.4	14.8	1.8	87	41.2	96.7	71.5	27.2	100	21.2	60.6	61.9	53.7	100	99.9	35.4	99.9	99.9	99.4	99.9	99.6	99.4	99.8	-125.199	-0.398043	68.8502	-106.306	6.99087	-137.667	
2.96	9.2	36.2	5.6	52	14.8	2.2	86.5	40.6	97	71.3	26.7	100	5.1	52.55	61.3	53.1	100	99.9	35.5	99.9	99.9	98.5	99.9	99.9	99.9	99.8	-125.091	-0.104771	68.8732	-105.952	6.85805	-137.591	
2.97	9.2	36.2	5.6	52	14.8	2.2	86.5	40.6	97	71.3	26.7	100	5.1	52.55	61.3	53.1	100	99.9	35.5	99.9	99.9	98.5	99.9	99.9	99.9	99.8	-125.091	-0.104771	68.8732	-105.952	6.85805	-137.591	
2.98	9.2	36.2	5.6	52	14.8	2.2	86.5	40.6	97	71.3	26.7	100	5.1	52.55	61.3	53.1	100	99.9	35.5	99.9	99.9	98.5	99.9	99.9	99.9	99.8	-125.091	-0.104771	68.8732	-105.952	6.85805	-137.591	
2.99	9.2	36.2	5.6	52	14.8	2.2	86.5	40.6	97	71.3	26.7	100	5.1	52.55	61.3	53.1	100	99.9	35.5	99.9	99.9	98.5	99.9	99.9	99.9	99.8	-125.091	-0.104771	68.8732	-105.952	6.85805	-137.591	
3	9.2	36.2	5.6	52	14.8	2.2	86.5	40.6	97	71.3	26.7	100	5.1	52.55	61.3	53.1	100	99.9	35.5	99.9	99.9	98.5	99.9	99.9	99.9	99.8	-125.091	-0.104771	68.8732	-105.952	6.85805	-137.591	
3.01	9.2	36.2	5.6	52	14.8	2.2	86.5	40.6	97	71.3	26.7	100	5.1	52.55	61.3	53.1	100	99.9	35.5	99.9	99.9	98.5	99.9	99.9	99.9	99.8	-125.091	-0.104771	68.8732	-105.952	6.85805	-137.591	
3.02	9.2	36.2	5.6	52	14.8	2.2	86.5	40.6	97	71.3	26.7	100	5.1	52.55	61.3	53.1	100	99.9	35.5	99.9	99.9	98.5	99.9	99.9	99.9	99.8	-125.091	-0.104771	68.8732	-105.952	6.85805	-137.591	
3.03	9.2	36.2	5.6	52	14.8	2.2	86.5	40.6	97	71.3	26.7	100	5.1	52.55	61.3	53.1	100	99.9	35.5	99.9	99.9	98.5	99.9	99.9	99.9	99.8	-125.091	-0.104771	68.8732	-105.952	6.85805	-137.591	
3.04	9.2	36.2	5.6	52	14.8	2.2	86.5	40.6	97	71.3	26.7	100	5.1	52.55	61.3	53.1	100	99.9	35.5	99.9	99.9	98.5	99.9	99.9	99.9	99.8	-125.091	-0.104771	68.8732	-105.952	6.85805	-137.591	
3.05	9.2	36.2	5.6	52	14.8	2.2	86.5	40.6	97	71.3	26.7	100	5.1	52.55	61.3	53.1	100	99.9	35.5	99.9	99.9	98.5	99.9	99.9	99.9	99.8	-125.091	-0.104771	68.8732	-105.952	6.85805	-137.591	
3.06	9.2	36.2	5.6	52	14.8	2.2	86.5	40.6	97	71.3	26.7	100	5.1	52.55	61.3	53.1	100	99.9	35.5	99.9	99.9	98.5	99.9	99.9	99.9	99.8	-125.091	-0.104771	68.8732	-105.952	6.85805	-137.591	
3.07	9.2	36.2	5.6	52	14.8	2.2	86.5	40.6	97	71.3	26.7	100	5.1	52.55	61.3	53.1	100	99.9	35.5	99.9	99.9	98.5	99.9	99.9	99.9	99.8	-125.091	-0.104771	68.8732	-105.952	6.85805	-137.591	
3.08	9.2	36.2	5.6	52	14.8	2.2	86.5	40.6	97	71.3	26.7	100	5.1	52.55	61.3	53.1	100	99.9	35.5	99.9	99.9	98.5	99.9	99.9	99.9	99.8	-125.091	-0.104771	68.8732	-105.952	6.85805	-137.591	
3.09	9.2	36.2	5.6	52	14.8	2.2	86.5	40.6	97	71.3	26.7	100	5.1	52.55	61.3	53.1	100	99.9	35.5	99.9	99.9	98.5	99.9	99.9	99.9	99.8	-125.091	-0.104771	68.8732	-105.952	6.85805	-137.591	
3.1	9.2	36.2	5.6	52	14.8	2.2	86.5	40.6	97	71.3	26.7	100	5.1	52.55	61.3	53.1	100	99.9	35.5	99.9	99.9	98.5	99.9	99.9	99.9	99.8	-125.091	-0.104771	68.8732	-105.952	6.85805	-137.591	
3.11	9.2	36.2	5.6	52	14.8	2.2	86.5	40.6	97	71.3	26.7	100	5.1	52.55	61.3	53.1	100	99.9	35.5	99.9	99.9	98.5	99.9	99.9	99.9	99.8	-125.091	-0.104771	68.8732	-105.952	6.85805	-137.591	
3.12	9.2	36.2	5.6	52	14.8	2.2	86.5	40.6	97	71.3	26.7	100	5.1	52.55	61.3	53.1	100	99.9	35.5	99.9	99.9	98.5	99.9	99.9	99.9	99.8	-125.091	-0.104771	68.8732	-105.952	6.85805	-137.591	
3.13	9.2	36.2	5.6	52	14.8	2.2	86.5	40.6	97	71.3	26.7	100	5.1	52.55	61.3	53.1	100	99.9	35.5	99.9	99.9	98.5	99.9	99.9	99.9	99.8	-125.091	-0.104771	68.8732	-105.952	6.85805	-137.591	
3.14	9.2	36.2	5.6	52	14.8	2.2	86.5	40.6	97	71.3	26.7	100	5.1	52.55	61.3	53.1	100	99.9	35.5	99.9	99.9	98.5	99.9	99.9	99.9	99.8	-125.091	-0.104771	68.8732	-105.952	6.85805	-137.591	
3.15	9.2	36.2	5.6	52	14.8	2.2	86.5	40.6	97	71.3	26.7	100	5.1	52.55	61.3	53.1	100	99.9	35.5	99.9	99.9	98.5	99.9	99.9	99.9	99.8	-125.091	-0.104771	68.8732	-105.952	6.85805	-137.591	
3.16	9.2	36.2	5.6	52	14.8	2.2	86.5	40.6	97	71.3	26.7	100	5.1	52.55	61.3	53.1	100	99.9	35.5	99.9	99.9	98.5	99.9	99.9	99.9	99.8	-125.091	-0.104771	68.8732	-105.952	6.85805	-137.591	
3.17	9.2	36.2	5.6	52	14.8	2.2	86.5	40.6	97	71.3	26.7	100	5.1	52.55	61.3	53.1	100	99.9	35.5	99.9	99.9	98.5	99.9	99.9	99.9	99.8	-125.091	-0.104771	68.8732	-105.952	6.85805	-137.591	
3.18	9.2	36.2	5.6	52	14.8	2.2	86.5	40.6	97	71.3	26.7	100	5.1	52.55	61.3	53.1	100	99.9	35.5	99.9	99.9	98.5	99.9	99.9	99.9	99.8	-125.091	-0.104771	68.8732	-105.952	6.85805	-137.591	
3.19	9.2	36.2	5.6	52	14.8	2.2	86.5	40.6	97	71.3	26.7	100	5.1	52.55	61.3	53.1	100	99.9	35.5	99.9	99.9	98.5	99.9	99.9	99.9	99.8	-125.091	-0.104771	68.8732	-105.952	6.85805	-137.591	
3.2	9.2	36.2	5.6	52	14.8	2.2	86.5	40.6	97	71.3	26.7	100	5.1	52.55	61.3	53.1	100	99.9	35.5	99.9	99.9	98.5	99.9	99.9	99.9	99.8	-125.091	-0.104771	68.8732	-105.952	6.85805	-137.591	
3.21	9.2	36.2	5.6	52	14.8	2.2	86.5	40.6	97	71.3	26.7	100	5.1	52.55	61.3	53.1	100	99.9	35.5	99.9	99.9	98.5	99.9	99.9	99.9	99.8	-125.091	-0.104771	68.8732	-105.952	6.85805	-137.591	
3.22	9.2	36.2	5.6	52	14.8	2.2	86.5	40.6	97	71.3	26.7	100	5.1	52.55	61.3	53.1	100	99.9	35.5	99.9	99.9	98.5	99.9	99.9	99.9	99.8	-125.091	-0.104771	68.8732	-105.952	6.85805	-137.591	
3.23	9.2	36.2	5.6	52	14.8	2.2	86.5	40.6	97	71.3	26.7	100	5.1	52.55	61.3	53.1	100	99.9	35.5	99.9	99.9	98.5	99.9	99.9	99.9	99.8	-125.091	-0.104771	68.8732	-105.952	6.85805	-137.591	
3.24	9.2	36.2	5.6	52	14.8	2.2	86.5	40.6	97	71.3	26.7	100	5.1	52.55	61.3	53.1	100	99.9	35.5	99.9	99.9	98.5	99.9	99.9	99.9	99.8	-125.091	-0.104771	68.8732	-105.952	6.85805	-137.591	
3.25	9.2	36.2	5.6	52	14.8	2.2	86.5	40.6	97	71.3	26.7	100	5.1	52.55	61.3	53.1	100	99.9	35.5	99.9	99.9	98.5	99.9	99.9	99.9	99.8	-125.091	-0.104771	68.8732	-105.952	6.85805	-137.591	
3.26	9.2	36.2	5.6	52	14.8	2.2	86.5	40.6	97	71.3	26.7	100	5.1	52.55	61.3	53.1	100	99.9	35.5	99.9	99.9	98.5	99.9	99.9	99.9	99.8	-125.091	-0.104771	68.8732	-105.952	6.85805	-137.591	
3.27	9.2	36.2	5.6	52	14.8	2.2	86.5	40.6	97	71.3	26.7	100	5.1	52.55	61.3	53.1	100	99.9	35.5	99.9	99.9	98.5	99.9	99.9	99.9	99.8	-125.091	-0.104771	68.8732	-105.952	6.85805	-137.591	
3.28	9.2	36.2	5.6	52	14.8	2.2	86.5	40.6	97	71.3	26.7	100	5.1	52.55	61.3	53.1	100	99.9	35.5	99.9	99.9	98.5	99.9	99.9	99.9	99.8	-125.091	-0.104771	68.8732	-105.952	6.85805	-137.591	
3.29	9.2	36.2	5.6	52	14.8	2.2	86.5	40.6	97	71.3	26.7	100	5.1	52.55	61.3	53.1	100	99.9	35.5	99.9	99.9	98.5	99.9	99.9	99.9	99.8	-125.091	-0.104771	68.8732	-105.952	6.85805	-137.591	
3.3	9.2	36.2	5.6	52	14.8	2.2	86.5	40.6	97	71.3	26.7	100	5.1	52.55	61.3	53.1	100	99.9	35.5	99.9	99.9	98.5	99.9	99.9	99.9	99.8	-125.091	-0.104771	68.8732	-105.952	6.85805	-137.591	
3.31	9.2	36.2	5.6	52	14.8	2.2	86.5	40.6	97	71.3	26.7	100	5.1	52.55	61.3	53.1	100	99.9	35.5	99.9	99.9	98.5	99.9	99.9	99.9	99.8	-125.091	-0.104771	68.8732	-105.952	6.85805	-137.591	
3.32	10.9	35.8	6	53	14.5	2.8	86.5	39.8	96.7	71	26.7	100	3	51.5	60.7	53.1	99.9	99.9	36.5	99.9	99.9	99.1	99.9	99.8	99.4	99.8	-124.16	-0.457971	69.12	-105.758	7.06596	-137.286	
3.33	10.9	35.8	6	53	14.5	2.8	86.5	39.8	96.7	71	26.7	100	3	51.5	60.7	53.1	99.9	99.9	36.5	99.9	99.9	99.1	99.9	99.8	99.4	99.8	-124.16	-0.457971	69.12	-105.758	7.06596	-137.286	
3.34	10.9	35.8	6	53	14.5	2.8	86.5	39.8	96.7	71	26.7	100	3	51.5	60.7	53.1	99.9	99.9	36.5	99.9	99.9	99.1	99.9	99.8	99.4	99.8	-124.16	-0.457971	69.12	-105.758	7.06596	-137.286	
3.35	10.9	35.8	6	53	14.5	2.8	86.5	39.8	96.7	71	26.7	100	3	51.5	60.7	53.1	99.9	99.9	36.5	99.9	99.9	99.1	99.9	99.8	99.4	99.8	-124.16	-0.457971	69.12	-105.758	7.06596	-137.286	
3.36	10.9	35.8	6	53	14.5	2.8	86.5	39.8	96.7	71	26.7	100	3	51.5	60.7	53.1	99.9	99.9	36.5	99.9	99.9	99.1	99.9	99.8	99.4	99.8	-124.16	-0.457971	69.12	-105.758	7.06596	-137.286	
3.37	10.9	35.8	6	53	14.5	2.8	86.5	39.8	96.7	71	26.7	100	3	51.5	60.7	53.1	99.9	99.9	36.5	99.9	99.9	99.1	99.9	99.8	99.4	99.8	-124.16	-0.457971	69.12	-105.758	7.06596	-137.286	
3.38	10.9	35.8	6	53	14.5	2.8	86.5	39.8	96.7	71	26.7	100	3	51.5	60.7	53.1	99.9	99.9	36.5	99.9	99.9	99.1	99.9	99.8	99.4	99.8	-124.16	-0.457971	69.12	-105.758	7.06596	-137.286	
3.39	10.9	35.8	6	53	14.5	2.8	86.5	39.8	96.7	71	26.7	100	3	51.5	60.7	53.1	99.9	99.9	36.5	99.9	99.9	99.1	99.9	99.8	99.4	99.8	-124.16	-0.457971	69.12	-105.758	7.06596	-137.286	
3.4	10.9	35.8	6	53	14.5	2.8	86.5	39.8	96.7	71	26.7	100	3	51.5	60.7	53.1	99.9	99.9	36.5	99.9	99.9	99.1	99.9	99.8	99.4	99.8	-124.16	-0.457971	69.12	-105.758	7.06596	-137.286	
3.41	10.9	35.8	6	53	14.5	2.8	86.5	39.8	96.7	71	26.7	100	3	51.5	60.7	53.1	99.9	99.9	36.5	99.9	99.9	99.1	99.9	99.8	99.4	99.8	-124.16	-0.457971	69.12	-105.758	7.06596	-137.286	
3.42	10.9	35.8	6	53	14.5	2.8	86.5	39.8	96.7	71	26.7	100	3	51.5	60.7	53.1	99.9	99.9	36.5	99.9	99.9	99.1	99.9	99.8	99.4	99.8	-124.16	-0.457971	69.12	-105.758	7.06596	-137.286	
3.43	10.9	35.8	6	53	14.5	2.8	86.5	39.8	96.7	71	26.7	100	3	51.5	60.7	53.1	99.9	99.9	36.5	99.9	99.9	99.1	99.9	99.8	99.4	99.8	-124.16	-0.457971	69.12	-105.758	7.06596	-137.286	
3.44	10.9	35.8	6	53	14.5	2.8	86.5	39.8	96.7	71	26.7	100	3	51.5	60.7	53.1	99.9	99.9	36.5	99.9	99.9	99.1	99.9	99.8	99.4	99.8	-124.16	-0.457971	69.12	-105.758	7.06596	-137.286	
3.45	10.9	35.8	6	53	14.5	2.8	86.5	39.8	96.7	71	26.7	100	3	51.5	60.7	53.1	99.9	99.9	36.5	99.9	99.9	99.1	99.9	99.8	99.4	99.8	-124.16	-0.457971	69.12	-105.758	7.06596	-137.286	
3.46	10.9	35.8	6	53	14.5	2.8	86.5	39.8	96.7	71	26.7	100	3	51.5	60.7	53.1	99.9	99.9	36.5	99.9	99.9	99.1	99.9	99.8	99.4	99.8	-124.16	-0.457971	69.12	-105.758	7.06596	-137.286	
3.47	10.9	35.8	6	53	14.5	2.8	86.5	39.8	96.7	71	26.7	100	3	51.5	60.7	53.1	99.9	99.9	36.5	99.9	99.9	99.1	99.9	99.8	99.4	99.8	-124.16	-0.457971	69.12	-105.758	7.06596	-137.286	
3.48	10.9	35.8	6	53	14.5	2.8	86.5	39.8	96.7	71	26.7	100	3	51.5	60.7	53.1	99.9	99.9	36.5	99.9	99.9	99.1	99.9	99.8	99.4	99.8	-124.16	-0.457971	69.12	-105.758	7.06596	-137.286	
