Hora de inicio de la toma de datos: 11:44:16
AT(s)	F1.1	F1.2	F2.1	F2.2	F3.1	F3.2	F4.1	F4.2	F5.1	F5.2	ABD1	ABD2	ABD3	ABD4	PA	TCO	P1	P2	P3	P4	P5	P6	P7	P8	P9	P10	HRoll	HPitch	HYaw	WRoll	WPitch	WYaw	
0.01	5.3	1.6	2.8	9	0.8	0	1.3	0	0	5.5	60.7	77.7	35.5	56.6	30.5	28	100	99.9	99.9	99	99.9	97.8	99.9	99.9	99.8	98.7	-3.06202	-40.0035	175.319	-2.01138	4.46179	43.2818	
0.02	5.3	1.6	2.8	9	0.8	0	1.3	0	0	5.5	60.7	77.7	35.5	56.6	30.5	28	100	99.9	99.9	99	99.9	97.8	99.9	99.9	99.8	98.7	-3.06202	-40.0035	175.319	-2.01138	4.46179	43.2818	
0.03	5.3	1.6	2.8	9	0.8	0	1.3	0	0	5.5	60.7	77.7	35.5	56.6	30.5	28	100	99.9	99.9	99	99.9	97.8	99.9	99.9	99.8	98.7	-3.06202	-40.0035	175.319	-2.01138	4.46179	43.2818	
0.04	5.3	1.6	2.8	9	0.8	0	1.3	0	0	5.5	60.7	77.7	35.5	56.6	30.5	28	100	99.9	99.9	99	99.9	97.8	99.9	99.9	99.8	98.7	-3.06202	-40.0035	175.319	-2.01138	4.46179	43.2818	
0.05	5.3	1.6	2.8	9	0.8	0	1.3	0	0	5.5	60.7	77.7	35.5	56.6	30.5	28	100	99.9	99.9	99	99.9	97.8	99.9	99.9	99.8	98.7	-3.06202	-40.0035	175.319	-2.01138	4.46179	43.2818	
0.06	5.3	1.6	2.8	9	0.8	0	1.3	0	0	5.5	60.7	77.7	35.5	56.6	30.5	28	100	99.9	99.9	99	99.9	97.8	99.9	99.9	99.8	98.7	-3.06202	-40.0035	175.319	-2.01138	4.46179	43.2818	
0.07	5.3	1.6	2.8	9	0.8	0	1.3	0	0	5.5	60.7	77.7	35.5	56.6	30.5	28	100	99.9	99.9	99	99.9	97.8	99.9	99.9	99.8	98.7	-3.06202	-40.0035	175.319	-2.01138	4.46179	43.2818	
0.08	5.3	1.6	2.8	9	0.8	0	1.3	0	0	5.5	60.7	77.7	35.5	56.6	30.5	28	100	99.9	99.9	99	99.9	97.8	99.9	99.9	99.8	98.7	-3.06202	-40.0035	175.319	-2.01138	4.46179	43.2818	
0.09	5.3	1.6	2.8	9	0.8	0	1.3	0	0	5.5	60.7	77.7	35.5	56.6	30.5	28	100	99.9	99.9	99	99.9	97.8	99.9	99.9	99.8	98.7	-3.06202	-40.0035	175.319	-2.01138	4.46179	43.2818	
0.1	5.3	1.6	2.8	9	0.8	0	1.3	0	0	5.5	60.7	77.7	35.5	56.6	30.5	28	100	99.9	99.9	99	99.9	97.8	99.9	99.9	99.8	98.7	-3.06202	-40.0035	175.319	-2.01138	4.46179	43.2818	
0.11	5.3	1.6	2.8	9	0.8	0	1.3	0	0	5.5	60.7	77.7	35.5	56.6	30.5	28	100	99.9	99.9	99	99.9	97.8	99.9	99.9	99.8	98.7	-3.06202	-40.0035	175.319	-2.01138	4.46179	43.2818	
0.12	4.9	1.7	2.6	9	0.7	0	1.4	0	0	5.4	60.2	79.7	35.4	57.55	30.4	27.8	99.9	99.9	99.9	99	99.9	96.6	99.9	99.9	99.6	98.9	-4.51983	-40.6881	176.425	-2.26262	4.56554	43.4448	
0.13	4.9	1.7	2.4	9	0.7	0	1.3	0	0	5.4	60.2	79.3	35.2	57.25	29.9	27.9	100	99.9	99.9	99	99.9	96.9	99.9	99.9	99.6	99.8	-3.79858	-40.4423	176.036	-1.99271	4.51852	43.5707	
0.14	4.9	1.7	2.4	9	0.7	0	1.3	0	0	5.4	60.2	79.3	35.2	57.25	29.9	27.9	100	99.9	99.9	99	99.9	96.9	99.9	99.9	99.6	99.8	-3.79858	-40.4423	176.036	-1.99271	4.51852	43.5707	
0.15	4.9	1.7	2.4	9	0.7	0	1.3	0	0	5.4	60.2	79.3	35.2	57.25	29.9	27.9	100	99.9	99.9	99	99.9	96.9	99.9	99.9	99.6	99.8	-3.79858	-40.4423	176.036	-1.99271	4.51852	43.5707	
0.16	4.9	1.7	2.4	9	0.7	0	1.3	0	0	5.4	60.2	79.3	35.2	57.25	29.9	27.9	100	99.9	99.9	99	99.9	96.9	99.9	99.9	99.6	99.8	-3.79858	-40.4423	176.036	-1.99271	4.51852	43.5707	
0.171	4.9	1.7	2.4	9	0.7	0	1.3	0	0	5.4	60.2	79.3	35.2	57.25	29.9	27.9	100	99.9	99.9	99	99.9	96.9	99.9	99.9	99.6	99.8	-3.79858	-40.4423	176.036	-1.99271	4.51852	43.5707	
0.181	4.9	1.7	2.4	9	0.7	0	1.3	0	0	5.4	60.2	79.3	35.2	57.25	29.9	27.9	100	99.9	99.9	99	99.9	96.9	99.9	99.9	99.6	99.8	-3.79858	-40.4423	176.036	-1.99271	4.51852	43.5707	
0.191	4.9	1.7	2.4	9	0.7	0	1.3	0	0	5.4	60.2	79.3	35.2	57.25	29.9	27.9	100	99.9	99.9	99	99.9	96.9	99.9	99.9	99.6	99.8	-3.79858	-40.4423	176.036	-1.99271	4.51852	43.5707	
0.201	4.9	1.7	2.4	9	0.7	0	1.3	0	0	5.4	60.2	79.3	35.2	57.25	29.9	27.9	100	99.9	99.9	99	99.9	96.9	99.9	99.9	99.6	99.8	-3.79858	-40.4423	176.036	-1.99271	4.51852	43.5707	
0.211	4.9	1.7	2.4	9	0.7	0	1.3	0	0	5.4	60.2	79.3	35.2	57.25	29.9	27.9	100	99.9	99.9	99	99.9	96.9	99.9	99.9	99.6	99.8	-3.79858	-40.4423	176.036	-1.99271	4.51852	43.5707	
0.221	4.9	1.7	2.4	9	0.7	0	1.3	0	0	5.4	60.2	79.3	35.2	57.25	29.9	27.9	100	99.9	99.9	99	99.9	96.9	99.9	99.9	99.6	99.8	-3.79858	-40.4423	176.036	-1.99271	4.51852	43.5707	
0.231	4.9	1.7	2.4	9	0.7	0	1.3	0	0	5.4	60.2	79.3	35.2	57.25	29.9	27.9	100	99.9	99.9	99	99.9	96.9	99.9	99.9	99.6	99.8	-3.79858	-40.4423	176.036	-1.99271	4.51852	43.5707	
0.241	4.9	1.7	2.4	9	0.7	0	1.3	0	0	5.4	60.2	79.3	35.2	57.25	29.9	27.9	100	99.9	99.9	99	99.9	96.9	99.9	99.9	99.6	99.8	-3.79858	-40.4423	176.036	-1.99271	4.51852	43.5707	
0.251	4.9	1.7	2.4	9	0.7	0	1.3	0	0	5.4	60.2	79.3	35.2	57.25	29.9	27.9	100	99.9	99.9	99	99.9	96.9	99.9	99.9	99.6	99.8	-3.79858	-40.4423	176.036	-1.99271	4.51852	43.5707	
0.261	4.9	1.7	2.4	9	0.7	0	1.3	0	0	5.4	60.2	79.3	35.2	57.25	29.9	27.9	100	99.9	99.9	99	99.9	96.9	99.9	99.9	99.6	99.8	-3.79858	-40.4423	176.036	-1.99271	4.51852	43.5707	
0.271	4.9	1.7	2.4	9	0.7	0	1.3	0	0	5.4	60.2	79.3	35.2	57.25	29.9	27.9	100	99.9	99.9	99	99.9	96.9	99.9	99.9	99.6	99.8	-3.79858	-40.4423	176.036	-1.99271	4.51852	43.5707	
0.281	4.9	1.7	2.4	9	0.7	0	1.3	0	0	5.4	60.2	79.3	35.2	57.25	29.9	27.9	100	99.9	99.9	99	99.9	96.9	99.9	99.9	99.6	99.8	-3.79858	-40.4423	176.036	-1.99271	4.51852	43.5707	
0.29	4.9	1.7	2.4	9	0.7	0	1.3	0	0	5.4	60.2	79.3	35.2	57.25	29.9	27.9	100	99.9	99.9	99	99.9	96.9	99.9	99.9	99.6	99.8	-3.79858	-40.4423	176.036	-1.99271	4.51852	43.5707	
0.3	4.9	1.7	2.4	9	0.7	0	1.3	0	0	5.4	60.2	79.3	35.2	57.25	29.9	27.9	100	99.9	99.9	99	99.9	96.9	99.9	99.9	99.6	99.8	-3.79858	-40.4423	176.036	-1.99271	4.51852	43.5707	
0.31	4.9	1.7	2.4	9	0.7	0	1.3	0	0	5.4	60.2	79.3	35.2	57.25	29.9	27.9	100	99.9	99.9	99	99.9	96.9	99.9	99.9	99.6	99.8	-3.79858	-40.4423	176.036	-1.99271	4.51852	43.5707	
0.32	4.9	1.7	2.4	9	0.7	0	1.3	0	0	5.4	60.2	79.3	35.2	57.25	29.9	27.9	100	99.9	99.9	99	99.9	96.9	99.9	99.9	99.6	99.8	-3.79858	-40.4423	176.036	-1.99271	4.51852	43.5707	
0.33	4.9	1.7	2.4	9	0.7	0	1.3	0	0	5.4	60.2	79.3	35.2	57.25	29.9	27.9	100	99.9	99.9	99	99.9	96.9	99.9	99.9	99.6	99.8	-3.79858	-40.4423	176.036	-1.99271	4.51852	43.5707	
0.34	4.9	1.7	2.4	9	0.7	0	1.3	0	0	5.4	60.2	79.3	35.2	57.25	29.9	27.9	100	99.9	99.9	99	99.9	96.9	99.9	99.9	99.6	99.8	-3.79858	-40.4423	176.036	-1.99271	4.51852	43.5707	
0.35	4.9	1.7	2.4	9	0.7	0	1.3	0	0	5.4	60.2	79.3	35.2	57.25	29.9	27.9	100	99.9	99.9	99	99.9	96.9	99.9	99.9	99.6	99.8	-3.79858	-40.4423	176.036	-1.99271	4.51852	43.5707	
0.36	4.9	1.7	2.4	9	0.7	0	1.3	0	0	5.4	60.2	79.3	35.2	57.25	29.9	27.9	100	99.9	99.9	99	99.9	96.9	99.9	99.9	99.6	99.8	-3.79858	-40.4423	176.036	-1.99271	4.51852	43.5707	
0.37	4.9	1.7	2.4	9	0.7	0	1.3	0	0	5.4	60.2	79.3	35.2	57.25	29.9	27.9	100	99.9	99.9	99	99.9	96.9	99.9	99.9	99.6	99.8	-3.79858	-40.4423	176.036	-1.99271	4.51852	43.5707	
0.38	4.9	1.7	2.4	9	0.7	0	1.3	0	0	5.4	60.2	79.3	35.2	57.25	29.9	27.9	100	99.9	99.9	99	99.9	96.9	99.9	99.9	99.6	99.8	-3.79858	-40.4423	176.036	-1.99271	4.51852	43.5707	
0.39	4.9	1.7	2.4	9	0.7	0	1.3	0	0	5.4	60.2	79.3	35.2	57.25	29.9	27.9	100	99.9	99.9	99	99.9	96.9	99.9	99.9	99.6	99.8	-3.79858	-40.4423	176.036	-1.99271	4.51852	43.5707	
0.4	4.9	1.7	2.4	9	0.7	0	1.3	0	0	5.4	60.2	79.3	35.2	57.25	29.9	27.9	100	99.9	99.9	99	99.9	96.9	99.9	99.9	99.6	99.8	-3.79858	-40.4423	176.036	-1.99271	4.51852	43.5707	
0.41	4.9	1.7	2.4	9	0.7	0	1.3	0	0	5.4	60.2	79.3	35.2	57.25	29.9	27.9	100	99.9	99.9	99	99.9	96.9	99.9	99.9	99.6	99.8	-3.79858	-40.4423	176.036	-1.99271	4.51852	43.5707	
0.42	4.9	1.7	2.4	9	0.7	0	1.3	0	0	5.4	60.2	79.3	35.2	57.25	29.9	27.9	100	99.9	99.9	99	99.9	96.9	99.9	99.9	99.6	99.8	-3.79858	-40.4423	176.036	-1.99271	4.51852	43.5707	
0.43	4.9	1.7	2.4	9	0.7	0	1.3	0	0	5.4	60.2	79.3	35.2	57.25	29.9	27.9	100	99.9	99.9	99	99.9	96.9	99.9	99.9	99.6	99.8	-3.79858	-40.4423	176.036	-1.99271	4.51852	43.5707	
0.44	4.9	1.7	2.4	9	0.7	0	1.3	0	0	5.4	60.2	79.3	35.2	57.25	29.9	27.9	100	99.9	99.9	99	99.9	96.9	99.9	99.9	99.6	99.8	-3.79858	-40.4423	176.036	-1.99271	4.51852	43.5707	
0.45	4.9	1.7	2.4	9	0.7	0	1.3	0	0	5.4	60.2	79.3	35.2	57.25	29.9	27.9	100	99.9	99.9	99	99.9	96.9	99.9	99.9	99.6	99.8	-3.79858	-40.4423	176.036	-1.99271	4.51852	43.5707	
0.46	4.9	1.7	2.4	9	0.7	0	1.3	0	0	5.4	60.2	79.3	35.2	57.25	29.9	27.9	100	99.9	99.9	99	99.9	96.9	99.9	99.9	99.6	99.8	-3.79858	-40.4423	176.036	-1.99271	4.51852	43.5707	
0.47	4.9	1.7	2.4	9	0.7	0	1.3	0	0	5.4	60.2	79.3	35.2	57.25	29.9	27.9	100	99.9	99.9	99	99.9	96.9	99.9	99.9	99.6	99.8	-3.79858	-40.4423	176.036	-1.99271	4.51852	43.5707	
0.48	4.9	1.7	2.4	9	0.7	0	1.3	0	0	5.4	60.2	79.3	35.2	57.25	29.9	27.9	100	99.9	99.9	99	99.9	96.9	99.9	99.9	99.6	99.8	-3.79858	-40.4423	176.036	-1.99271	4.51852	43.5707	
0.49	4.7	1.8	2.3	8.8	0.5	0	1.2	0	0	5.3	59.6	79.2	34.7	56.95	30.2	28	100	99.9	99.9	98.9	99.9	97.6	99.9	99.9	99.7	99.7	-4.53375	-41.3164	176.599	-1.84267	4.92993	43.7513	
0.5	4.9	1.7	2.3	8.8	0.6	0	1.3	0	0	5.3	58.8	78.9	34.3	56.6	30.1	27.8	99.9	99.9	99.9	99	99.9	98.4	99.9	99.7	99.9	99.9	-3.64699	-40.5849	175.983	-1.94532	4.77975	43.7776	
0.51	4.9	1.7	2.3	8.8	0.6	0	1.3	0	0	5.3	58.8	78.9	34.3	56.6	30.1	27.8	99.9	99.9	99.9	99	99.9	98.4	99.9	99.7	99.9	99.9	-3.64699	-40.5849	175.983	-1.94532	4.77975	43.7776	
0.52	4.9	1.7	2.3	8.8	0.6	0	1.3	0	0	5.3	58.8	78.9	34.3	56.6	30.1	27.8	99.9	99.9	99.9	99	99.9	98.4	99.9	99.7	99.9	99.9	-3.64699	-40.5849	175.983	-1.94532	4.77975	43.7776	
0.53	4.9	1.7	2.3	8.8	0.6	0	1.3	0	0	5.3	58.8	78.9	34.3	56.6	30.1	27.8	99.9	99.9	99.9	99	99.9	98.4	99.9	99.7	99.9	99.9	-3.64699	-40.5849	175.983	-1.94532	4.77975	43.7776	
0.54	4.9	1.7	2.3	8.8	0.6	0	1.3	0	0	5.3	58.8	78.9	34.3	56.6	30.1	27.8	99.9	99.9	99.9	99	99.9	98.4	99.9	99.7	99.9	99.9	-3.64699	-40.5849	175.983	-1.94532	4.77975	43.7776	
0.55	4.9	1.7	2.3	8.8	0.6	0	1.3	0	0	5.3	58.8	78.9	34.3	56.6	30.1	27.8	99.9	99.9	99.9	99	99.9	98.4	99.9	99.7	99.9	99.9	-3.64699	-40.5849	175.983	-1.94532	4.77975	43.7776	
0.56	4.9	1.7	2.3	8.8	0.6	0	1.3	0	0	5.3	58.8	78.9	34.3	56.6	30.1	27.8	99.9	99.9	99.9	99	99.9	98.4	99.9	99.7	99.9	99.9	-3.64699	-40.5849	175.983	-1.94532	4.77975	43.7776	
0.57	4.9	1.7	2.3	8.8	0.6	0	1.3	0	0	5.3	58.8	78.9	34.3	56.6	30.1	27.8	99.9	99.9	99.9	99	99.9	98.4	99.9	99.7	99.9	99.9	-3.64699	-40.5849	175.983	-1.94532	4.77975	43.7776	
0.58	4.9	1.7	2.3	8.8	0.6	0	1.3	0	0	5.3	58.8	78.9	34.3	56.6	30.1	27.8	99.9	99.9	99.9	99	99.9	98.4	99.9	99.7	99.9	99.9	-3.64699	-40.5849	175.983	-1.94532	4.77975	43.7776	
0.59	4.9	1.7	2.3	8.8	0.6	0	1.3	0	0	5.3	58.8	78.9	34.3	56.6	30.1	27.8	99.9	99.9	99.9	99	99.9	98.4	99.9	99.7	99.9	99.9	-3.64699	-40.5849	175.983	-1.94532	4.77975	43.7776	
0.6	4.9	1.7	2.3	8.8	0.6	0	1.3	0	0	5.3	58.8	78.9	34.3	56.6	30.1	27.8	99.9	99.9	99.9	99	99.9	98.4	99.9	99.7	99.9	99.9	-3.64699	-40.5849	175.983	-1.94532	4.77975	43.7776	
0.61	4.9	1.7	2.3	8.8	0.6	0	1.3	0	0	5.3	58.8	78.9	34.3	56.6	30.1	27.8	99.9	99.9	99.9	99	99.9	98.4	99.9	99.7	99.9	99.9	-3.64699	-40.5849	175.983	-1.94532	4.77975	43.7776	
0.62	4.9	1.7	2.3	8.8	0.6	0	1.3	0	0	5.3	58.8	78.9	34.3	56.6	30.1	27.8	99.9	99.9	99.9	99	99.9	98.4	99.9	99.7	99.9	99.9	-3.64699	-40.5849	175.983	-1.94532	4.77975	43.7776	
0.63	4.9	1.7	2.3	8.8	0.6	0	1.3	0	0	5.3	58.8	78.9	34.3	56.6	30.1	27.8	99.9	99.9	99.9	99	99.9	98.4	99.9	99.7	99.9	99.9	-3.64699	-40.5849	175.983	-1.94532	4.77975	43.7776	
0.64	4.9	1.7	2.3	8.8	0.6	0	1.3	0	0	5.3	58.8	78.9	34.3	56.6	30.1	27.8	99.9	99.9	99.9	99	99.9	98.4	99.9	99.7	99.9	99.9	-3.64699	-40.5849	175.983	-1.94532	4.77975	43.7776	
0.65	4.9	1.7	2.3	8.8	0.6	0	1.3	0	0	5.3	58.8	78.9	34.3	56.6	30.1	27.8	99.9	99.9	99.9	99	99.9	98.4	99.9	99.7	99.9	99.9	-3.64699	-40.5849	175.983	-1.94532	4.77975	43.7776	
0.66	4.9	1.7	2.3	8.8	0.6	0	1.3	0	0	5.3	58.8	78.9	34.3	56.6	30.1	27.8	99.9	99.9	99.9	99	99.9	98.4	99.9	99.7	99.9	99.9	-3.64699	-40.5849	175.983	-1.94532	4.77975	43.7776	
0.67	4.9	1.7	2.3	8.8	0.6	0	1.3	0	0	5.3	58.8	78.9	34.3	56.6	30.1	27.8	99.9	99.9	99.9	99	99.9	98.4	99.9	99.7	99.9	99.9	-3.64699	-40.5849	175.983	-1.94532	4.77975	43.7776	
0.68	4.9	1.7	2.3	8.8	0.6	0	1.3	0	0	5.3	58.8	78.9	34.3	56.6	30.1	27.8	99.9	99.9	99.9	99	99.9	98.4	99.9	99.7	99.9	99.9	-3.64699	-40.5849	175.983	-1.94532	4.77975	43.7776	
0.69	4.9	1.7	2.3	8.8	0.6	0	1.3	0	0	5.3	58.8	78.9	34.3	56.6	30.1	27.8	99.9	99.9	99.9	99	99.9	98.4	99.9	99.7	99.9	99.9	-3.64699	-40.5849	175.983	-1.94532	4.77975	43.7776	
0.7	4.9	1.7	2.3	8.8	0.6	0	1.3	0	0	5.3	58.8	78.9	34.3	56.6	30.1	27.8	99.9	99.9	99.9	99	99.9	98.4	99.9	99.7	99.9	99.9	-3.64699	-40.5849	175.983	-1.94532	4.77975	43.7776	
0.71	4.9	1.7	2.3	8.8	0.6	0	1.3	0	0	5.3	58.8	78.9	34.3	56.6	30.1	27.8	99.9	99.9	99.9	99	99.9	98.4	99.9	99.7	99.9	99.9	-3.64699	-40.5849	175.983	-1.94532	4.77975	43.7776	
0.72	4.9	1.7	2.3	8.8	0.6	0	1.3	0	0	5.3	58.8	78.9	34.3	56.6	30.1	27.8	99.9	99.9	99.9	99	99.9	98.4	99.9	99.7	99.9	99.9	-3.64699	-40.5849	175.983	-1.94532	4.77975	43.7776	
0.73	4.9	1.7	2.3	8.8	0.6	0	1.3	0	0	5.3	58.8	78.9	34.3	56.6	30.1	27.8	99.9	99.9	99.9	99	99.9	98.4	99.9	99.7	99.9	99.9	-3.64699	-40.5849	175.983	-1.94532	4.77975	43.7776	
0.74	4.9	1.7	2.3	8.8	0.6	0	1.3	0	0	5.3	58.8	78.9	34.3	56.6	30.1	27.8	99.9	99.9	99.9	99	99.9	98.4	99.9	99.7	99.9	99.9	-3.64699	-40.5849	175.983	-1.94532	4.77975	43.7776	
0.75	4.9	1.7	2.3	8.8	0.6	0	1.3	0	0	5.3	58.8	78.9	34.3	56.6	30.1	27.8	99.9	99.9	99.9	99	99.9	98.4	99.9	99.7	99.9	99.9	-3.64699	-40.5849	175.983	-1.94532	4.77975	43.7776	
0.76	4.9	1.7	2.3	8.8	0.6	0	1.3	0	0	5.3	58.8	78.9	34.3	56.6	30.1	27.8	99.9	99.9	99.9	99	99.9	98.4	99.9	99.7	99.9	99.9	-3.64699	-40.5849	175.983	-1.94532	4.77975	43.7776	
0.77	4.9	1.7	2.3	8.8	0.6	0	1.3	0	0	5.3	58.8	78.9	34.3	56.6	30.1	27.8	99.9	99.9	99.9	99	99.9	98.4	99.9	99.7	99.9	99.9	-3.64699	-40.5849	175.983	-1.94532	4.77975	43.7776	
0.78	4.9	1.7	2.3	8.8	0.6	0	1.3	0	0	5.3	58.8	78.9	34.3	56.6	30.1	27.8	99.9	99.9	99.9	99	99.9	98.4	99.9	99.7	99.9	99.9	-3.64699	-40.5849	175.983	-1.94532	4.77975	43.7776	
0.79	4.9	1.7	2.3	8.8	0.6	0	1.3	0	0	5.3	58.8	78.9	34.3	56.6	30.1	27.8	99.9	99.9	99.9	99	99.9	98.4	99.9	99.7	99.9	99.9	-3.64699	-40.5849	175.983	-1.94532	4.77975	43.7776	
0.8	4.9	1.7	2.3	8.8	0.6	0	1.3	0	0	5.3	58.8	78.9	34.3	56.6	30.1	27.8	99.9	99.9	99.9	99	99.9	98.4	99.9	99.7	99.9	99.9	-3.64699	-40.5849	175.983	-1.94532	4.77975	43.7776	
0.81	4.9	1.7	2.3	8.8	0.6	0	1.3	0	0	5.3	58.8	78.9	34.3	56.6	30.1	27.8	99.9	99.9	99.9	99	99.9	98.4	99.9	99.7	99.9	99.9	-3.64699	-40.5849	175.983	-1.94532	4.77975	43.7776	
0.82	4.9	1.7	2.3	8.8	0.6	0	1.3	0	0	5.3	58.8	78.9	34.3	56.6	30.1	27.8	99.9	99.9	99.9	99	99.9	98.4	99.9	99.7	99.9	99.9	-3.64699	-40.5849	175.983	-1.94532	4.77975	43.7776	
0.83	4.9	1.7	2.3	8.8	0.6	0	1.3	0	0	5.3	58.8	78.9	34.3	56.6	30.1	27.8	99.9	99.9	99.9	99	99.9	98.4	99.9	99.7	99.9	99.9	-3.64699	-40.5849	175.983	-1.94532	4.77975	43.7776	
0.84	4.9	1.7	2.3	8.8	0.6	0	1.3	0	0	5.3	58.8	78.9	34.3	56.6	30.1	27.8	99.9	99.9	99.9	99	99.9	98.4	99.9	99.7	99.9	99.9	-3.64699	-40.5849	175.983	-1.94532	4.77975	43.7776	
0.85	4.9	1.7	2.3	8.8	0.6	0	1.3	0	0	5.3	58.8	78.9	34.3	56.6	30.1	27.8	99.9	99.9	99.9	99	99.9	98.4	99.9	99.7	99.9	99.9	-3.64699	-40.5849	175.983	-1.94532	4.77975	43.7776	
0.86	4.8	1.5	2.5	8.8	0.7	0	1.3	0	0	5.3	57.8	77.2	34.6	55.9	30.2	27.7	99.9	99.9	99.9	99	99.9	97.8	99.9	99.9	99.8	99	-3.15397	-40.0149	175.686	-2.08653	4.56745	43.7936	
0.87	4.8	1.5	2.5	8.8	0.7	0	1.3	0	0	5.3	57.8	77.2	34.6	55.9	30.2	27.7	99.9	99.9	99.9	99	99.9	97.8	99.9	99.9	99.8	99	-3.15397	-40.0149	175.686	-2.08653	4.56745	43.7936	
0.88	4.8	1.5	2.5	8.8	0.7	0	1.3	0	0	5.3	57.8	77.2	34.6	55.9	30.2	27.7	99.9	99.9	99.9	99	99.9	97.8	99.9	99.9	99.8	99	-3.15397	-40.0149	175.686	-2.08653	4.56745	43.7936	
0.89	4.8	1.5	2.5	8.8	0.7	0	1.3	0	0	5.3	57.8	77.2	34.6	55.9	30.2	27.7	99.9	99.9	99.9	99	99.9	97.8	99.9	99.9	99.8	99	-3.15397	-40.0149	175.686	-2.08653	4.56745	43.7936	
0.9	4.8	1.5	2.5	8.8	0.7	0	1.3	0	0	5.3	57.8	77.2	34.6	55.9	30.2	27.7	99.9	99.9	99.9	99	99.9	97.8	99.9	99.9	99.8	99	-3.15397	-40.0149	175.686	-2.08653	4.56745	43.7936	
0.91	4.8	1.5	2.5	8.8	0.7	0	1.3	0	0	5.3	57.8	77.2	34.6	55.9	30.2	27.7	99.9	99.9	99.9	99	99.9	97.8	99.9	99.9	99.8	99	-3.15397	-40.0149	175.686	-2.08653	4.56745	43.7936	
0.92	4.8	1.5	2.5	8.8	0.7	0	1.3	0	0	5.3	57.8	77.2	34.6	55.9	30.2	27.7	99.9	99.9	99.9	99	99.9	97.8	99.9	99.9	99.8	99	-3.15397	-40.0149	175.686	-2.08653	4.56745	43.7936	
0.93	4.8	1.5	2.5	8.8	0.7	0	1.3	0	0	5.3	57.8	77.2	34.6	55.9	30.2	27.7	99.9	99.9	99.9	99	99.9	97.8	99.9	99.9	99.8	99	-3.15397	-40.0149	175.686	-2.08653	4.56745	43.7936	
0.94	4.8	1.5	2.5	8.8	0.7	0	1.3	0	0	5.3	57.8	77.2	34.6	55.9	30.2	27.7	99.9	99.9	99.9	99	99.9	97.8	99.9	99.9	99.8	99	-3.15397	-40.0149	175.686	-2.08653	4.56745	43.7936	
0.95	4.8	1.5	2.5	8.8	0.7	0	1.3	0	0	5.3	57.8	77.2	34.6	55.9	30.2	27.7	99.9	99.9	99.9	99	99.9	97.8	99.9	99.9	99.8	99	-3.15397	-40.0149	175.686	-2.08653	4.56745	43.7936	
0.96	4.8	1.5	2.5	8.8	0.7	0	1.3	0	0	5.3	57.8	77.2	34.6	55.9	30.2	27.7	99.9	99.9	99.9	99	99.9	97.8	99.9	99.9	99.8	99	-3.15397	-40.0149	175.686	-2.08653	4.56745	43.7936	
0.97	4.8	1.5	2.5	8.8	0.7	0	1.3	0	0	5.3	57.8	77.2	34.6	55.9	30.2	27.7	99.9	99.9	99.9	99	99.9	97.8	99.9	99.9	99.8	99	-3.15397	-40.0149	175.686	-2.08653	4.56745	43.7936	
0.98	4.8	1.5	2.5	8.8	0.7	0	1.3	0	0	5.3	57.8	77.2	34.6	55.9	30.2	27.7	99.9	99.9	99.9	99	99.9	97.8	99.9	99.9	99.8	99	-3.15397	-40.0149	175.686	-2.08653	4.56745	43.7936	
0.99	4.8	1.5	2.5	8.8	0.7	0	1.3	0	0	5.3	57.8	77.2	34.6	55.9	30.2	27.7	99.9	99.9	99.9	99	99.9	97.8	99.9	99.9	99.8	99	-3.15397	-40.0149	175.686	-2.08653	4.56745	43.7936	
1	4.8	1.5	2.5	8.8	0.7	0	1.3	0	0	5.3	57.8	77.2	34.6	55.9	30.2	27.7	99.9	99.9	99.9	99	99.9	97.8	99.9	99.9	99.8	99	-3.15397	-40.0149	175.686	-2.08653	4.56745	43.7936	
1.01	4.8	1.5	2.5	8.8	0.7	0	1.3	0	0	5.3	57.8	77.2	34.6	55.9	30.2	27.7	99.9	99.9	99.9	99	99.9	97.8	99.9	99.9	99.8	99	-3.15397	-40.0149	175.686	-2.08653	4.56745	43.7936	
1.02	4.8	1.5	2.5	8.8	0.7	0	1.3	0	0	5.3	57.8	77.2	34.6	55.9	30.2	27.7	99.9	99.9	99.9	99	99.9	97.8	99.9	99.9	99.8	99	-3.15397	-40.0149	175.686	-2.08653	4.56745	43.7936	
1.03	4.8	1.5	2.5	8.8	0.7	0	1.3	0	0	5.3	57.8	77.2	34.6	55.9	30.2	27.7	99.9	99.9	99.9	99	99.9	97.8	99.9	99.9	99.8	99	-3.15397	-40.0149	175.686	-2.08653	4.56745	43.7936	
1.04	4.8	1.5	2.5	8.8	0.7	0	1.3	0	0	5.3	57.8	77.2	34.6	55.9	30.2	27.7	99.9	99.9	99.9	99	99.9	97.8	99.9	99.9	99.8	99	-3.15397	-40.0149	175.686	-2.08653	4.56745	43.7936	
1.05	4.8	1.5	2.5	8.8	0.7	0	1.3	0	0	5.3	57.8	77.2	34.6	55.9	30.2	27.7	99.9	99.9	99.9	99	99.9	97.8	99.9	99.9	99.8	99	-3.15397	-40.0149	175.686	-2.08653	4.56745	43.7936	
1.06	4.8	1.5	2.5	8.8	0.7	0	1.3	0	0	5.3	57.8	77.2	34.6	55.9	30.2	27.7	99.9	99.9	99.9	99	99.9	97.8	99.9	99.9	99.8	99	-3.15397	-40.0149	175.686	-2.08653	4.56745	43.7936	
1.07	4.8	1.5	2.5	8.8	0.7	0	1.3	0	0	5.3	57.8	77.2	34.6	55.9	30.2	27.7	99.9	99.9	99.9	99	99.9	97.8	99.9	99.9	99.8	99	-3.15397	-40.0149	175.686	-2.08653	4.56745	43.7936	
1.08	4.8	1.5	2.5	8.8	0.7	0	1.3	0	0	5.3	57.8	77.2	34.6	55.9	30.2	27.7	99.9	99.9	99.9	99	99.9	97.8	99.9	99.9	99.8	99	-3.15397	-40.0149	175.686	-2.08653	4.56745	43.7936	
1.09	4.8	1.5	2.5	8.8	0.7	0	1.3	0	0	5.3	57.8	77.2	34.6	55.9	30.2	27.7	99.9	99.9	99.9	99	99.9	97.8	99.9	99.9	99.8	99	-3.15397	-40.0149	175.686	-2.08653	4.56745	43.7936	
1.1	4.8	1.5	2.5	8.8	0.7	0	1.3	0	0	5.3	57.8	77.2	34.6	55.9	30.2	27.7	99.9	99.9	99.9	99	99.9	97.8	99.9	99.9	99.8	99	-3.15397	-40.0149	175.686	-2.08653	4.56745	43.7936	
1.11	4.8	1.5	2.5	8.8	0.7	0	1.3	0	0	5.3	57.8	77.2	34.6	55.9	30.2	27.7	99.9	99.9	99.9	99	99.9	97.8	99.9	99.9	99.8	99	-3.15397	-40.0149	175.686	-2.08653	4.56745	43.7936	
1.12	4.8	1.5	2.5	8.8	0.7	0	1.3	0	0	5.3	57.8	77.2	34.6	55.9	30.2	27.7	99.9	99.9	99.9	99	99.9	97.8	99.9	99.9	99.8	99	-3.15397	-40.0149	175.686	-2.08653	4.56745	43.7936	
1.13	4.8	1.5	2.5	8.8	0.7	0	1.3	0	0	5.3	57.8	77.2	34.6	55.9	30.2	27.7	99.9	99.9	99.9	99	99.9	97.8	99.9	99.9	99.8	99	-3.15397	-40.0149	175.686	-2.08653	4.56745	43.7936	
1.14	4.8	1.5	2.5	8.8	0.7	0	1.3	0	0	5.3	57.8	77.2	34.6	55.9	30.2	27.7	99.9	99.9	99.9	99	99.9	97.8	99.9	99.9	99.8	99	-3.15397	-40.0149	175.686	-2.08653	4.56745	43.7936	
1.15	4.8	1.5	2.5	8.8	0.7	0	1.3	0	0	5.3	57.8	77.2	34.6	55.9	30.2	27.7	99.9	99.9	99.9	99	99.9	97.8	99.9	99.9	99.8	99	-3.15397	-40.0149	175.686	-2.08653	4.56745	43.7936	
1.16	4.8	1.5	2.5	8.8	0.7	0	1.3	0	0	5.3	57.8	77.2	34.6	55.9	30.2	27.7	99.9	99.9	99.9	99	99.9	97.8	99.9	99.9	99.8	99	-3.15397	-40.0149	175.686	-2.08653	4.56745	43.7936	
1.17	4.8	1.5	2.5	8.8	0.7	0	1.3	0	0	5.3	57.8	77.2	34.6	55.9	30.2	27.7	99.9	99.9	99.9	99	99.9	97.8	99.9	99.9	99.8	99	-3.15397	-40.0149	175.686	-2.08653	4.56745	43.7936	
1.18	4.8	1.5	2.5	8.8	0.7	0	1.3	0	0	5.3	57.8	77.2	34.6	55.9	30.2	27.7	99.9	99.9	99.9	99	99.9	97.8	99.9	99.9	99.8	99	-3.15397	-40.0149	175.686	-2.08653	4.56745	43.7936	
1.19	4.8	1.5	2.5	8.8	0.7	0	1.3	0	0	5.3	57.8	77.2	34.6	55.9	30.2	27.7	99.9	99.9	99.9	99	99.9	97.8	99.9	99.9	99.8	99	-3.15397	-40.0149	175.686	-2.08653	4.56745	43.7936	
1.2	4.8	1.5	2.5	8.8	0.7	0	1.3	0	0	5.3	57.8	77.2	34.6	55.9	30.2	27.7	99.9	99.9	99.9	99	99.9	97.8	99.9	99.9	99.8	99	-3.15397	-40.0149	175.686	-2.08653	4.56745	43.7936	
1.21	4.8	1.5	2.5	8.8	0.7	0	1.3	0	0	5.3	57.8	77.2	34.6	55.9	30.2	27.7	99.9	99.9	99.9	99	99.9	97.8	99.9	99.9	99.8	99	-3.15397	-40.0149	175.686	-2.08653	4.56745	43.7936	
1.22	4.8	1.5	2.5	8.8	0.7	0	1.3	0	0	5.3	57.8	77.2	34.6	55.9	30.2	27.7	99.9	99.9	99.9	99	99.9	97.8	99.9	99.9	99.8	99	-3.15397	-40.0149	175.686	-2.08653	4.56745	43.7936	
1.23	5	1.5	2.6	8.7	0.6	0	1.3	0	0	5.3	57.2	77.6	34.8	56.2	29.9	27.9	100	99.9	99.9	99	99.9	97.5	99.9	99.9	99.8	99.9	-3.75936	-40.1127	176.143	-2.19451	4.4207	43.855	
1.24	5	1.5	2.6	8.7	0.6	0	1.3	0	0	5.3	57.2	77.6	34.8	56.2	29.9	27.9	100	99.9	99.9	99	99.9	97.5	99.9	99.9	99.8	99.9	-3.75936	-40.1127	176.143	-2.19451	4.4207	43.855	
1.25	5	1.5	2.6	8.7	0.6	0	1.3	0	0	5.3	57.2	77.6	34.8	56.2	29.9	27.9	100	99.9	99.9	99	99.9	97.5	99.9	99.9	99.8	99.9	-3.75936	-40.1127	176.143	-2.19451	4.4207	43.855	
1.26	5	1.5	2.6	8.7	0.6	0	1.3	0	0	5.3	57.2	77.6	34.8	56.2	29.9	27.9	100	99.9	99.9	99	99.9	97.5	99.9	99.9	99.8	99.9	-3.75936	-40.1127	176.143	-2.19451	4.4207	43.855	
1.27	5	1.5	2.6	8.7	0.6	0	1.3	0	0	5.3	57.2	77.6	34.8	56.2	29.9	27.9	100	99.9	99.9	99	99.9	97.5	99.9	99.9	99.8	99.9	-3.75936	-40.1127	176.143	-2.19451	4.4207	43.855	
1.28	5	1.5	2.6	8.7	0.6	0	1.3	0	0	5.3	57.2	77.6	34.8	56.2	29.9	27.9	100	99.9	99.9	99	99.9	97.5	99.9	99.9	99.8	99.9	-3.75936	-40.1127	176.143	-2.19451	4.4207	43.855	
1.29	5	1.5	2.6	8.7	0.6	0	1.3	0	0	5.3	57.2	77.6	34.8	56.2	29.9	27.9	100	99.9	99.9	99	99.9	97.5	99.9	99.9	99.8	99.9	-3.75936	-40.1127	176.143	-2.19451	4.4207	43.855	
1.3	5	1.5	2.6	8.7	0.6	0	1.3	0	0	5.3	57.2	77.6	34.8	56.2	29.9	27.9	100	99.9	99.9	99	99.9	97.5	99.9	99.9	99.8	99.9	-3.75936	-40.1127	176.143	-2.19451	4.4207	43.855	
1.31	5	1.5	2.6	8.7	0.6	0	1.3	0	0	5.3	57.2	77.6	34.8	56.2	29.9	27.9	100	99.9	99.9	99	99.9	97.5	99.9	99.9	99.8	99.9	-3.75936	-40.1127	176.143	-2.19451	4.4207	43.855	
1.32	5	1.5	2.6	8.7	0.6	0	1.3	0	0	5.3	57.2	77.6	34.8	56.2	29.9	27.9	100	99.9	99.9	99	99.9	97.5	99.9	99.9	99.8	99.9	-3.75936	-40.1127	176.143	-2.19451	4.4207	43.855	
1.33	5	1.5	2.6	8.7	0.6	0	1.3	0	0	5.3	57.2	77.6	34.8	56.2	29.9	27.9	100	99.9	99.9	99	99.9	97.5	99.9	99.9	99.8	99.9	-3.75936	-40.1127	176.143	-2.19451	4.4207	43.855	
1.34	5	1.5	2.6	8.7	0.6	0	1.3	0	0	5.3	57.2	77.6	34.8	56.2	29.9	27.9	100	99.9	99.9	99	99.9	97.5	99.9	99.9	99.8	99.9	-3.75936	-40.1127	176.143	-2.19451	4.4207	43.855	
1.35	5	1.5	2.6	8.7	0.6	0	1.3	0	0	5.3	57.2	77.6	34.8	56.2	29.9	27.9	100	99.9	99.9	99	99.9	97.5	99.9	99.9	99.8	99.9	-3.75936	-40.1127	176.143	-2.19451	4.4207	43.855	
1.36	5	1.5	2.6	8.7	0.6	0	1.3	0	0	5.3	57.2	77.6	34.8	56.2	29.9	27.9	100	99.9	99.9	99	99.9	97.5	99.9	99.9	99.8	99.9	-3.75936	-40.1127	176.143	-2.19451	4.4207	43.855	
1.37	5	1.5	2.6	8.7	0.6	0	1.3	0	0	5.3	57.2	77.6	34.8	56.2	29.9	27.9	100	99.9	99.9	99	99.9	97.5	99.9	99.9	99.8	99.9	-3.75936	-40.1127	176.143	-2.19451	4.4207	43.855	
1.38	5	1.5	2.6	8.7	0.6	0	1.3	0	0	5.3	57.2	77.6	34.8	56.2	29.9	27.9	100	99.9	99.9	99	99.9	97.5	99.9	99.9	99.8	99.9	-3.75936	-40.1127	176.143	-2.19451	4.4207	43.855	
1.39	5	1.5	2.6	8.7	0.6	0	1.3	0	0	5.3	57.2	77.6	34.8	56.2	29.9	27.9	100	99.9	99.9	99	99.9	97.5	99.9	99.9	99.8	99.9	-3.75936	-40.1127	176.143	-2.19451	4.4207	43.855	
1.4	5	1.5	2.6	8.7	0.6	0	1.3	0	0	5.3	57.2	77.6	34.8	56.2	29.9	27.9	100	99.9	99.9	99	99.9	97.5	99.9	99.9	99.8	99.9	-3.75936	-40.1127	176.143	-2.19451	4.4207	43.855	
1.41	5	1.5	2.6	8.7	0.6	0	1.3	0	0	5.3	57.2	77.6	34.8	56.2	29.9	27.9	100	99.9	99.9	99	99.9	97.5	99.9	99.9	99.8	99.9	-3.75936	-40.1127	176.143	-2.19451	4.4207	43.855	
1.42	5	1.5	2.6	8.7	0.6	0	1.3	0	0	5.3	57.2	77.6	34.8	56.2	29.9	27.9	100	99.9	99.9	99	99.9	97.5	99.9	99.9	99.8	99.9	-3.75936	-40.1127	176.143	-2.19451	4.4207	43.855	
1.43	5	1.5	2.6	8.7	0.6	0	1.3	0	0	5.3	57.2	77.6	34.8	56.2	29.9	27.9	100	99.9	99.9	99	99.9	97.5	99.9	99.9	99.8	99.9	-3.75936	-40.1127	176.143	-2.19451	4.4207	43.855	
1.44	5	1.5	2.6	8.7	0.6	0	1.3	0	0	5.3	57.2	77.6	34.8	56.2	29.9	27.9	100	99.9	99.9	99	99.9	97.5	99.9	99.9	99.8	99.9	-3.75936	-40.1127	176.143	-2.19451	4.4207	43.855	
1.45	5	1.5	2.6	8.7	0.6	0	1.3	0	0	5.3	57.2	77.6	34.8	56.2	29.9	27.9	100	99.9	99.9	99	99.9	97.5	99.9	99.9	99.8	99.9	-3.75936	-40.1127	176.143	-2.19451	4.4207	43.855	
1.46	5	1.5	2.6	8.7	0.6	0	1.3	0	0	5.3	57.2	77.6	34.8	56.2	29.9	27.9	100	99.9	99.9	99	99.9	97.5	99.9	99.9	99.8	99.9	-3.75936	-40.1127	176.143	-2.19451	4.4207	43.855	
1.47	5	1.5	2.6	8.7	0.6	0	1.3	0	0	5.3	57.2	77.6	34.8	56.2	29.9	27.9	100	99.9	99.9	99	99.9	97.5	99.9	99.9	99.8	99.9	-3.75936	-40.1127	176.143	-2.19451	4.4207	43.855	
1.48	5	1.5	2.6	8.7	0.6	0	1.3	0	0	5.3	57.2	77.6	34.8	56.2	29.9	27.9	100	99.9	99.9	99	99.9	97.5	99.9	99.9	99.8	99.9	-3.75936	-40.1127	176.143	-2.19451	4.4207	43.855	
1.49	5	1.5	2.6	8.7	0.6	0	1.3	0	0	5.3	57.2	77.6	34.8	56.2	29.9	27.9	100	99.9	99.9	99	99.9	97.5	99.9	99.9	99.8	99.9	-3.75936	-40.1127	176.143	-2.19451	4.4207	43.855	
1.5	5	1.5	2.6	8.7	0.6	0	1.3	0	0	5.3	57.2	77.6	34.8	56.2	29.9	27.9	100	99.9	99.9	99	99.9	97.5	99.9	99.9	99.8	99.9	-3.75936	-40.1127	176.143	-2.19451	4.4207	43.855	
1.51	5	1.5	2.6	8.7	0.6	0	1.3	0	0	5.3	57.2	77.6	34.8	56.2	29.9	27.9	100	99.9	99.9	99	99.9	97.5	99.9	99.9	99.8	99.9	-3.75936	-40.1127	176.143	-2.19451	4.4207	43.855	
1.52	5	1.5	2.6	8.7	0.6	0	1.3	0	0	5.3	57.2	77.6	34.8	56.2	29.9	27.9	100	99.9	99.9	99	99.9	97.5	99.9	99.9	99.8	99.9	-3.75936	-40.1127	176.143	-2.19451	4.4207	43.855	
1.53	5	1.5	2.6	8.7	0.6	0	1.3	0	0	5.3	57.2	77.6	34.8	56.2	29.9	27.9	100	99.9	99.9	99	99.9	97.5	99.9	99.9	99.8	99.9	-3.75936	-40.1127	176.143	-2.19451	4.4207	43.855	
1.54	5	1.5	2.6	8.7	0.6	0	1.3	0	0	5.3	57.2	77.6	34.8	56.2	29.9	27.9	100	99.9	99.9	99	99.9	97.5	99.9	99.9	99.8	99.9	-3.75936	-40.1127	176.143	-2.19451	4.4207	43.855	
1.55	5	1.5	2.6	8.7	0.6	0	1.3	0	0	5.3	57.2	77.6	34.8	56.2	29.9	27.9	100	99.9	99.9	99	99.9	97.5	99.9	99.9	99.8	99.9	-3.75936	-40.1127	176.143	-2.19451	4.4207	43.855	
1.56	5	1.5	2.6	8.7	0.6	0	1.3	0	0	5.3	57.2	77.6	34.8	56.2	29.9	27.9	100	99.9	99.9	99	99.9	97.5	99.9	99.9	99.8	99.9	-3.75936	-40.1127	176.143	-2.19451	4.4207	43.855	
1.57	5	1.5	2.6	8.7	0.6	0	1.3	0	0	5.3	57.2	77.6	34.8	56.2	29.9	27.9	100	99.9	99.9	99	99.9	97.5	99.9	99.9	99.8	99.9	-3.75936	-40.1127	176.143	-2.19451	4.4207	43.855	
1.58	5	1.5	2.6	8.7	0.6	0	1.3	0	0	5.3	57.2	77.6	34.8	56.2	29.9	27.9	100	99.9	99.9	99	99.9	97.5	99.9	99.9	99.8	99.9	-3.75936	-40.1127	176.143	-2.19451	4.4207	43.855	
1.59	5	1.5	2.6	8.7	0.6	0	1.3	0	0	5.3	57.2	77.6	34.8	56.2	29.9	27.9	100	99.9	99.9	99	99.9	97.5	99.9	99.9	99.8	99.9	-3.75936	-40.1127	176.143	-2.19451	4.4207	43.855	
1.6	5.1	1.4	2.7	8.6	0.5	0	1.5	0	0	5.3	57.5	77.5	34.8	56.15	30.3	27.7	100	99.9	99.9	98.9	99.9	97.2	99.7	99.9	99.9	99.9	-4.30005	-39.9106	176.482	-2.88504	4.29111	43.698	
1.61	5.1	1.4	2.7	8.6	0.5	0	1.5	0	0	5.3	57.5	77.5	34.8	56.15	30.3	27.7	100	99.9	99.9	98.9	99.9	97.2	99.7	99.9	99.9	99.9	-4.30005	-39.9106	176.482	-2.88504	4.29111	43.698	
1.62	5.1	1.4	2.7	8.6	0.5	0	1.5	0	0	5.3	57.5	77.5	34.8	56.15	30.3	27.7	100	99.9	99.9	98.9	99.9	97.2	99.7	99.9	99.9	99.9	-4.30005	-39.9106	176.482	-2.88504	4.29111	43.698	
1.63	5.1	1.4	2.7	8.6	0.5	0	1.5	0	0	5.3	57.5	77.5	34.8	56.15	30.3	27.7	100	99.9	99.9	98.9	99.9	97.2	99.7	99.9	99.9	99.9	-4.30005	-39.9106	176.482	-2.88504	4.29111	43.698	
1.64	5.1	1.4	2.7	8.6	0.5	0	1.5	0	0	5.3	57.5	77.5	34.8	56.15	30.3	27.7	100	99.9	99.9	98.9	99.9	97.2	99.7	99.9	99.9	99.9	-4.30005	-39.9106	176.482	-2.88504	4.29111	43.698	
1.65	5.1	1.4	2.7	8.6	0.5	0	1.5	0	0	5.3	57.5	77.5	34.8	56.15	30.3	27.7	100	99.9	99.9	98.9	99.9	97.2	99.7	99.9	99.9	99.9	-4.30005	-39.9106	176.482	-2.88504	4.29111	43.698	
1.66	5.1	1.4	2.7	8.6	0.5	0	1.5	0	0	5.3	57.5	77.5	34.8	56.15	30.3	27.7	100	99.9	99.9	98.9	99.9	97.2	99.7	99.9	99.9	99.9	-4.30005	-39.9106	176.482	-2.88504	4.29111	43.698	
1.67	5.1	1.4	2.7	8.6	0.5	0	1.5	0	0	5.3	57.5	77.5	34.8	56.15	30.3	27.7	100	99.9	99.9	98.9	99.9	97.2	99.7	99.9	99.9	99.9	-4.30005	-39.9106	176.482	-2.88504	4.29111	43.698	
1.68	5.1	1.4	2.7	8.6	0.5	0	1.5	0	0	5.3	57.5	77.5	34.8	56.15	30.3	27.7	100	99.9	99.9	98.9	99.9	97.2	99.7	99.9	99.9	99.9	-4.30005	-39.9106	176.482	-2.88504	4.29111	43.698	
1.69	5.1	1.4	2.7	8.6	0.5	0	1.5	0	0	5.3	57.5	77.5	34.8	56.15	30.3	27.7	100	99.9	99.9	98.9	99.9	97.2	99.7	99.9	99.9	99.9	-4.30005	-39.9106	176.482	-2.88504	4.29111	43.698	
1.7	5.1	1.4	2.7	8.6	0.5	0	1.5	0	0	5.3	57.5	77.5	34.8	56.15	30.3	27.7	100	99.9	99.9	98.9	99.9	97.2	99.7	99.9	99.9	99.9	-4.30005	-39.9106	176.482	-2.88504	4.29111	43.698	
1.71	5.1	1.4	2.7	8.6	0.5	0	1.5	0	0	5.3	57.5	77.5	34.8	56.15	30.3	27.7	100	99.9	99.9	98.9	99.9	97.2	99.7	99.9	99.9	99.9	-4.30005	-39.9106	176.482	-2.88504	4.29111	43.698	
1.72	5.1	1.4	2.7	8.6	0.5	0	1.5	0	0	5.3	57.5	77.5	34.8	56.15	30.3	27.7	100	99.9	99.9	98.9	99.9	97.2	99.7	99.9	99.9	99.9	-4.30005	-39.9106	176.482	-2.88504	4.29111	43.698	
1.73	5.1	1.4	2.7	8.6	0.5	0	1.5	0	0	5.3	57.5	77.5	34.8	56.15	30.3	27.7	100	99.9	99.9	98.9	99.9	97.2	99.7	99.9	99.9	99.9	-4.30005	-39.9106	176.482	-2.88504	4.29111	43.698	
1.74	5.1	1.4	2.7	8.6	0.5	0	1.5	0	0	5.3	57.5	77.5	34.8	56.15	30.3	27.7	100	99.9	99.9	98.9	99.9	97.2	99.7	99.9	99.9	99.9	-4.30005	-39.9106	176.482	-2.88504	4.29111	43.698	
1.75	5.1	1.4	2.7	8.6	0.5	0	1.5	0	0	5.3	57.5	77.5	34.8	56.15	30.3	27.7	100	99.9	99.9	98.9	99.9	97.2	99.7	99.9	99.9	99.9	-4.30005	-39.9106	176.482	-2.88504	4.29111	43.698	
1.76	5.1	1.4	2.7	8.6	0.5	0	1.5	0	0	5.3	57.5	77.5	34.8	56.15	30.3	27.7	100	99.9	99.9	98.9	99.9	97.2	99.7	99.9	99.9	99.9	-4.30005	-39.9106	176.482	-2.88504	4.29111	43.698	
1.77	5.1	1.4	2.7	8.6	0.5	0	1.5	0	0	5.3	57.5	77.5	34.8	56.15	30.3	27.7	100	99.9	99.9	98.9	99.9	97.2	99.7	99.9	99.9	99.9	-4.30005	-39.9106	176.482	-2.88504	4.29111	43.698	
1.78	5.1	1.4	2.7	8.6	0.5	0	1.5	0	0	5.3	57.5	77.5	34.8	56.15	30.3	27.7	100	99.9	99.9	98.9	99.9	97.2	99.7	99.9	99.9	99.9	-4.30005	-39.9106	176.482	-2.88504	4.29111	43.698	
1.79	5.1	1.4	2.7	8.6	0.5	0	1.5	0	0	5.3	57.5	77.5	34.8	56.15	30.3	27.7	100	99.9	99.9	98.9	99.9	97.2	99.7	99.9	99.9	99.9	-4.30005	-39.9106	176.482	-2.88504	4.29111	43.698	
1.8	5.1	1.4	2.7	8.6	0.5	0	1.5	0	0	5.3	57.5	77.5	34.8	56.15	30.3	27.7	100	99.9	99.9	98.9	99.9	97.2	99.7	99.9	99.9	99.9	-4.30005	-39.9106	176.482	-2.88504	4.29111	43.698	
1.81	5.1	1.4	2.7	8.6	0.5	0	1.5	0	0	5.3	57.5	77.5	34.8	56.15	30.3	27.7	100	99.9	99.9	98.9	99.9	97.2	99.7	99.9	99.9	99.9	-4.30005	-39.9106	176.482	-2.88504	4.29111	43.698	
1.82	5.1	1.4	2.7	8.6	0.5	0	1.5	0	0	5.3	57.5	77.5	34.8	56.15	30.3	27.7	100	99.9	99.9	98.9	99.9	97.2	99.7	99.9	99.9	99.9	-4.30005	-39.9106	176.482	-2.88504	4.29111	43.698	
1.83	5.1	1.4	2.7	8.6	0.5	0	1.5	0	0	5.3	57.5	77.5	34.8	56.15	30.3	27.7	100	99.9	99.9	98.9	99.9	97.2	99.7	99.9	99.9	99.9	-4.30005	-39.9106	176.482	-2.88504	4.29111	43.698	
1.84	5.1	1.4	2.7	8.6	0.5	0	1.5	0	0	5.3	57.5	77.5	34.8	56.15	30.3	27.7	100	99.9	99.9	98.9	99.9	97.2	99.7	99.9	99.9	99.9	-4.30005	-39.9106	176.482	-2.88504	4.29111	43.698	
1.85	5.1	1.4	2.7	8.6	0.5	0	1.5	0	0	5.3	57.5	77.5	34.8	56.15	30.3	27.7	100	99.9	99.9	98.9	99.9	97.2	99.7	99.9	99.9	99.9	-4.30005	-39.9106	176.482	-2.88504	4.29111	43.698	
1.86	5.1	1.4	2.7	8.6	0.5	0	1.5	0	0	5.3	57.5	77.5	34.8	56.15	30.3	27.7	100	99.9	99.9	98.9	99.9	97.2	99.7	99.9	99.9	99.9	-4.30005	-39.9106	176.482	-2.88504	4.29111	43.698	
1.87	5.1	1.4	2.7	8.6	0.5	0	1.5	0	0	5.3	57.5	77.5	34.8	56.15	30.3	27.7	100	99.9	99.9	98.9	99.9	97.2	99.7	99.9	99.9	99.9	-4.30005	-39.9106	176.482	-2.88504	4.29111	43.698	
1.88	5.1	1.4	2.7	8.6	0.5	0	1.5	0	0	5.3	57.5	77.5	34.8	56.15	30.3	27.7	100	99.9	99.9	98.9	99.9	97.2	99.7	99.9	99.9	99.9	-4.30005	-39.9106	176.482	-2.88504	4.29111	43.698	
1.89	5.1	1.4	2.7	8.6	0.5	0	1.5	0	0	5.3	57.5	77.5	34.8	56.15	30.3	27.7	100	99.9	99.9	98.9	99.9	97.2	99.7	99.9	99.9	99.9	-4.30005	-39.9106	176.482	-2.88504	4.29111	43.698	
1.9	5.1	1.4	2.7	8.6	0.5	0	1.5	0	0	5.3	57.5	77.5	34.8	56.15	30.3	27.7	100	99.9	99.9	98.9	99.9	97.2	99.7	99.9	99.9	99.9	-4.30005	-39.9106	176.482	-2.88504	4.29111	43.698	
1.91	5.1	1.4	2.7	8.6	0.5	0	1.5	0	0	5.3	57.5	77.5	34.8	56.15	30.3	27.7	100	99.9	99.9	98.9	99.9	97.2	99.7	99.9	99.9	99.9	-4.30005	-39.9106	176.482	-2.88504	4.29111	43.698	
1.92	5.1	1.4	2.7	8.6	0.5	0	1.5	0	0	5.3	57.5	77.5	34.8	56.15	30.3	27.7	100	99.9	99.9	98.9	99.9	97.2	99.7	99.9	99.9	99.9	-4.30005	-39.9106	176.482	-2.88504	4.29111	43.698	
1.93	5.1	1.4	2.7	8.6	0.5	0	1.5	0	0	5.3	57.5	77.5	34.8	56.15	30.3	27.7	100	99.9	99.9	98.9	99.9	97.2	99.7	99.9	99.9	99.9	-4.30005	-39.9106	176.482	-2.88504	4.29111	43.698	
1.94	5.1	1.4	2.7	8.6	0.5	0	1.5	0	0	5.3	57.5	77.5	34.8	56.15	30.3	27.7	100	99.9	99.9	98.9	99.9	97.2	99.7	99.9	99.9	99.9	-4.30005	-39.9106	176.482	-2.88504	4.29111	43.698	
1.95	5.1	1.4	2.7	8.6	0.5	0	1.5	0	0	5.3	57.5	77.5	34.8	56.15	30.3	27.7	100	99.9	99.9	98.9	99.9	97.2	99.7	99.9	99.9	99.9	-4.30005	-39.9106	176.482	-2.88504	4.29111	43.698	
1.96	5.1	1.4	2.7	8.6	0.5	0	1.5	0	0	5.3	57.5	77.5	34.8	56.15	30.3	27.7	100	99.9	99.9	98.9	99.9	97.2	99.7	99.9	99.9	99.9	-4.30005	-39.9106	176.482	-2.88504	4.29111	43.698	
1.97	5.4	1.4	2.8	8.6	0.6	0	1.5	0	0	5.4	56.3	75.8	34.7	55.25	29.8	27.5	99.9	99.9	99.9	99.1	99.9	97.4	99.9	99.9	99.9	99.7	-3.46793	-39.9852	175.943	-2.33811	4.18002	43.7308	
1.98	5.4	1.4	2.8	8.6	0.6	0	1.5	0	0	5.4	56.3	75.8	34.7	55.25	29.8	27.5	99.9	99.9	99.9	99.1	99.9	97.4	99.9	99.9	99.9	99.7	-3.46793	-39.9852	175.943	-2.33811	4.18002	43.7308	
1.99	5.4	1.4	2.8	8.6	0.6	0	1.5	0	0	5.4	56.3	75.8	34.7	55.25	29.8	27.5	99.9	99.9	99.9	99.1	99.9	97.4	99.9	99.9	99.9	99.7	-3.46793	-39.9852	175.943	-2.33811	4.18002	43.7308	
2	5.4	1.4	2.8	8.6	0.6	0	1.5	0	0	5.4	56.3	75.8	34.7	55.25	29.8	27.5	99.9	99.9	99.9	99.1	99.9	97.4	99.9	99.9	99.9	99.7	-3.46793	-39.9852	175.943	-2.33811	4.18002	43.7308	
2.01	5.4	1.4	2.8	8.6	0.6	0	1.5	0	0	5.4	56.3	75.8	34.7	55.25	29.8	27.5	99.9	99.9	99.9	99.1	99.9	97.4	99.9	99.9	99.9	99.7	-3.46793	-39.9852	175.943	-2.33811	4.18002	43.7308	
2.02	5.4	1.4	2.8	8.6	0.6	0	1.5	0	0	5.4	56.3	75.8	34.7	55.25	29.8	27.5	99.9	99.9	99.9	99.1	99.9	97.4	99.9	99.9	99.9	99.7	-3.46793	-39.9852	175.943	-2.33811	4.18002	43.7308	
2.03	5.4	1.4	2.8	8.6	0.6	0	1.5	0	0	5.4	56.3	75.8	34.7	55.25	29.8	27.5	99.9	99.9	99.9	99.1	99.9	97.4	99.9	99.9	99.9	99.7	-3.46793	-39.9852	175.943	-2.33811	4.18002	43.7308	
2.04	5.4	1.4	2.8	8.6	0.6	0	1.5	0	0	5.4	56.3	75.8	34.7	55.25	29.8	27.5	99.9	99.9	99.9	99.1	99.9	97.4	99.9	99.9	99.9	99.7	-3.46793	-39.9852	175.943	-2.33811	4.18002	43.7308	
2.05	5.4	1.4	2.8	8.6	0.6	0	1.5	0	0	5.4	56.3	75.8	34.7	55.25	29.8	27.5	99.9	99.9	99.9	99.1	99.9	97.4	99.9	99.9	99.9	99.7	-3.46793	-39.9852	175.943	-2.33811	4.18002	43.7308	
2.06	5.4	1.4	2.8	8.6	0.6	0	1.5	0	0	5.4	56.3	75.8	34.7	55.25	29.8	27.5	99.9	99.9	99.9	99.1	99.9	97.4	99.9	99.9	99.9	99.7	-3.46793	-39.9852	175.943	-2.33811	4.18002	43.7308	
2.07	5.4	1.4	2.8	8.6	0.6	0	1.5	0	0	5.4	56.3	75.8	34.7	55.25	29.8	27.5	99.9	99.9	99.9	99.1	99.9	97.4	99.9	99.9	99.9	99.7	-3.46793	-39.9852	175.943	-2.33811	4.18002	43.7308	
2.08	5.4	1.4	2.8	8.6	0.6	0	1.5	0	0	5.4	56.3	75.8	34.7	55.25	29.8	27.5	99.9	99.9	99.9	99.1	99.9	97.4	99.9	99.9	99.9	99.7	-3.46793	-39.9852	175.943	-2.33811	4.18002	43.7308	
2.09	5.4	1.4	2.8	8.6	0.6	0	1.5	0	0	5.4	56.3	75.8	34.7	55.25	29.8	27.5	99.9	99.9	99.9	99.1	99.9	97.4	99.9	99.9	99.9	99.7	-3.46793	-39.9852	175.943	-2.33811	4.18002	43.7308	
2.1	5.4	1.4	2.8	8.6	0.6	0	1.5	0	0	5.4	56.3	75.8	34.7	55.25	29.8	27.5	99.9	99.9	99.9	99.1	99.9	97.4	99.9	99.9	99.9	99.7	-3.46793	-39.9852	175.943	-2.33811	4.18002	43.7308	
2.11	5.4	1.4	2.8	8.6	0.6	0	1.5	0	0	5.4	56.3	75.8	34.7	55.25	29.8	27.5	99.9	99.9	99.9	99.1	99.9	97.4	99.9	99.9	99.9	99.7	-3.46793	-39.9852	175.943	-2.33811	4.18002	43.7308	
2.12	5.4	1.4	2.8	8.6	0.6	0	1.5	0	0	5.4	56.3	75.8	34.7	55.25	29.8	27.5	99.9	99.9	99.9	99.1	99.9	97.4	99.9	99.9	99.9	99.7	-3.46793	-39.9852	175.943	-2.33811	4.18002	43.7308	
2.13	5.4	1.4	2.8	8.6	0.6	0	1.5	0	0	5.4	56.3	75.8	34.7	55.25	29.8	27.5	99.9	99.9	99.9	99.1	99.9	97.4	99.9	99.9	99.9	99.7	-3.46793	-39.9852	175.943	-2.33811	4.18002	43.7308	
2.14	5.4	1.4	2.8	8.6	0.6	0	1.5	0	0	5.4	56.3	75.8	34.7	55.25	29.8	27.5	99.9	99.9	99.9	99.1	99.9	97.4	99.9	99.9	99.9	99.7	-3.46793	-39.9852	175.943	-2.33811	4.18002	43.7308	
2.15	5.4	1.4	2.8	8.6	0.6	0	1.5	0	0	5.4	56.3	75.8	34.7	55.25	29.8	27.5	99.9	99.9	99.9	99.1	99.9	97.4	99.9	99.9	99.9	99.7	-3.46793	-39.9852	175.943	-2.33811	4.18002	43.7308	
2.16	5.4	1.4	2.8	8.6	0.6	0	1.5	0	0	5.4	56.3	75.8	34.7	55.25	29.8	27.5	99.9	99.9	99.9	99.1	99.9	97.4	99.9	99.9	99.9	99.7	-3.46793	-39.9852	175.943	-2.33811	4.18002	43.7308	
2.17	5.4	1.4	2.8	8.6	0.6	0	1.5	0	0	5.4	56.3	75.8	34.7	55.25	29.8	27.5	99.9	99.9	99.9	99.1	99.9	97.4	99.9	99.9	99.9	99.7	-3.46793	-39.9852	175.943	-2.33811	4.18002	43.7308	
