Hora de inicio de la toma de datos: 11:53:38
AT(s)	F1.1	F1.2	F2.1	F2.2	F3.1	F3.2	F4.1	F4.2	F5.1	F5.2	ABD1	ABD2	ABD3	ABD4	PA	TCO	P1	P2	P3	P4	P5	P6	P7	P8	P9	P10	HRoll	HPitch	HYaw	WRoll	WPitch	WYaw	
0.01	2.5	0	5.7	4.3	3.9	0	1.8	0	0	0	0	12.5	7.4	9.95	22.9	25.8	99.9	99.9	99.9	99.7	99.9	95.3	99.9	99.9	99.9	97.7	-18.6112	-11.884	78.7247	-4.96088	8.78506	53.8847	
0.02	2.5	0	5.7	4.3	3.9	0	1.8	0	0	0	0	12.5	7.4	9.95	22.9	25.8	99.9	99.9	99.9	99.7	99.9	95.3	99.9	99.9	99.9	97.7	-18.6112	-11.884	78.7247	-4.96088	8.78506	53.8847	
0.03	2.5	0	5.7	4.3	3.9	0	1.8	0	0	0	0	12.5	7.4	9.95	22.9	25.8	99.9	99.9	99.9	99.7	99.9	95.3	99.9	99.9	99.9	97.7	-18.6112	-11.884	78.7247	-4.96088	8.78506	53.8847	
0.04	2.5	0	5.7	4.3	3.9	0	1.8	0	0	0	0	12.5	7.4	9.95	22.9	25.8	99.9	99.9	99.9	99.7	99.9	95.3	99.9	99.9	99.9	97.7	-18.6112	-11.884	78.7247	-4.96088	8.78506	53.8847	
0.05	2.5	0	5.7	4.3	3.9	0	1.8	0	0	0	0	12.5	7.4	9.95	22.9	25.8	99.9	99.9	99.9	99.7	99.9	95.3	99.9	99.9	99.9	97.7	-18.6112	-11.884	78.7247	-4.96088	8.78506	53.8847	
0.06	2.5	0	5.7	4.3	3.9	0	1.8	0	0	0	0	12.5	7.4	9.95	22.9	25.8	99.9	99.9	99.9	99.7	99.9	95.3	99.9	99.9	99.9	97.7	-18.6112	-11.884	78.7247	-4.96088	8.78506	53.8847	
0.07	2.5	0	5.7	4.3	3.9	0	1.8	0	0	0	0	12.5	7.4	9.95	22.9	25.8	99.9	99.9	99.9	99.7	99.9	95.3	99.9	99.9	99.9	97.7	-18.6112	-11.884	78.7247	-4.96088	8.78506	53.8847	
0.08	2.5	0	5.7	4.3	3.9	0	1.8	0	0	0	0	12.5	7.4	9.95	22.9	25.8	99.9	99.9	99.9	99.7	99.9	95.3	99.9	99.9	99.9	97.7	-18.6112	-11.884	78.7247	-4.96088	8.78506	53.8847	
0.09	2.5	0	5.7	4.3	3.9	0	1.8	0	0	0	0	12.5	7.4	9.95	22.9	25.8	99.9	99.9	99.9	99.7	99.9	95.3	99.9	99.9	99.9	97.7	-18.6112	-11.884	78.7247	-4.96088	8.78506	53.8847	
0.1	2.5	0	5.7	4.3	3.9	0	1.8	0	0	0	0	12.5	7.4	9.95	22.9	25.8	99.9	99.9	99.9	99.7	99.9	95.3	99.9	99.9	99.9	97.7	-18.6112	-11.884	78.7247	-4.96088	8.78506	53.8847	
0.11	2.5	0	5.7	4.3	3.9	0	1.8	0	0	0	0	12.5	7.4	9.95	22.9	25.8	99.9	99.9	99.9	99.7	99.9	95.3	99.9	99.9	99.9	97.7	-18.6112	-11.884	78.7247	-4.96088	8.78506	53.8847	
0.12	2.5	0	5.7	4.3	3.9	0	1.8	0	0	0	0	12.5	7.4	9.95	22.9	25.8	99.9	99.9	99.9	99.7	99.9	95.3	99.9	99.9	99.9	97.7	-18.6112	-11.884	78.7247	-4.96088	8.78506	53.8847	
0.13	2.5	0	5.7	4.3	3.9	0	1.8	0	0	0	0	12.5	7.4	9.95	22.9	25.8	99.9	99.9	99.9	99.7	99.9	95.3	99.9	99.9	99.9	97.7	-18.6112	-11.884	78.7247	-4.96088	8.78506	53.8847	
0.14	2.5	0	5.7	4.3	3.9	0	1.8	0	0	0	0	12.5	7.4	9.95	22.9	25.8	99.9	99.9	99.9	99.7	99.9	95.3	99.9	99.9	99.9	97.7	-18.6112	-11.884	78.7247	-4.96088	8.78506	53.8847	
0.15	2.5	0	5.7	4.3	3.9	0	1.8	0	0	0	0	12.5	7.4	9.95	22.9	25.8	99.9	99.9	99.9	99.7	99.9	95.3	99.9	99.9	99.9	97.7	-18.6112	-11.884	78.7247	-4.96088	8.78506	53.8847	
0.16	2.5	0	5.7	4.3	3.9	0	1.8	0	0	0	0	12.5	7.4	9.95	22.9	25.8	99.9	99.9	99.9	99.7	99.9	95.3	99.9	99.9	99.9	97.7	-18.6112	-11.884	78.7247	-4.96088	8.78506	53.8847	
0.171	2.5	0	5.7	4.3	3.9	0	1.8	0	0	0	0	12.5	7.4	9.95	22.9	25.8	99.9	99.9	99.9	99.7	99.9	95.3	99.9	99.9	99.9	97.7	-18.6112	-11.884	78.7247	-4.96088	8.78506	53.8847	
0.181	2.5	0	5.7	4.3	3.9	0	1.8	0	0	0	0	12.5	7.4	9.95	22.9	25.8	99.9	99.9	99.9	99.7	99.9	95.3	99.9	99.9	99.9	97.7	-18.6112	-11.884	78.7247	-4.96088	8.78506	53.8847	
0.191	2.5	0	5.7	4.3	3.9	0	1.8	0	0	0	0	12.5	7.4	9.95	22.9	25.8	99.9	99.9	99.9	99.7	99.9	95.3	99.9	99.9	99.9	97.7	-18.6112	-11.884	78.7247	-4.96088	8.78506	53.8847	
0.201	2.5	0	5.7	4.3	3.9	0	1.8	0	0	0	0	12.5	7.4	9.95	22.9	25.8	99.9	99.9	99.9	99.7	99.9	95.3	99.9	99.9	99.9	97.7	-18.6112	-11.884	78.7247	-4.96088	8.78506	53.8847	
0.211	2.5	0	5.7	4.3	3.9	0	1.8	0	0	0	0	12.5	7.4	9.95	22.9	25.8	99.9	99.9	99.9	99.7	99.9	95.3	99.9	99.9	99.9	97.7	-18.6112	-11.884	78.7247	-4.96088	8.78506	53.8847	
0.221	2.5	0	5.7	4.3	3.9	0	1.8	0	0	0	0	12.5	7.4	9.95	22.9	25.8	99.9	99.9	99.9	99.7	99.9	95.3	99.9	99.9	99.9	97.7	-18.6112	-11.884	78.7247	-4.96088	8.78506	53.8847	
0.231	2.5	0	5.7	4.3	3.9	0	1.8	0	0	0	0	12.5	7.4	9.95	22.9	25.8	99.9	99.9	99.9	99.7	99.9	95.3	99.9	99.9	99.9	97.7	-18.6112	-11.884	78.7247	-4.96088	8.78506	53.8847	
0.241	2.5	0	5.7	4.3	3.9	0	1.8	0	0	0	0	12.5	7.4	9.95	22.9	25.8	99.9	99.9	99.9	99.7	99.9	95.3	99.9	99.9	99.9	97.7	-18.6112	-11.884	78.7247	-4.96088	8.78506	53.8847	
0.251	2.5	0	5.7	4.3	3.9	0	1.8	0	0	0	0	12.5	7.4	9.95	22.9	25.8	99.9	99.9	99.9	99.7	99.9	95.3	99.9	99.9	99.9	97.7	-18.6112	-11.884	78.7247	-4.96088	8.78506	53.8847	
0.261	2.5	0	5.7	4.3	3.9	0	1.8	0	0	0	0	12.5	7.4	9.95	22.9	25.8	99.9	99.9	99.9	99.7	99.9	95.3	99.9	99.9	99.9	97.7	-18.6112	-11.884	78.7247	-4.96088	8.78506	53.8847	
0.271	2.5	0	5.7	4.3	3.9	0	1.8	0	0	0	0	12.5	7.4	9.95	22.9	25.8	99.9	99.9	99.9	99.7	99.9	95.3	99.9	99.9	99.9	97.7	-18.6112	-11.884	78.7247	-4.96088	8.78506	53.8847	
0.281	2.5	0	5.7	4.3	3.9	0	1.8	0	0	0	0	12.5	7.4	9.95	22.9	25.8	99.9	99.9	99.9	99.7	99.9	95.3	99.9	99.9	99.9	97.7	-18.6112	-11.884	78.7247	-4.96088	8.78506	53.8847	
0.29	2.3	0	5.5	4.3	4.1	0	1.8	0	0	0	0	12.5	7.4	9.95	22.8	25.8	99.9	99.9	99.9	99.7	99.9	95.3	99.8	99.8	99.9	98.6	-18.5368	-11.7786	78.702	-4.75052	8.73616	53.9281	
0.3	2.3	0	5.5	4.3	4.1	0	1.8	0	0	0	0	12.5	7.4	9.95	22.8	25.8	99.9	99.9	99.9	99.7	99.9	95.3	99.8	99.8	99.9	98.6	-18.5368	-11.7786	78.702	-4.75052	8.73616	53.9281	
0.31	2.3	0	5.5	4.3	4.1	0	1.8	0	0	0	0	12.5	7.4	9.95	22.8	25.8	99.9	99.9	99.9	99.7	99.9	95.3	99.8	99.8	99.9	98.6	-18.5368	-11.7786	78.702	-4.75052	8.73616	53.9281	
0.32	2.3	0	5.5	4.3	4.1	0	1.8	0	0	0	0	12.5	7.4	9.95	22.8	25.8	99.9	99.9	99.9	99.7	99.9	95.3	99.8	99.8	99.9	98.6	-18.5368	-11.7786	78.702	-4.75052	8.73616	53.9281	
0.33	2.3	0	5.5	4.3	4.1	0	1.8	0	0	0	0	12.5	7.4	9.95	22.8	25.8	99.9	99.9	99.9	99.7	99.9	95.3	99.8	99.8	99.9	98.6	-18.5368	-11.7786	78.702	-4.75052	8.73616	53.9281	
0.34	2.3	0	5.5	4.3	4.1	0	1.8	0	0	0	0	12.5	7.4	9.95	22.8	25.8	99.9	99.9	99.9	99.7	99.9	95.3	99.8	99.8	99.9	98.6	-18.5368	-11.7786	78.702	-4.75052	8.73616	53.9281	
0.35	2.3	0	5.5	4.3	4.1	0	1.8	0	0	0	0	12.5	7.4	9.95	22.8	25.8	99.9	99.9	99.9	99.7	99.9	95.3	99.8	99.8	99.9	98.6	-18.5368	-11.7786	78.702	-4.75052	8.73616	53.9281	
0.36	2.3	0	5.5	4.3	4.1	0	1.8	0	0	0	0	12.5	7.4	9.95	22.8	25.8	99.9	99.9	99.9	99.7	99.9	95.3	99.8	99.8	99.9	98.6	-18.5368	-11.7786	78.702	-4.75052	8.73616	53.9281	
0.37	2.3	0	5.5	4.3	4.1	0	1.8	0	0	0	0	12.5	7.4	9.95	22.8	25.8	99.9	99.9	99.9	99.7	99.9	95.3	99.8	99.8	99.9	98.6	-18.5368	-11.7786	78.702	-4.75052	8.73616	53.9281	
0.38	2.3	0	5.5	4.3	4.1	0	1.8	0	0	0	0	12.5	7.4	9.95	22.8	25.8	99.9	99.9	99.9	99.7	99.9	95.3	99.8	99.8	99.9	98.6	-18.5368	-11.7786	78.702	-4.75052	8.73616	53.9281	
0.39	2.3	0	5.5	4.3	4.1	0	1.8	0	0	0	0	12.5	7.4	9.95	22.8	25.8	99.9	99.9	99.9	99.7	99.9	95.3	99.8	99.8	99.9	98.6	-18.5368	-11.7786	78.702	-4.75052	8.73616	53.9281	
0.4	2.3	0	5.5	4.3	4.1	0	1.8	0	0	0	0	12.5	7.4	9.95	22.8	25.8	99.9	99.9	99.9	99.7	99.9	95.3	99.8	99.8	99.9	98.6	-18.5368	-11.7786	78.702	-4.75052	8.73616	53.9281	
0.41	2.3	0	5.5	4.3	4.1	0	1.8	0	0	0	0	12.5	7.4	9.95	22.8	25.8	99.9	99.9	99.9	99.7	99.9	95.3	99.8	99.8	99.9	98.6	-18.5368	-11.7786	78.702	-4.75052	8.73616	53.9281	
0.42	2.3	0	5.5	4.3	4.1	0	1.8	0	0	0	0	12.5	7.4	9.95	22.8	25.8	99.9	99.9	99.9	99.7	99.9	95.3	99.8	99.8	99.9	98.6	-18.5368	-11.7786	78.702	-4.75052	8.73616	53.9281	
0.43	2.3	0	5.5	4.3	4.1	0	1.8	0	0	0	0	12.5	7.4	9.95	22.8	25.8	99.9	99.9	99.9	99.7	99.9	95.3	99.8	99.8	99.9	98.6	-18.5368	-11.7786	78.702	-4.75052	8.73616	53.9281	
0.44	2.3	0	5.5	4.3	4.1	0	1.8	0	0	0	0	12.5	7.4	9.95	22.8	25.8	99.9	99.9	99.9	99.7	99.9	95.3	99.8	99.8	99.9	98.6	-18.5368	-11.7786	78.702	-4.75052	8.73616	53.9281	
0.45	2.3	0	5.5	4.3	4.1	0	1.8	0	0	0	0	12.5	7.4	9.95	22.8	25.8	99.9	99.9	99.9	99.7	99.9	95.3	99.8	99.8	99.9	98.6	-18.5368	-11.7786	78.702	-4.75052	8.73616	53.9281	
0.46	2.3	0	5.5	4.3	4.1	0	1.8	0	0	0	0	12.5	7.4	9.95	22.8	25.8	99.9	99.9	99.9	99.7	99.9	95.3	99.8	99.8	99.9	98.6	-18.5368	-11.7786	78.702	-4.75052	8.73616	53.9281	
0.47	2.3	0	5.5	4.3	4.1	0	1.8	0	0	0	0	12.5	7.4	9.95	22.8	25.8	99.9	99.9	99.9	99.7	99.9	95.3	99.8	99.8	99.9	98.6	-18.5368	-11.7786	78.702	-4.75052	8.73616	53.9281	
0.48	2.3	0	5.5	4.3	4.1	0	1.8	0	0	0	0	12.5	7.4	9.95	22.8	25.8	99.9	99.9	99.9	99.7	99.9	95.3	99.8	99.8	99.9	98.6	-18.5368	-11.7786	78.702	-4.75052	8.73616	53.9281	
0.49	2.3	0	5.5	4.3	4.1	0	1.8	0	0	0	0	12.5	7.4	9.95	22.8	25.8	99.9	99.9	99.9	99.7	99.9	95.3	99.8	99.8	99.9	98.6	-18.5368	-11.7786	78.702	-4.75052	8.73616	53.9281	
0.5	2.3	0	5.5	4.3	4.1	0	1.8	0	0	0	0	12.5	7.4	9.95	22.8	25.8	99.9	99.9	99.9	99.7	99.9	95.3	99.8	99.8	99.9	98.6	-18.5368	-11.7786	78.702	-4.75052	8.73616	53.9281	
0.51	2.3	0	5.5	4.3	4.1	0	1.8	0	0	0	0	12.5	7.4	9.95	22.8	25.8	99.9	99.9	99.9	99.7	99.9	95.3	99.8	99.8	99.9	98.6	-18.5368	-11.7786	78.702	-4.75052	8.73616	53.9281	
0.52	2.3	0	5.5	4.3	4.1	0	1.8	0	0	0	0	12.5	7.4	9.95	22.8	25.8	99.9	99.9	99.9	99.7	99.9	95.3	99.8	99.8	99.9	98.6	-18.5368	-11.7786	78.702	-4.75052	8.73616	53.9281	
0.53	2.3	0	5.5	4.3	4.1	0	1.8	0	0	0	0	12.5	7.4	9.95	22.8	25.8	99.9	99.9	99.9	99.7	99.9	95.3	99.8	99.8	99.9	98.6	-18.5368	-11.7786	78.702	-4.75052	8.73616	53.9281	
0.54	2.3	0	5.5	4.3	4.1	0	1.8	0	0	0	0	12.5	7.4	9.95	22.8	25.8	99.9	99.9	99.9	99.7	99.9	95.3	99.8	99.8	99.9	98.6	-18.5368	-11.7786	78.702	-4.75052	8.73616	53.9281	
0.55	2.3	0	5.5	4.3	4.1	0	1.8	0	0	0	0	12.5	7.4	9.95	22.8	25.8	99.9	99.9	99.9	99.7	99.9	95.3	99.8	99.8	99.9	98.6	-18.5368	-11.7786	78.702	-4.75052	8.73616	53.9281	
0.56	2.3	0	5.5	4.3	4.1	0	1.8	0	0	0	0	12.5	7.4	9.95	22.8	25.8	99.9	99.9	99.9	99.7	99.9	95.3	99.8	99.8	99.9	98.6	-18.5368	-11.7786	78.702	-4.75052	8.73616	53.9281	
0.57	2.3	0	5.5	4.3	4.1	0	1.8	0	0	0	0	12.5	7.4	9.95	22.8	25.8	99.9	99.9	99.9	99.7	99.9	95.3	99.8	99.8	99.9	98.6	-18.5368	-11.7786	78.702	-4.75052	8.73616	53.9281	
0.58	2.3	0	5.5	4.3	4.1	0	1.8	0	0	0	0	12.5	7.4	9.95	22.8	25.8	99.9	99.9	99.9	99.7	99.9	95.3	99.8	99.8	99.9	98.6	-18.5368	-11.7786	78.702	-4.75052	8.73616	53.9281	
0.59	2.3	0	5.5	4.3	4.1	0	1.8	0	0	0	0	12.5	7.4	9.95	22.8	25.8	99.9	99.9	99.9	99.7	99.9	95.3	99.8	99.8	99.9	98.6	-18.5368	-11.7786	78.702	-4.75052	8.73616	53.9281	
0.6	2.3	0	5.5	4.3	4.1	0	1.8	0	0	0	0	12.5	7.4	9.95	22.8	25.8	99.9	99.9	99.9	99.7	99.9	95.3	99.8	99.8	99.9	98.6	-18.5368	-11.7786	78.702	-4.75052	8.73616	53.9281	
0.61	2.3	0	5.5	4.3	4.1	0	1.8	0	0	0	0	12.5	7.4	9.95	22.8	25.8	99.9	99.9	99.9	99.7	99.9	95.3	99.8	99.8	99.9	98.6	-18.5368	-11.7786	78.702	-4.75052	8.73616	53.9281	
0.62	2.3	0	5.5	4.3	4.1	0	1.8	0	0	0	0	12.5	7.4	9.95	22.8	25.8	99.9	99.9	99.9	99.7	99.9	95.3	99.8	99.8	99.9	98.6	-18.5368	-11.7786	78.702	-4.75052	8.73616	53.9281	
0.63	2.3	0	5.5	4.3	4.1	0	1.8	0	0	0	0	12.5	7.4	9.95	22.8	25.8	99.9	99.9	99.9	99.7	99.9	95.3	99.8	99.8	99.9	98.6	-18.5368	-11.7786	78.702	-4.75052	8.73616	53.9281	
0.64	2.3	0	5.5	4.3	4.1	0	1.8	0	0	0	0	12.5	7.4	9.95	22.8	25.8	99.9	99.9	99.9	99.7	99.9	95.3	99.8	99.8	99.9	98.6	-18.5368	-11.7786	78.702	-4.75052	8.73616	53.9281	
0.65	2.3	0	5.5	4.3	4.1	0	1.8	0	0	0	0	12.5	7.4	9.95	22.8	25.8	99.9	99.9	99.9	99.7	99.9	95.3	99.8	99.8	99.9	98.6	-18.5368	-11.7786	78.702	-4.75052	8.73616	53.9281	
0.66	2.4	0	5.7	4.3	4	0	1.8	0	0	0	0	12.4	7.6	10	22.7	25.7	100	99.9	99.9	99.7	99.9	95.4	99.9	99.9	99.8	98.1	-18.6565	-11.9098	78.7304	-4.93505	8.66014	53.8885	
0.67	2.4	0	5.7	4.3	4	0	1.8	0	0	0	0	12.4	7.6	10	22.7	25.7	100	99.9	99.9	99.7	99.9	95.4	99.9	99.9	99.8	98.1	-18.6565	-11.9098	78.7304	-4.93505	8.66014	53.8885	
0.68	2.4	0	5.7	4.3	4	0	1.8	0	0	0	0	12.4	7.6	10	22.7	25.7	100	99.9	99.9	99.7	99.9	95.4	99.9	99.9	99.8	98.1	-18.6565	-11.9098	78.7304	-4.93505	8.66014	53.8885	
0.69	2.4	0	5.7	4.3	4	0	1.8	0	0	0	0	12.4	7.6	10	22.7	25.7	100	99.9	99.9	99.7	99.9	95.4	99.9	99.9	99.8	98.1	-18.6565	-11.9098	78.7304	-4.93505	8.66014	53.8885	
0.7	2.4	0	5.7	4.3	4	0	1.8	0	0	0	0	12.4	7.6	10	22.7	25.7	100	99.9	99.9	99.7	99.9	95.4	99.9	99.9	99.8	98.1	-18.6565	-11.9098	78.7304	-4.93505	8.66014	53.8885	
0.71	2.4	0	5.7	4.3	4	0	1.8	0	0	0	0	12.4	7.6	10	22.7	25.7	100	99.9	99.9	99.7	99.9	95.4	99.9	99.9	99.8	98.1	-18.6565	-11.9098	78.7304	-4.93505	8.66014	53.8885	
0.72	2.4	0	5.7	4.3	4	0	1.8	0	0	0	0	12.4	7.6	10	22.7	25.7	100	99.9	99.9	99.7	99.9	95.4	99.9	99.9	99.8	98.1	-18.6565	-11.9098	78.7304	-4.93505	8.66014	53.8885	
0.73	2.4	0	5.7	4.3	4	0	1.8	0	0	0	0	12.4	7.6	10	22.7	25.7	100	99.9	99.9	99.7	99.9	95.4	99.9	99.9	99.8	98.1	-18.6565	-11.9098	78.7304	-4.93505	8.66014	53.8885	
0.74	2.4	0	5.7	4.3	4	0	1.8	0	0	0	0	12.4	7.6	10	22.7	25.7	100	99.9	99.9	99.7	99.9	95.4	99.9	99.9	99.8	98.1	-18.6565	-11.9098	78.7304	-4.93505	8.66014	53.8885	
0.75	2.4	0	5.7	4.3	4	0	1.8	0	0	0	0	12.4	7.6	10	22.7	25.7	100	99.9	99.9	99.7	99.9	95.4	99.9	99.9	99.8	98.1	-18.6565	-11.9098	78.7304	-4.93505	8.66014	53.8885	
0.76	2.4	0	5.7	4.3	4	0	1.8	0	0	0	0	12.4	7.6	10	22.7	25.7	100	99.9	99.9	99.7	99.9	95.4	99.9	99.9	99.8	98.1	-18.6565	-11.9098	78.7304	-4.93505	8.66014	53.8885	
0.77	2.4	0	5.7	4.3	4	0	1.8	0	0	0	0	12.4	7.6	10	22.7	25.7	100	99.9	99.9	99.7	99.9	95.4	99.9	99.9	99.8	98.1	-18.6565	-11.9098	78.7304	-4.93505	8.66014	53.8885	
0.78	2.4	0	5.7	4.3	4	0	1.8	0	0	0	0	12.4	7.6	10	22.7	25.7	100	99.9	99.9	99.7	99.9	95.4	99.9	99.9	99.8	98.1	-18.6565	-11.9098	78.7304	-4.93505	8.66014	53.8885	
0.79	2.4	0	5.7	4.3	4	0	1.8	0	0	0	0	12.4	7.6	10	22.7	25.7	100	99.9	99.9	99.7	99.9	95.4	99.9	99.9	99.8	98.1	-18.6565	-11.9098	78.7304	-4.93505	8.66014	53.8885	
0.8	2.4	0	5.7	4.3	4	0	1.8	0	0	0	0	12.4	7.6	10	22.7	25.7	100	99.9	99.9	99.7	99.9	95.4	99.9	99.9	99.8	98.1	-18.6565	-11.9098	78.7304	-4.93505	8.66014	53.8885	
0.81	2.4	0	5.7	4.3	4	0	1.8	0	0	0	0	12.4	7.6	10	22.7	25.7	100	99.9	99.9	99.7	99.9	95.4	99.9	99.9	99.8	98.1	-18.6565	-11.9098	78.7304	-4.93505	8.66014	53.8885	
0.82	2.4	0	5.7	4.3	4	0	1.8	0	0	0	0	12.4	7.6	10	22.7	25.7	100	99.9	99.9	99.7	99.9	95.4	99.9	99.9	99.8	98.1	-18.6565	-11.9098	78.7304	-4.93505	8.66014	53.8885	
0.83	2.4	0	5.7	4.3	4	0	1.8	0	0	0	0	12.4	7.6	10	22.7	25.7	100	99.9	99.9	99.7	99.9	95.4	99.9	99.9	99.8	98.1	-18.6565	-11.9098	78.7304	-4.93505	8.66014	53.8885	
0.84	2.4	0	5.7	4.3	4	0	1.8	0	0	0	0	12.4	7.6	10	22.7	25.7	100	99.9	99.9	99.7	99.9	95.4	99.9	99.9	99.8	98.1	-18.6565	-11.9098	78.7304	-4.93505	8.66014	53.8885	
0.85	2.4	0	5.7	4.3	4	0	1.8	0	0	0	0	12.4	7.6	10	22.7	25.7	100	99.9	99.9	99.7	99.9	95.4	99.9	99.9	99.8	98.1	-18.6565	-11.9098	78.7304	-4.93505	8.66014	53.8885	
0.86	2.4	0	5.7	4.3	4	0	1.8	0	0	0	0	12.4	7.6	10	22.7	25.7	100	99.9	99.9	99.7	99.9	95.4	99.9	99.9	99.8	98.1	-18.6565	-11.9098	78.7304	-4.93505	8.66014	53.8885	
0.87	2.4	0	5.7	4.3	4	0	1.8	0	0	0	0	12.4	7.6	10	22.7	25.7	100	99.9	99.9	99.7	99.9	95.4	99.9	99.9	99.8	98.1	-18.6565	-11.9098	78.7304	-4.93505	8.66014	53.8885	
0.88	2.4	0	5.7	4.3	4	0	1.8	0	0	0	0	12.4	7.6	10	22.7	25.7	100	99.9	99.9	99.7	99.9	95.4	99.9	99.9	99.8	98.1	-18.6565	-11.9098	78.7304	-4.93505	8.66014	53.8885	
0.89	2.4	0	5.7	4.3	4	0	1.8	0	0	0	0	12.4	7.6	10	22.7	25.7	100	99.9	99.9	99.7	99.9	95.4	99.9	99.9	99.8	98.1	-18.6565	-11.9098	78.7304	-4.93505	8.66014	53.8885	
0.9	2.4	0	5.7	4.3	4	0	1.8	0	0	0	0	12.4	7.6	10	22.7	25.7	100	99.9	99.9	99.7	99.9	95.4	99.9	99.9	99.8	98.1	-18.6565	-11.9098	78.7304	-4.93505	8.66014	53.8885	
0.91	2.4	0	5.7	4.3	4	0	1.8	0	0	0	0	12.4	7.6	10	22.7	25.7	100	99.9	99.9	99.7	99.9	95.4	99.9	99.9	99.8	98.1	-18.6565	-11.9098	78.7304	-4.93505	8.66014	53.8885	
0.92	2.4	0	5.7	4.3	4	0	1.8	0	0	0	0	12.4	7.6	10	22.7	25.7	100	99.9	99.9	99.7	99.9	95.4	99.9	99.9	99.8	98.1	-18.6565	-11.9098	78.7304	-4.93505	8.66014	53.8885	
0.93	2.4	0	5.7	4.3	4	0	1.8	0	0	0	0	12.4	7.6	10	22.7	25.7	100	99.9	99.9	99.7	99.9	95.4	99.9	99.9	99.8	98.1	-18.6565	-11.9098	78.7304	-4.93505	8.66014	53.8885	
0.94	2.4	0	5.7	4.3	4	0	1.8	0	0	0	0	12.4	7.6	10	22.7	25.7	100	99.9	99.9	99.7	99.9	95.4	99.9	99.9	99.8	98.1	-18.6565	-11.9098	78.7304	-4.93505	8.66014	53.8885	
0.95	2.4	0	5.7	4.3	4	0	1.8	0	0	0	0	12.4	7.6	10	22.7	25.7	100	99.9	99.9	99.7	99.9	95.4	99.9	99.9	99.8	98.1	-18.6565	-11.9098	78.7304	-4.93505	8.66014	53.8885	
0.96	2.4	0	5.7	4.3	4	0	1.8	0	0	0	0	12.4	7.6	10	22.7	25.7	100	99.9	99.9	99.7	99.9	95.4	99.9	99.9	99.8	98.1	-18.6565	-11.9098	78.7304	-4.93505	8.66014	53.8885	
0.97	2.4	0	5.7	4.3	4	0	1.8	0	0	0	0	12.4	7.6	10	22.7	25.7	100	99.9	99.9	99.7	99.9	95.4	99.9	99.9	99.8	98.1	-18.6565	-11.9098	78.7304	-4.93505	8.66014	53.8885	
0.98	2.4	0	5.7	4.3	4	0	1.8	0	0	0	0	12.4	7.6	10	22.7	25.7	100	99.9	99.9	99.7	99.9	95.4	99.9	99.9	99.8	98.1	-18.6565	-11.9098	78.7304	-4.93505	8.66014	53.8885	
0.99	2.4	0	5.7	4.3	4	0	1.8	0	0	0	0	12.4	7.6	10	22.7	25.7	100	99.9	99.9	99.7	99.9	95.4	99.9	99.9	99.8	98.1	-18.6565	-11.9098	78.7304	-4.93505	8.66014	53.8885	
1	2.4	0	5.7	4.3	4	0	1.8	0	0	0	0	12.4	7.6	10	22.7	25.7	100	99.9	99.9	99.7	99.9	95.4	99.9	99.9	99.8	98.1	-18.6565	-11.9098	78.7304	-4.93505	8.66014	53.8885	
1.01	2.4	0	5.7	4.3	4	0	1.8	0	0	0	0	12.4	7.6	10	22.7	25.7	100	99.9	99.9	99.7	99.9	95.4	99.9	99.9	99.8	98.1	-18.6565	-11.9098	78.7304	-4.93505	8.66014	53.8885	
1.02	2.5	0	5.8	4.3	3.7	0	1.8	0	0	0	0	12.2	7.5	9.85	22.8	25.7	100	99.9	99.9	99.7	99.9	95.3	99.9	99.8	99.9	97.9	-18.5998	-11.945	78.7234	-4.87835	8.83124	53.8829	
1.03	2.5	0	5.8	4.3	3.7	0	1.8	0	0	0	0	12.2	7.5	9.85	22.8	25.7	100	99.9	99.9	99.7	99.9	95.3	99.9	99.8	99.9	97.9	-18.5998	-11.945	78.7234	-4.87835	8.83124	53.8829	
1.04	2.5	0	5.8	4.3	3.7	0	1.8	0	0	0	0	12.2	7.5	9.85	22.8	25.7	100	99.9	99.9	99.7	99.9	95.3	99.9	99.8	99.9	97.9	-18.5998	-11.945	78.7234	-4.87835	8.83124	53.8829	
1.05	2.5	0	5.8	4.3	3.7	0	1.8	0	0	0	0	12.2	7.5	9.85	22.8	25.7	100	99.9	99.9	99.7	99.9	95.3	99.9	99.8	99.9	97.9	-18.5998	-11.945	78.7234	-4.87835	8.83124	53.8829	
1.06	2.5	0	5.8	4.3	3.7	0	1.8	0	0	0	0	12.2	7.5	9.85	22.8	25.7	100	99.9	99.9	99.7	99.9	95.3	99.9	99.8	99.9	97.9	-18.5998	-11.945	78.7234	-4.87835	8.83124	53.8829	
1.07	2.5	0	5.8	4.3	3.7	0	1.8	0	0	0	0	12.2	7.5	9.85	22.8	25.7	100	99.9	99.9	99.7	99.9	95.3	99.9	99.8	99.9	97.9	-18.5998	-11.945	78.7234	-4.87835	8.83124	53.8829	
1.08	2.5	0	5.8	4.3	3.7	0	1.8	0	0	0	0	12.2	7.5	9.85	22.8	25.7	100	99.9	99.9	99.7	99.9	95.3	99.9	99.8	99.9	97.9	-18.5998	-11.945	78.7234	-4.87835	8.83124	53.8829	
1.09	2.5	0	5.8	4.3	3.7	0	1.8	0	0	0	0	12.2	7.5	9.85	22.8	25.7	100	99.9	99.9	99.7	99.9	95.3	99.9	99.8	99.9	97.9	-18.5998	-11.945	78.7234	-4.87835	8.83124	53.8829	
1.1	2.5	0	5.8	4.3	3.7	0	1.8	0	0	0	0	12.2	7.5	9.85	22.8	25.7	100	99.9	99.9	99.7	99.9	95.3	99.9	99.8	99.9	97.9	-18.5998	-11.945	78.7234	-4.87835	8.83124	53.8829	
1.11	2.5	0	5.8	4.3	3.7	0	1.8	0	0	0	0	12.2	7.5	9.85	22.8	25.7	100	99.9	99.9	99.7	99.9	95.3	99.9	99.8	99.9	97.9	-18.5998	-11.945	78.7234	-4.87835	8.83124	53.8829	
1.12	2.5	0	5.8	4.3	3.7	0	1.8	0	0	0	0	12.2	7.5	9.85	22.8	25.7	100	99.9	99.9	99.7	99.9	95.3	99.9	99.8	99.9	97.9	-18.5998	-11.945	78.7234	-4.87835	8.83124	53.8829	
1.13	2.5	0	5.8	4.3	3.7	0	1.8	0	0	0	0	12.2	7.5	9.85	22.8	25.7	100	99.9	99.9	99.7	99.9	95.3	99.9	99.8	99.9	97.9	-18.5998	-11.945	78.7234	-4.87835	8.83124	53.8829	
1.14	2.5	0	5.8	4.3	3.7	0	1.8	0	0	0	0	12.2	7.5	9.85	22.8	25.7	100	99.9	99.9	99.7	99.9	95.3	99.9	99.8	99.9	97.9	-18.5998	-11.945	78.7234	-4.87835	8.83124	53.8829	
1.15	2.5	0	5.8	4.3	3.7	0	1.8	0	0	0	0	12.2	7.5	9.85	22.8	25.7	100	99.9	99.9	99.7	99.9	95.3	99.9	99.8	99.9	97.9	-18.5998	-11.945	78.7234	-4.87835	8.83124	53.8829	
1.16	2.5	0	5.8	4.3	3.7	0	1.8	0	0	0	0	12.2	7.5	9.85	22.8	25.7	100	99.9	99.9	99.7	99.9	95.3	99.9	99.8	99.9	97.9	-18.5998	-11.945	78.7234	-4.87835	8.83124	53.8829	
1.17	2.5	0	5.8	4.3	3.7	0	1.8	0	0	0	0	12.2	7.5	9.85	22.8	25.7	100	99.9	99.9	99.7	99.9	95.3	99.9	99.8	99.9	97.9	-18.5998	-11.945	78.7234	-4.87835	8.83124	53.8829	
1.18	2.5	0	5.8	4.3	3.7	0	1.8	0	0	0	0	12.2	7.5	9.85	22.8	25.7	100	99.9	99.9	99.7	99.9	95.3	99.9	99.8	99.9	97.9	-18.5998	-11.945	78.7234	-4.87835	8.83124	53.8829	
1.19	2.5	0	5.8	4.3	3.7	0	1.8	0	0	0	0	12.2	7.5	9.85	22.8	25.7	100	99.9	99.9	99.7	99.9	95.3	99.9	99.8	99.9	97.9	-18.5998	-11.945	78.7234	-4.87835	8.83124	53.8829	
1.2	2.5	0	5.8	4.3	3.7	0	1.8	0	0	0	0	12.2	7.5	9.85	22.8	25.7	100	99.9	99.9	99.7	99.9	95.3	99.9	99.8	99.9	97.9	-18.5998	-11.945	78.7234	-4.87835	8.83124	53.8829	
1.21	2.5	0	5.8	4.3	3.7	0	1.8	0	0	0	0	12.2	7.5	9.85	22.8	25.7	100	99.9	99.9	99.7	99.9	95.3	99.9	99.8	99.9	97.9	-18.5998	-11.945	78.7234	-4.87835	8.83124	53.8829	
1.22	2.5	0	5.8	4.3	3.7	0	1.8	0	0	0	0	12.2	7.5	9.85	22.8	25.7	100	99.9	99.9	99.7	99.9	95.3	99.9	99.8	99.9	97.9	-18.5998	-11.945	78.7234	-4.87835	8.83124	53.8829	
1.23	2.5	0	5.8	4.3	3.7	0	1.8	0	0	0	0	12.2	7.5	9.85	22.8	25.7	100	99.9	99.9	99.7	99.9	95.3	99.9	99.8	99.9	97.9	-18.5998	-11.945	78.7234	-4.87835	8.83124	53.8829	
1.24	2.5	0	5.8	4.3	3.7	0	1.8	0	0	0	0	12.2	7.5	9.85	22.8	25.7	100	99.9	99.9	99.7	99.9	95.3	99.9	99.8	99.9	97.9	-18.5998	-11.945	78.7234	-4.87835	8.83124	53.8829	
1.25	2.5	0	5.8	4.3	3.7	0	1.8	0	0	0	0	12.2	7.5	9.85	22.8	25.7	100	99.9	99.9	99.7	99.9	95.3	99.9	99.8	99.9	97.9	-18.5998	-11.945	78.7234	-4.87835	8.83124	53.8829	
1.26	2.5	0	5.8	4.3	3.7	0	1.8	0	0	0	0	12.2	7.5	9.85	22.8	25.7	100	99.9	99.9	99.7	99.9	95.3	99.9	99.8	99.9	97.9	-18.5998	-11.945	78.7234	-4.87835	8.83124	53.8829	
1.27	2.5	0	5.8	4.3	3.7	0	1.8	0	0	0	0	12.2	7.5	9.85	22.8	25.7	100	99.9	99.9	99.7	99.9	95.3	99.9	99.8	99.9	97.9	-18.5998	-11.945	78.7234	-4.87835	8.83124	53.8829	
1.28	2.5	0	5.8	4.3	3.7	0	1.8	0	0	0	0	12.2	7.5	9.85	22.8	25.7	100	99.9	99.9	99.7	99.9	95.3	99.9	99.8	99.9	97.9	-18.5998	-11.945	78.7234	-4.87835	8.83124	53.8829	
1.29	2.5	0	5.8	4.3	3.7	0	1.8	0	0	0	0	12.2	7.5	9.85	22.8	25.7	100	99.9	99.9	99.7	99.9	95.3	99.9	99.8	99.9	97.9	-18.5998	-11.945	78.7234	-4.87835	8.83124	53.8829	
1.3	2.5	0	5.8	4.3	3.7	0	1.8	0	0	0	0	12.2	7.5	9.85	22.8	25.7	100	99.9	99.9	99.7	99.9	95.3	99.9	99.8	99.9	97.9	-18.5998	-11.945	78.7234	-4.87835	8.83124	53.8829	
1.31	2.5	0	5.8	4.3	3.7	0	1.8	0	0	0	0	12.2	7.5	9.85	22.8	25.7	100	99.9	99.9	99.7	99.9	95.3	99.9	99.8	99.9	97.9	-18.5998	-11.945	78.7234	-4.87835	8.83124	53.8829	
1.32	2.5	0	5.8	4.3	3.7	0	1.8	0	0	0	0	12.2	7.5	9.85	22.8	25.7	100	99.9	99.9	99.7	99.9	95.3	99.9	99.8	99.9	97.9	-18.5998	-11.945	78.7234	-4.87835	8.83124	53.8829	
1.33	2.5	0	5.8	4.3	3.7	0	1.8	0	0	0	0	12.2	7.5	9.85	22.8	25.7	100	99.9	99.9	99.7	99.9	95.3	99.9	99.8	99.9	97.9	-18.5998	-11.945	78.7234	-4.87835	8.83124	53.8829	
1.34	2.5	0	5.8	4.3	3.7	0	1.8	0	0	0	0	12.2	7.5	9.85	22.8	25.7	100	99.9	99.9	99.7	99.9	95.3	99.9	99.8	99.9	97.9	-18.5998	-11.945	78.7234	-4.87835	8.83124	53.8829	
1.35	2.5	0	5.8	4.3	3.7	0	1.8	0	0	0	0	12.2	7.5	9.85	22.8	25.7	100	99.9	99.9	99.7	99.9	95.3	99.9	99.8	99.9	97.9	-18.5998	-11.945	78.7234	-4.87835	8.83124	53.8829	
1.36	2.5	0	5.8	4.3	3.7	0	1.8	0	0	0	0	12.2	7.5	9.85	22.8	25.7	100	99.9	99.9	99.7	99.9	95.3	99.9	99.8	99.9	97.9	-18.5998	-11.945	78.7234	-4.87835	8.83124	53.8829	
1.37	2.5	0	5.8	4.3	3.7	0	1.8	0	0	0	0	12.2	7.5	9.85	22.8	25.7	100	99.9	99.9	99.7	99.9	95.3	99.9	99.8	99.9	97.9	-18.5998	-11.945	78.7234	-4.87835	8.83124	53.8829	
1.38	2.5	0	5.8	4.3	3.7	0	1.8	0	0	0	0	12.2	7.5	9.85	22.8	25.7	100	99.9	99.9	99.7	99.9	95.3	99.9	99.8	99.9	97.9	-18.5998	-11.945	78.7234	-4.87835	8.83124	53.8829	
1.39	2.5	0	5.5	4.3	4.1	0	1.8	0	0	0	0	12.5	7.4	9.95	22.8	25.8	100	99.9	99.9	99.8	99.9	95	99.9	99.8	99.9	98.2	-18.6065	-11.8625	78.7229	-4.74315	8.76149	53.8986	
1.4	2.5	0	5.5	4.3	4.1	0	1.8	0	0	0	0	12.5	7.4	9.95	22.8	25.8	100	99.9	99.9	99.8	99.9	95	99.9	99.8	99.9	98.2	-18.6065	-11.8625	78.7229	-4.74315	8.76149	53.8986	
1.41	2.5	0	5.5	4.3	4.1	0	1.8	0	0	0	0	12.5	7.4	9.95	22.8	25.8	100	99.9	99.9	99.8	99.9	95	99.9	99.8	99.9	98.2	-18.6065	-11.8625	78.7229	-4.74315	8.76149	53.8986	
1.42	2.5	0	5.5	4.3	4.1	0	1.8	0	0	0	0	12.5	7.4	9.95	22.8	25.8	100	99.9	99.9	99.8	99.9	95	99.9	99.8	99.9	98.2	-18.6065	-11.8625	78.7229	-4.74315	8.76149	53.8986	
1.43	2.5	0	5.5	4.3	4.1	0	1.8	0	0	0	0	12.5	7.4	9.95	22.8	25.8	100	99.9	99.9	99.8	99.9	95	99.9	99.8	99.9	98.2	-18.6065	-11.8625	78.7229	-4.74315	8.76149	53.8986	
1.44	2.5	0	5.5	4.3	4.1	0	1.8	0	0	0	0	12.5	7.4	9.95	22.8	25.8	100	99.9	99.9	99.8	99.9	95	99.9	99.8	99.9	98.2	-18.6065	-11.8625	78.7229	-4.74315	8.76149	53.8986	
1.45	2.5	0	5.5	4.3	4.1	0	1.8	0	0	0	0	12.5	7.4	9.95	22.8	25.8	100	99.9	99.9	99.8	99.9	95	99.9	99.8	99.9	98.2	-18.6065	-11.8625	78.7229	-4.74315	8.76149	53.8986	
1.46	2.5	0	5.5	4.3	4.1	0	1.8	0	0	0	0	12.5	7.4	9.95	22.8	25.8	100	99.9	99.9	99.8	99.9	95	99.9	99.8	99.9	98.2	-18.6065	-11.8625	78.7229	-4.74315	8.76149	53.8986	
1.47	2.5	0	5.5	4.3	4.1	0	1.8	0	0	0	0	12.5	7.4	9.95	22.8	25.8	100	99.9	99.9	99.8	99.9	95	99.9	99.8	99.9	98.2	-18.6065	-11.8625	78.7229	-4.74315	8.76149	53.8986	
1.48	2.5	0	5.5	4.3	4.1	0	1.8	0	0	0	0	12.5	7.4	9.95	22.8	25.8	100	99.9	99.9	99.8	99.9	95	99.9	99.8	99.9	98.2	-18.6065	-11.8625	78.7229	-4.74315	8.76149	53.8986	
1.49	2.5	0	5.5	4.3	4.1	0	1.8	0	0	0	0	12.5	7.4	9.95	22.8	25.8	100	99.9	99.9	99.8	99.9	95	99.9	99.8	99.9	98.2	-18.6065	-11.8625	78.7229	-4.74315	8.76149	53.8986	
1.5	2.5	0	5.5	4.3	4.1	0	1.8	0	0	0	0	12.5	7.4	9.95	22.8	25.8	100	99.9	99.9	99.8	99.9	95	99.9	99.8	99.9	98.2	-18.6065	-11.8625	78.7229	-4.74315	8.76149	53.8986	
1.51	2.5	0	5.5	4.3	4.1	0	1.8	0	0	0	0	12.5	7.4	9.95	22.8	25.8	100	99.9	99.9	99.8	99.9	95	99.9	99.8	99.9	98.2	-18.6065	-11.8625	78.7229	-4.74315	8.76149	53.8986	
1.52	2.5	0	5.5	4.3	4.1	0	1.8	0	0	0	0	12.5	7.4	9.95	22.8	25.8	100	99.9	99.9	99.8	99.9	95	99.9	99.8	99.9	98.2	-18.6065	-11.8625	78.7229	-4.74315	8.76149	53.8986	
1.53	2.5	0	5.5	4.3	4.1	0	1.8	0	0	0	0	12.5	7.4	9.95	22.8	25.8	100	99.9	99.9	99.8	99.9	95	99.9	99.8	99.9	98.2	-18.6065	-11.8625	78.7229	-4.74315	8.76149	53.8986	
1.54	2.5	0	5.5	4.3	4.1	0	1.8	0	0	0	0	12.5	7.4	9.95	22.8	25.8	100	99.9	99.9	99.8	99.9	95	99.9	99.8	99.9	98.2	-18.6065	-11.8625	78.7229	-4.74315	8.76149	53.8986	
1.55	2.5	0	5.5	4.3	4.1	0	1.8	0	0	0	0	12.5	7.4	9.95	22.8	25.8	100	99.9	99.9	99.8	99.9	95	99.9	99.8	99.9	98.2	-18.6065	-11.8625	78.7229	-4.74315	8.76149	53.8986	
1.56	2.5	0	5.5	4.3	4.1	0	1.8	0	0	0	0	12.5	7.4	9.95	22.8	25.8	100	99.9	99.9	99.8	99.9	95	99.9	99.8	99.9	98.2	-18.6065	-11.8625	78.7229	-4.74315	8.76149	53.8986	
1.57	2.5	0	5.5	4.3	4.1	0	1.8	0	0	0	0	12.5	7.4	9.95	22.8	25.8	100	99.9	99.9	99.8	99.9	95	99.9	99.8	99.9	98.2	-18.6065	-11.8625	78.7229	-4.74315	8.76149	53.8986	
1.58	2.5	0	5.5	4.3	4.1	0	1.8	0	0	0	0	12.5	7.4	9.95	22.8	25.8	100	99.9	99.9	99.8	99.9	95	99.9	99.8	99.9	98.2	-18.6065	-11.8625	78.7229	-4.74315	8.76149	53.8986	
1.59	2.5	0	5.5	4.3	4.1	0	1.8	0	0	0	0	12.5	7.4	9.95	22.8	25.8	100	99.9	99.9	99.8	99.9	95	99.9	99.8	99.9	98.2	-18.6065	-11.8625	78.7229	-4.74315	8.76149	53.8986	
1.6	2.5	0	5.5	4.3	4.1	0	1.8	0	0	0	0	12.5	7.4	9.95	22.8	25.8	100	99.9	99.9	99.8	99.9	95	99.9	99.8	99.9	98.2	-18.6065	-11.8625	78.7229	-4.74315	8.76149	53.8986	
1.61	2.5	0	5.5	4.3	4.1	0	1.8	0	0	0	0	12.5	7.4	9.95	22.8	25.8	100	99.9	99.9	99.8	99.9	95	99.9	99.8	99.9	98.2	-18.6065	-11.8625	78.7229	-4.74315	8.76149	53.8986	
1.62	2.5	0	5.5	4.3	4.1	0	1.8	0	0	0	0	12.5	7.4	9.95	22.8	25.8	100	99.9	99.9	99.8	99.9	95	99.9	99.8	99.9	98.2	-18.6065	-11.8625	78.7229	-4.74315	8.76149	53.8986	
1.63	2.5	0	5.5	4.3	4.1	0	1.8	0	0	0	0	12.5	7.4	9.95	22.8	25.8	100	99.9	99.9	99.8	99.9	95	99.9	99.8	99.9	98.2	-18.6065	-11.8625	78.7229	-4.74315	8.76149	53.8986	
1.64	2.5	0	5.5	4.3	4.1	0	1.8	0	0	0	0	12.5	7.4	9.95	22.8	25.8	100	99.9	99.9	99.8	99.9	95	99.9	99.8	99.9	98.2	-18.6065	-11.8625	78.7229	-4.74315	8.76149	53.8986	
1.65	2.5	0	5.5	4.3	4.1	0	1.8	0	0	0	0	12.5	7.4	9.95	22.8	25.8	100	99.9	99.9	99.8	99.9	95	99.9	99.8	99.9	98.2	-18.6065	-11.8625	78.7229	-4.74315	8.76149	53.8986	
1.66	2.5	0	5.5	4.3	4.1	0	1.8	0	0	0	0	12.5	7.4	9.95	22.8	25.8	100	99.9	99.9	99.8	99.9	95	99.9	99.8	99.9	98.2	-18.6065	-11.8625	78.7229	-4.74315	8.76149	53.8986	
1.67	2.5	0	5.5	4.3	4.1	0	1.8	0	0	0	0	12.5	7.4	9.95	22.8	25.8	100	99.9	99.9	99.8	99.9	95	99.9	99.8	99.9	98.2	-18.6065	-11.8625	78.7229	-4.74315	8.76149	53.8986	
1.68	2.5	0	5.5	4.3	4.1	0	1.8	0	0	0	0	12.5	7.4	9.95	22.8	25.8	100	99.9	99.9	99.8	99.9	95	99.9	99.8	99.9	98.2	-18.6065	-11.8625	78.7229	-4.74315	8.76149	53.8986	
1.69	2.5	0	5.5	4.3	4.1	0	1.8	0	0	0	0	12.5	7.4	9.95	22.8	25.8	100	99.9	99.9	99.8	99.9	95	99.9	99.8	99.9	98.2	-18.6065	-11.8625	78.7229	-4.74315	8.76149	53.8986	
1.7	2.5	0	5.5	4.3	4.1	0	1.8	0	0	0	0	12.5	7.4	9.95	22.8	25.8	100	99.9	99.9	99.8	99.9	95	99.9	99.8	99.9	98.2	-18.6065	-11.8625	78.7229	-4.74315	8.76149	53.8986	
