Hora de inicio de la toma de datos: 12:06:53
AT(s)	F1.1	F1.2	F2.1	F2.2	F3.1	F3.2	F4.1	F4.2	F5.1	F5.2	ABD1	ABD2	ABD3	ABD4	PA	TCO	P1	P2	P3	P4	P5	P6	P7	P8	P9	P10	HRoll	HPitch	HYaw	WRoll	WPitch	WYaw	
0.01	1	2.3	96.6	87.4	81.9	82.1	63	78.1	9.8	53.9	0	54.4	48.6	51.5	37.3	29	100	99.9	74.8	99.9	99.9	99.2	99.9	91.2	99.6	99.7	-134.686	-9.15072	-169.427	-108.887	13.4485	-134.094	
0.02	1	2.3	96.6	87.4	81.9	82.1	63	78.1	9.8	53.9	0	54.4	48.6	51.5	37.3	29	100	99.9	74.8	99.9	99.9	99.2	99.9	91.2	99.6	99.7	-134.686	-9.15072	-169.427	-108.887	13.4485	-134.094	
0.03	1	2.3	96.6	87.4	81.9	82.1	63	78.1	9.8	53.9	0	54.4	48.6	51.5	37.3	29	100	99.9	74.8	99.9	99.9	99.2	99.9	91.2	99.6	99.7	-134.686	-9.15072	-169.427	-108.887	13.4485	-134.094	
0.04	1	2.3	96.6	87.4	81.9	82.1	63	78.1	9.8	53.9	0	54.4	48.6	51.5	37.3	29	100	99.9	74.8	99.9	99.9	99.2	99.9	91.2	99.6	99.7	-134.686	-9.15072	-169.427	-108.887	13.4485	-134.094	
0.05	1	2.3	96.6	87.4	81.9	82.1	63	78.1	9.8	53.9	0	54.4	48.6	51.5	37.3	29	100	99.9	74.8	99.9	99.9	99.2	99.9	91.2	99.6	99.7	-134.686	-9.15072	-169.427	-108.887	13.4485	-134.094	
0.06	1	2.3	96.6	87.4	81.9	82.1	63	78.1	9.8	53.9	0	54.4	48.6	51.5	37.3	29	100	99.9	74.8	99.9	99.9	99.2	99.9	91.2	99.6	99.7	-134.686	-9.15072	-169.427	-108.887	13.4485	-134.094	
0.07	1	2.3	96.6	87.4	81.9	82.1	63	78.1	9.8	53.9	0	54.4	48.6	51.5	37.3	29	100	99.9	74.8	99.9	99.9	99.2	99.9	91.2	99.6	99.7	-134.686	-9.15072	-169.427	-108.887	13.4485	-134.094	
0.08	1	2.3	96.6	87.4	81.9	82.1	63	78.1	9.8	53.9	0	54.4	48.6	51.5	37.3	29	100	99.9	74.8	99.9	99.9	99.2	99.9	91.2	99.6	99.7	-134.686	-9.15072	-169.427	-108.887	13.4485	-134.094	
0.09	1	2.3	96.6	87.4	81.9	82.1	63	78.1	9.8	53.9	0	54.4	48.6	51.5	37.3	29	100	99.9	74.8	99.9	99.9	99.2	99.9	91.2	99.6	99.7	-134.686	-9.15072	-169.427	-108.887	13.4485	-134.094	
0.1	1	2.3	96.6	87.4	81.9	82.1	63	78.1	9.8	53.9	0	54.4	48.6	51.5	37.3	29	100	99.9	74.8	99.9	99.9	99.2	99.9	91.2	99.6	99.7	-134.686	-9.15072	-169.427	-108.887	13.4485	-134.094	
0.11	1	2.3	96.6	87.4	81.9	82.1	63	78.1	9.8	53.9	0	54.4	48.6	51.5	37.3	29	100	99.9	74.8	99.9	99.9	99.2	99.9	91.2	99.6	99.7	-134.686	-9.15072	-169.427	-108.887	13.4485	-134.094	
0.12	1	2.3	96.6	87.4	81.9	82.1	63	78.1	9.8	53.9	0	54.4	48.6	51.5	37.3	29	100	99.9	74.8	99.9	99.9	99.2	99.9	91.2	99.6	99.7	-134.686	-9.15072	-169.427	-108.887	13.4485	-134.094	
0.13	1	2.3	96.6	87.4	81.9	82.1	63	78.1	9.8	53.9	0	54.4	48.6	51.5	37.3	29	100	99.9	74.8	99.9	99.9	99.2	99.9	91.2	99.6	99.7	-134.686	-9.15072	-169.427	-108.887	13.4485	-134.094	
0.14	1	2.3	96.6	87.4	81.9	82.1	63	78.1	9.8	53.9	0	54.4	48.6	51.5	37.3	29	100	99.9	74.8	99.9	99.9	99.2	99.9	91.2	99.6	99.7	-134.686	-9.15072	-169.427	-108.887	13.4485	-134.094	
0.15	1	2.3	96.6	87.4	81.9	82.1	63	78.1	9.8	53.9	0	54.4	48.6	51.5	37.3	29	100	99.9	74.8	99.9	99.9	99.2	99.9	91.2	99.6	99.7	-134.686	-9.15072	-169.427	-108.887	13.4485	-134.094	
0.16	1	2.3	96.6	87.4	81.9	82.1	63	78.1	9.8	53.9	0	54.4	48.6	51.5	37.3	29	100	99.9	74.8	99.9	99.9	99.2	99.9	91.2	99.6	99.7	-134.686	-9.15072	-169.427	-108.887	13.4485	-134.094	
0.171	1	2.3	96.6	87.4	81.9	82.1	63	78.1	9.8	53.9	0	54.4	48.6	51.5	37.3	29	100	99.9	74.8	99.9	99.9	99.2	99.9	91.2	99.6	99.7	-134.686	-9.15072	-169.427	-108.887	13.4485	-134.094	
0.181	1	2.3	96.6	87.4	81.9	82.1	63	78.1	9.8	53.9	0	54.4	48.6	51.5	37.3	29	100	99.9	74.8	99.9	99.9	99.2	99.9	91.2	99.6	99.7	-134.686	-9.15072	-169.427	-108.887	13.4485	-134.094	
0.191	1	2.3	96.6	87.4	81.9	82.1	63	78.1	9.8	53.9	0	54.4	48.6	51.5	37.3	29	100	99.9	74.8	99.9	99.9	99.2	99.9	91.2	99.6	99.7	-134.686	-9.15072	-169.427	-108.887	13.4485	-134.094	
0.201	1	2.3	96.6	87.4	81.9	82.1	63	78.1	9.8	53.9	0	54.4	48.6	51.5	37.3	29	100	99.9	74.8	99.9	99.9	99.2	99.9	91.2	99.6	99.7	-134.686	-9.15072	-169.427	-108.887	13.4485	-134.094	
0.211	1	2.3	96.6	87.4	81.9	82.1	63	78.1	9.8	53.9	0	54.4	48.6	51.5	37.3	29	100	99.9	74.8	99.9	99.9	99.2	99.9	91.2	99.6	99.7	-134.686	-9.15072	-169.427	-108.887	13.4485	-134.094	
0.221	1	2.3	96.6	87.4	81.9	82.1	63	78.1	9.8	53.9	0	54.4	48.6	51.5	37.3	29	100	99.9	74.8	99.9	99.9	99.2	99.9	91.2	99.6	99.7	-134.686	-9.15072	-169.427	-108.887	13.4485	-134.094	
0.231	1	2.3	96.6	87.4	81.9	82.1	63	78.1	9.8	53.9	0	54.4	48.6	51.5	37.3	29	100	99.9	74.8	99.9	99.9	99.2	99.9	91.2	99.6	99.7	-134.686	-9.15072	-169.427	-108.887	13.4485	-134.094	
0.241	1	2.3	96.6	87.4	81.9	82.1	63	78.1	9.8	53.9	0	54.4	48.6	51.5	37.3	29	100	99.9	74.8	99.9	99.9	99.2	99.9	91.2	99.6	99.7	-134.686	-9.15072	-169.427	-108.887	13.4485	-134.094	
0.251	1	2.3	96.6	87.4	81.9	82.1	63	78.1	9.8	53.9	0	54.4	48.6	51.5	37.3	29	100	99.9	74.8	99.9	99.9	99.2	99.9	91.2	99.6	99.7	-134.686	-9.15072	-169.427	-108.887	13.4485	-134.094	
0.261	1	2.3	96.6	87.4	81.9	82.1	63	78.1	9.8	53.9	0	54.4	48.6	51.5	37.3	29	100	99.9	74.8	99.9	99.9	99.2	99.9	91.2	99.6	99.7	-134.686	-9.15072	-169.427	-108.887	13.4485	-134.094	
0.271	1	2.3	96.6	87.4	81.9	82.1	63	78.1	9.8	53.9	0	54.4	48.6	51.5	37.3	29	100	99.9	74.8	99.9	99.9	99.2	99.9	91.2	99.6	99.7	-134.686	-9.15072	-169.427	-108.887	13.4485	-134.094	
0.281	1	2.3	96.6	87.4	81.9	82.1	63	78.1	9.8	53.9	0	54.4	48.6	51.5	37.3	29	100	99.9	74.8	99.9	99.9	99.2	99.9	91.2	99.6	99.7	-134.686	-9.15072	-169.427	-108.887	13.4485	-134.094	
0.29	1	2.3	96.6	87.4	81.9	82.1	63	78.1	9.8	53.9	0	54.4	48.6	51.5	37.3	29	100	99.9	74.8	99.9	99.9	99.2	99.9	91.2	99.6	99.7	-134.686	-9.15072	-169.427	-108.887	13.4485	-134.094	
0.3	1	2.3	96.6	87.4	81.9	82.1	63	78.1	9.8	53.9	0	54.4	48.6	51.5	37.3	29	100	99.9	74.8	99.9	99.9	99.2	99.9	91.2	99.6	99.7	-134.686	-9.15072	-169.427	-108.887	13.4485	-134.094	
0.31	1	2.3	96.6	87.4	81.9	82.1	63	78.1	9.8	53.9	0	54.4	48.6	51.5	37.3	29	100	99.9	74.8	99.9	99.9	99.2	99.9	91.2	99.6	99.7	-134.686	-9.15072	-169.427	-108.887	13.4485	-134.094	
0.32	1	2.3	96.6	87.4	81.9	82.1	63	78.1	9.8	53.9	0	54.4	48.6	51.5	37.3	29	100	99.9	74.8	99.9	99.9	99.2	99.9	91.2	99.6	99.7	-134.686	-9.15072	-169.427	-108.887	13.4485	-134.094	
0.33	1	2.3	96.6	87.4	81.9	82.1	63	78.1	9.8	53.9	0	54.4	48.6	51.5	37.3	29	100	99.9	74.8	99.9	99.9	99.2	99.9	91.2	99.6	99.7	-134.686	-9.15072	-169.427	-108.887	13.4485	-134.094	
0.34	1	2.3	96.6	87.4	81.9	82.1	63	78.1	9.8	53.9	0	54.4	48.6	51.5	37.3	29	100	99.9	74.8	99.9	99.9	99.2	99.9	91.2	99.6	99.7	-134.686	-9.15072	-169.427	-108.887	13.4485	-134.094	
0.35	1	2.3	96.6	87.4	81.9	82.1	63	78.1	9.8	53.9	0	54.4	48.6	51.5	37.3	29	100	99.9	74.8	99.9	99.9	99.2	99.9	91.2	99.6	99.7	-134.686	-9.15072	-169.427	-108.887	13.4485	-134.094	
0.36	1	3.3	97.1	87.2	81.8	82.4	62.3	77.6	10.5	54.7	0	54.5	48.6	51.55	36.8	29.1	100	99.9	77	99.9	99.9	98.6	99.8	94.5	99.9	99.9	-134.125	-7.59056	-169.006	-107.63	14.6457	-133.279	
0.37	1	3.3	97.1	87.2	81.8	82.4	62.3	77.6	10.5	54.7	0	54.5	48.6	51.55	36.8	29.1	100	99.9	77	99.9	99.9	98.6	99.8	94.5	99.9	99.9	-134.125	-7.59056	-169.006	-107.63	14.6457	-133.279	
0.38	1	3.3	97.1	87.2	81.8	82.4	62.3	77.6	10.5	54.7	0	54.5	48.6	51.55	36.8	29.1	100	99.9	77	99.9	99.9	98.6	99.8	94.5	99.9	99.9	-134.125	-7.59056	-169.006	-107.63	14.6457	-133.279	
0.39	1	3.3	97.1	87.2	81.8	82.4	62.3	77.6	10.5	54.7	0	54.5	48.6	51.55	36.8	29.1	100	99.9	77	99.9	99.9	98.6	99.8	94.5	99.9	99.9	-134.125	-7.59056	-169.006	-107.63	14.6457	-133.279	
0.4	1	3.3	97.1	87.2	81.8	82.4	62.3	77.6	10.5	54.7	0	54.5	48.6	51.55	36.8	29.1	100	99.9	77	99.9	99.9	98.6	99.8	94.5	99.9	99.9	-134.125	-7.59056	-169.006	-107.63	14.6457	-133.279	
0.41	1	3.3	97.1	87.2	81.8	82.4	62.3	77.6	10.5	54.7	0	54.5	48.6	51.55	36.8	29.1	100	99.9	77	99.9	99.9	98.6	99.8	94.5	99.9	99.9	-134.125	-7.59056	-169.006	-107.63	14.6457	-133.279	
0.42	1	3.3	97.1	87.2	81.8	82.4	62.3	77.6	10.5	54.7	0	54.5	48.6	51.55	36.8	29.1	100	99.9	77	99.9	99.9	98.6	99.8	94.5	99.9	99.9	-134.125	-7.59056	-169.006	-107.63	14.6457	-133.279	
0.43	1	3.3	97.1	87.2	81.8	82.4	62.3	77.6	10.5	54.7	0	54.5	48.6	51.55	36.8	29.1	100	99.9	77	99.9	99.9	98.6	99.8	94.5	99.9	99.9	-134.125	-7.59056	-169.006	-107.63	14.6457	-133.279	
0.44	1	3.3	97.1	87.2	81.8	82.4	62.3	77.6	10.5	54.7	0	54.5	48.6	51.55	36.8	29.1	100	99.9	77	99.9	99.9	98.6	99.8	94.5	99.9	99.9	-134.125	-7.59056	-169.006	-107.63	14.6457	-133.279	
0.45	1	3.3	97.1	87.2	81.8	82.4	62.3	77.6	10.5	54.7	0	54.5	48.6	51.55	36.8	29.1	100	99.9	77	99.9	99.9	98.6	99.8	94.5	99.9	99.9	-134.125	-7.59056	-169.006	-107.63	14.6457	-133.279	
0.46	1	3.3	97.1	87.2	81.8	82.4	62.3	77.6	10.5	54.7	0	54.5	48.6	51.55	36.8	29.1	100	99.9	77	99.9	99.9	98.6	99.8	94.5	99.9	99.9	-134.125	-7.59056	-169.006	-107.63	14.6457	-133.279	
0.47	1	3.3	97.1	87.2	81.8	82.4	62.3	77.6	10.5	54.7	0	54.5	48.6	51.55	36.8	29.1	100	99.9	77	99.9	99.9	98.6	99.8	94.5	99.9	99.9	-134.125	-7.59056	-169.006	-107.63	14.6457	-133.279	
0.48	1	3.3	97.1	87.2	81.8	82.4	62.3	77.6	10.5	54.7	0	54.5	48.6	51.55	36.8	29.1	100	99.9	77	99.9	99.9	98.6	99.8	94.5	99.9	99.9	-134.125	-7.59056	-169.006	-107.63	14.6457	-133.279	
0.49	1	3.3	97.1	87.2	81.8	82.4	62.3	77.6	10.5	54.7	0	54.5	48.6	51.55	36.8	29.1	100	99.9	77	99.9	99.9	98.6	99.8	94.5	99.9	99.9	-134.125	-7.59056	-169.006	-107.63	14.6457	-133.279	
0.5	1	3.3	97.1	87.2	81.8	82.4	62.3	77.6	10.5	54.7	0	54.5	48.6	51.55	36.8	29.1	100	99.9	77	99.9	99.9	98.6	99.8	94.5	99.9	99.9	-134.125	-7.59056	-169.006	-107.63	14.6457	-133.279	
0.51	1	3.3	97.1	87.2	81.8	82.4	62.3	77.6	10.5	54.7	0	54.5	48.6	51.55	36.8	29.1	100	99.9	77	99.9	99.9	98.6	99.8	94.5	99.9	99.9	-134.125	-7.59056	-169.006	-107.63	14.6457	-133.279	
0.52	1	3.3	97.1	87.2	81.8	82.4	62.3	77.6	10.5	54.7	0	54.5	48.6	51.55	36.8	29.1	100	99.9	77	99.9	99.9	98.6	99.8	94.5	99.9	99.9	-134.125	-7.59056	-169.006	-107.63	14.6457	-133.279	
0.53	1	3.3	97.1	87.2	81.8	82.4	62.3	77.6	10.5	54.7	0	54.5	48.6	51.55	36.8	29.1	100	99.9	77	99.9	99.9	98.6	99.8	94.5	99.9	99.9	-134.125	-7.59056	-169.006	-107.63	14.6457	-133.279	
0.54	1	3.3	97.1	87.2	81.8	82.4	62.3	77.6	10.5	54.7	0	54.5	48.6	51.55	36.8	29.1	100	99.9	77	99.9	99.9	98.6	99.8	94.5	99.9	99.9	-134.125	-7.59056	-169.006	-107.63	14.6457	-133.279	
0.55	1	3.3	97.1	87.2	81.8	82.4	62.3	77.6	10.5	54.7	0	54.5	48.6	51.55	36.8	29.1	100	99.9	77	99.9	99.9	98.6	99.8	94.5	99.9	99.9	-134.125	-7.59056	-169.006	-107.63	14.6457	-133.279	
0.56	1	3.3	97.1	87.2	81.8	82.4	62.3	77.6	10.5	54.7	0	54.5	48.6	51.55	36.8	29.1	100	99.9	77	99.9	99.9	98.6	99.8	94.5	99.9	99.9	-134.125	-7.59056	-169.006	-107.63	14.6457	-133.279	
0.57	1	3.3	97.1	87.2	81.8	82.4	62.3	77.6	10.5	54.7	0	54.5	48.6	51.55	36.8	29.1	100	99.9	77	99.9	99.9	98.6	99.8	94.5	99.9	99.9	-134.125	-7.59056	-169.006	-107.63	14.6457	-133.279	
0.58	1	3.3	97.1	87.2	81.8	82.4	62.3	77.6	10.5	54.7	0	54.5	48.6	51.55	36.8	29.1	100	99.9	77	99.9	99.9	98.6	99.8	94.5	99.9	99.9	-134.125	-7.59056	-169.006	-107.63	14.6457	-133.279	
0.59	1	3.3	97.1	87.2	81.8	82.4	62.3	77.6	10.5	54.7	0	54.5	48.6	51.55	36.8	29.1	100	99.9	77	99.9	99.9	98.6	99.8	94.5	99.9	99.9	-134.125	-7.59056	-169.006	-107.63	14.6457	-133.279	
0.6	1	3.3	97.1	87.2	81.8	82.4	62.3	77.6	10.5	54.7	0	54.5	48.6	51.55	36.8	29.1	100	99.9	77	99.9	99.9	98.6	99.8	94.5	99.9	99.9	-134.125	-7.59056	-169.006	-107.63	14.6457	-133.279	
0.61	1	3.3	97.1	87.2	81.8	82.4	62.3	77.6	10.5	54.7	0	54.5	48.6	51.55	36.8	29.1	100	99.9	77	99.9	99.9	98.6	99.8	94.5	99.9	99.9	-134.125	-7.59056	-169.006	-107.63	14.6457	-133.279	
0.62	1	3.3	97.1	87.2	81.8	82.4	62.3	77.6	10.5	54.7	0	54.5	48.6	51.55	36.8	29.1	100	99.9	77	99.9	99.9	98.6	99.8	94.5	99.9	99.9	-134.125	-7.59056	-169.006	-107.63	14.6457	-133.279	
0.63	1	3.3	97.1	87.2	81.8	82.4	62.3	77.6	10.5	54.7	0	54.5	48.6	51.55	36.8	29.1	100	99.9	77	99.9	99.9	98.6	99.8	94.5	99.9	99.9	-134.125	-7.59056	-169.006	-107.63	14.6457	-133.279	
0.64	1	3.3	97.1	87.2	81.8	82.4	62.3	77.6	10.5	54.7	0	54.5	48.6	51.55	36.8	29.1	100	99.9	77	99.9	99.9	98.6	99.8	94.5	99.9	99.9	-134.125	-7.59056	-169.006	-107.63	14.6457	-133.279	
0.65	1	3.3	97.1	87.2	81.8	82.4	62.3	77.6	10.5	54.7	0	54.5	48.6	51.55	36.8	29.1	100	99.9	77	99.9	99.9	98.6	99.8	94.5	99.9	99.9	-134.125	-7.59056	-169.006	-107.63	14.6457	-133.279	
0.66	1	3.3	97.1	87.2	81.8	82.4	62.3	77.6	10.5	54.7	0	54.5	48.6	51.55	36.8	29.1	100	99.9	77	99.9	99.9	98.6	99.8	94.5	99.9	99.9	-134.125	-7.59056	-169.006	-107.63	14.6457	-133.279	
0.67	1	3.3	97.1	87.2	81.8	82.4	62.3	77.6	10.5	54.7	0	54.5	48.6	51.55	36.8	29.1	100	99.9	77	99.9	99.9	98.6	99.8	94.5	99.9	99.9	-134.125	-7.59056	-169.006	-107.63	14.6457	-133.279	
0.68	1	3.3	97.1	87.2	81.8	82.4	62.3	77.6	10.5	54.7	0	54.5	48.6	51.55	36.8	29.1	100	99.9	77	99.9	99.9	98.6	99.8	94.5	99.9	99.9	-134.125	-7.59056	-169.006	-107.63	14.6457	-133.279	
0.69	1	3.3	97.1	87.2	81.8	82.4	62.3	77.6	10.5	54.7	0	54.5	48.6	51.55	36.8	29.1	100	99.9	77	99.9	99.9	98.6	99.8	94.5	99.9	99.9	-134.125	-7.59056	-169.006	-107.63	14.6457	-133.279	
0.7	1	3.3	97.1	87.2	81.8	82.4	62.3	77.6	10.5	54.7	0	54.5	48.6	51.55	36.8	29.1	100	99.9	77	99.9	99.9	98.6	99.8	94.5	99.9	99.9	-134.125	-7.59056	-169.006	-107.63	14.6457	-133.279	
0.71	1	3.3	97.1	87.2	81.8	82.4	62.3	77.6	10.5	54.7	0	54.5	48.6	51.55	36.8	29.1	100	99.9	77	99.9	99.9	98.6	99.8	94.5	99.9	99.9	-134.125	-7.59056	-169.006	-107.63	14.6457	-133.279	
0.72	1	3.3	97.1	87.2	81.8	82.4	62.3	77.6	10.5	54.7	0	54.5	48.6	51.55	36.8	29.1	100	99.9	77	99.9	99.9	98.6	99.8	94.5	99.9	99.9	-134.125	-7.59056	-169.006	-107.63	14.6457	-133.279	
0.73	0.9	3.3	97.4	87.1	81.3	81.7	61.2	76.9	9.4	50.4	0	54.3	48.5	51.4	35.8	29.1	100	99.9	79.1	99.9	99.9	99.2	99.5	94.3	99.9	99.9	-131.911	-8.38023	-167.273	-104.853	14.9741	-131.709	
0.74	1	2.8	96.9	87.1	81.4	81.7	61	76.5	8.5	48.4	0	54.9	48.8	51.85	37.1	28.8	100	99.9	79.6	99.9	99.9	98.6	99.7	92.9	99.9	99.9	-133.296	-7.84906	-166.688	-106.934	15.0786	-132.96	
0.75	1	2.8	96.9	87.1	81.4	81.7	61	76.5	8.5	48.4	0	54.9	48.8	51.85	37.1	28.8	100	99.9	79.6	99.9	99.9	98.6	99.7	92.9	99.9	99.9	-133.296	-7.84906	-166.688	-106.934	15.0786	-132.96	
0.76	1	2.8	96.9	87.1	81.4	81.7	61	76.5	8.5	48.4	0	54.9	48.8	51.85	37.1	28.8	100	99.9	79.6	99.9	99.9	98.6	99.7	92.9	99.9	99.9	-133.296	-7.84906	-166.688	-106.934	15.0786	-132.96	
0.77	1	2.8	96.9	87.1	81.4	81.7	61	76.5	8.5	48.4	0	54.9	48.8	51.85	37.1	28.8	100	99.9	79.6	99.9	99.9	98.6	99.7	92.9	99.9	99.9	-133.296	-7.84906	-166.688	-106.934	15.0786	-132.96	
0.78	1	2.8	96.9	87.1	81.4	81.7	61	76.5	8.5	48.4	0	54.9	48.8	51.85	37.1	28.8	100	99.9	79.6	99.9	99.9	98.6	99.7	92.9	99.9	99.9	-133.296	-7.84906	-166.688	-106.934	15.0786	-132.96	
0.79	1	2.8	96.9	87.1	81.4	81.7	61	76.5	8.5	48.4	0	54.9	48.8	51.85	37.1	28.8	100	99.9	79.6	99.9	99.9	98.6	99.7	92.9	99.9	99.9	-133.296	-7.84906	-166.688	-106.934	15.0786	-132.96	
0.8	1	2.8	96.9	87.1	81.4	81.7	61	76.5	8.5	48.4	0	54.9	48.8	51.85	37.1	28.8	100	99.9	79.6	99.9	99.9	98.6	99.7	92.9	99.9	99.9	-133.296	-7.84906	-166.688	-106.934	15.0786	-132.96	
0.81	1	2.8	96.9	87.1	81.4	81.7	61	76.5	8.5	48.4	0	54.9	48.8	51.85	37.1	28.8	100	99.9	79.6	99.9	99.9	98.6	99.7	92.9	99.9	99.9	-133.296	-7.84906	-166.688	-106.934	15.0786	-132.96	
0.82	1	2.8	96.9	87.1	81.4	81.7	61	76.5	8.5	48.4	0	54.9	48.8	51.85	37.1	28.8	100	99.9	79.6	99.9	99.9	98.6	99.7	92.9	99.9	99.9	-133.296	-7.84906	-166.688	-106.934	15.0786	-132.96	
0.83	1	2.8	96.9	87.1	81.4	81.7	61	76.5	8.5	48.4	0	54.9	48.8	51.85	37.1	28.8	100	99.9	79.6	99.9	99.9	98.6	99.7	92.9	99.9	99.9	-133.296	-7.84906	-166.688	-106.934	15.0786	-132.96	
0.84	1	2.8	96.9	87.1	81.4	81.7	61	76.5	8.5	48.4	0	54.9	48.8	51.85	37.1	28.8	100	99.9	79.6	99.9	99.9	98.6	99.7	92.9	99.9	99.9	-133.296	-7.84906	-166.688	-106.934	15.0786	-132.96	
0.85	1	2.8	96.9	87.1	81.4	81.7	61	76.5	8.5	48.4	0	54.9	48.8	51.85	37.1	28.8	100	99.9	79.6	99.9	99.9	98.6	99.7	92.9	99.9	99.9	-133.296	-7.84906	-166.688	-106.934	15.0786	-132.96	
0.86	1	2.8	96.9	87.1	81.4	81.7	61	76.5	8.5	48.4	0	54.9	48.8	51.85	37.1	28.8	100	99.9	79.6	99.9	99.9	98.6	99.7	92.9	99.9	99.9	-133.296	-7.84906	-166.688	-106.934	15.0786	-132.96	
0.87	1	2.8	96.9	87.1	81.4	81.7	61	76.5	8.5	48.4	0	54.9	48.8	51.85	37.1	28.8	100	99.9	79.6	99.9	99.9	98.6	99.7	92.9	99.9	99.9	-133.296	-7.84906	-166.688	-106.934	15.0786	-132.96	
0.88	1	2.8	96.9	87.1	81.4	81.7	61	76.5	8.5	48.4	0	54.9	48.8	51.85	37.1	28.8	100	99.9	79.6	99.9	99.9	98.6	99.7	92.9	99.9	99.9	-133.296	-7.84906	-166.688	-106.934	15.0786	-132.96	
0.89	1	2.8	96.9	87.1	81.4	81.7	61	76.5	8.5	48.4	0	54.9	48.8	51.85	37.1	28.8	100	99.9	79.6	99.9	99.9	98.6	99.7	92.9	99.9	99.9	-133.296	-7.84906	-166.688	-106.934	15.0786	-132.96	
0.9	1	2.8	96.9	87.1	81.4	81.7	61	76.5	8.5	48.4	0	54.9	48.8	51.85	37.1	28.8	100	99.9	79.6	99.9	99.9	98.6	99.7	92.9	99.9	99.9	-133.296	-7.84906	-166.688	-106.934	15.0786	-132.96	
0.91	1	2.8	96.9	87.1	81.4	81.7	61	76.5	8.5	48.4	0	54.9	48.8	51.85	37.1	28.8	100	99.9	79.6	99.9	99.9	98.6	99.7	92.9	99.9	99.9	-133.296	-7.84906	-166.688	-106.934	15.0786	-132.96	
0.92	1	2.8	96.9	87.1	81.4	81.7	61	76.5	8.5	48.4	0	54.9	48.8	51.85	37.1	28.8	100	99.9	79.6	99.9	99.9	98.6	99.7	92.9	99.9	99.9	-133.296	-7.84906	-166.688	-106.934	15.0786	-132.96	
0.93	1	2.8	96.9	87.1	81.4	81.7	61	76.5	8.5	48.4	0	54.9	48.8	51.85	37.1	28.8	100	99.9	79.6	99.9	99.9	98.6	99.7	92.9	99.9	99.9	-133.296	-7.84906	-166.688	-106.934	15.0786	-132.96	
0.94	1	2.8	96.9	87.1	81.4	81.7	61	76.5	8.5	48.4	0	54.9	48.8	51.85	37.1	28.8	100	99.9	79.6	99.9	99.9	98.6	99.7	92.9	99.9	99.9	-133.296	-7.84906	-166.688	-106.934	15.0786	-132.96	
0.95	1	2.8	96.9	87.1	81.4	81.7	61	76.5	8.5	48.4	0	54.9	48.8	51.85	37.1	28.8	100	99.9	79.6	99.9	99.9	98.6	99.7	92.9	99.9	99.9	-133.296	-7.84906	-166.688	-106.934	15.0786	-132.96	
0.96	1	2.8	96.9	87.1	81.4	81.7	61	76.5	8.5	48.4	0	54.9	48.8	51.85	37.1	28.8	100	99.9	79.6	99.9	99.9	98.6	99.7	92.9	99.9	99.9	-133.296	-7.84906	-166.688	-106.934	15.0786	-132.96	
0.97	1	2.8	96.9	87.1	81.4	81.7	61	76.5	8.5	48.4	0	54.9	48.8	51.85	37.1	28.8	100	99.9	79.6	99.9	99.9	98.6	99.7	92.9	99.9	99.9	-133.296	-7.84906	-166.688	-106.934	15.0786	-132.96	
0.98	1	2.8	96.9	87.1	81.4	81.7	61	76.5	8.5	48.4	0	54.9	48.8	51.85	37.1	28.8	100	99.9	79.6	99.9	99.9	98.6	99.7	92.9	99.9	99.9	-133.296	-7.84906	-166.688	-106.934	15.0786	-132.96	
0.99	1	2.8	96.9	87.1	81.4	81.7	61	76.5	8.5	48.4	0	54.9	48.8	51.85	37.1	28.8	100	99.9	79.6	99.9	99.9	98.6	99.7	92.9	99.9	99.9	-133.296	-7.84906	-166.688	-106.934	15.0786	-132.96	
1	1	2.8	96.9	87.1	81.4	81.7	61	76.5	8.5	48.4	0	54.9	48.8	51.85	37.1	28.8	100	99.9	79.6	99.9	99.9	98.6	99.7	92.9	99.9	99.9	-133.296	-7.84906	-166.688	-106.934	15.0786	-132.96	
1.01	1	2.8	96.9	87.1	81.4	81.7	61	76.5	8.5	48.4	0	54.9	48.8	51.85	37.1	28.8	100	99.9	79.6	99.9	99.9	98.6	99.7	92.9	99.9	99.9	-133.296	-7.84906	-166.688	-106.934	15.0786	-132.96	
1.02	1	2.8	96.9	87.1	81.4	81.7	61	76.5	8.5	48.4	0	54.9	48.8	51.85	37.1	28.8	100	99.9	79.6	99.9	99.9	98.6	99.7	92.9	99.9	99.9	-133.296	-7.84906	-166.688	-106.934	15.0786	-132.96	
1.03	1	2.8	96.9	87.1	81.4	81.7	61	76.5	8.5	48.4	0	54.9	48.8	51.85	37.1	28.8	100	99.9	79.6	99.9	99.9	98.6	99.7	92.9	99.9	99.9	-133.296	-7.84906	-166.688	-106.934	15.0786	-132.96	
1.04	1	2.8	96.9	87.1	81.4	81.7	61	76.5	8.5	48.4	0	54.9	48.8	51.85	37.1	28.8	100	99.9	79.6	99.9	99.9	98.6	99.7	92.9	99.9	99.9	-133.296	-7.84906	-166.688	-106.934	15.0786	-132.96	
1.05	1	2.8	96.9	87.1	81.4	81.7	61	76.5	8.5	48.4	0	54.9	48.8	51.85	37.1	28.8	100	99.9	79.6	99.9	99.9	98.6	99.7	92.9	99.9	99.9	-133.296	-7.84906	-166.688	-106.934	15.0786	-132.96	
1.06	1	2.8	96.9	87.1	81.4	81.7	61	76.5	8.5	48.4	0	54.9	48.8	51.85	37.1	28.8	100	99.9	79.6	99.9	99.9	98.6	99.7	92.9	99.9	99.9	-133.296	-7.84906	-166.688	-106.934	15.0786	-132.96	
1.07	1	2.8	96.9	87.1	81.4	81.7	61	76.5	8.5	48.4	0	54.9	48.8	51.85	37.1	28.8	100	99.9	79.6	99.9	99.9	98.6	99.7	92.9	99.9	99.9	-133.296	-7.84906	-166.688	-106.934	15.0786	-132.96	
1.08	1	2.8	96.9	87.1	81.4	81.7	61	76.5	8.5	48.4	0	54.9	48.8	51.85	37.1	28.8	100	99.9	79.6	99.9	99.9	98.6	99.7	92.9	99.9	99.9	-133.296	-7.84906	-166.688	-106.934	15.0786	-132.96	
1.09	1	2.8	96.9	87.1	81.4	81.7	61	76.5	8.5	48.4	0	54.9	48.8	51.85	37.1	28.8	100	99.9	79.6	99.9	99.9	98.6	99.7	92.9	99.9	99.9	-133.296	-7.84906	-166.688	-106.934	15.0786	-132.96	
1.1	0.8	2.6	96.6	87.2	81.2	81.5	60.4	76	8.2	47.5	0	55.7	48.6	52.15	35.8	28.7	100	99.9	80.7	99.9	99.9	99	99.4	91.7	99.9	99.9	-133.044	-9.88942	-166.52	-107.423	12.6229	-133.638	
1.11	0.8	2.6	96.6	87.2	81.2	81.5	60.4	76	8.2	47.5	0	55.7	48.6	52.15	35.8	28.7	100	99.9	80.7	99.9	99.9	99	99.4	91.7	99.9	99.9	-133.044	-9.88942	-166.52	-107.423	12.6229	-133.638	
1.12	0.8	2.6	96.6	87.2	81.2	81.5	60.4	76	8.2	47.5	0	55.7	48.6	52.15	35.8	28.7	100	99.9	80.7	99.9	99.9	99	99.4	91.7	99.9	99.9	-133.044	-9.88942	-166.52	-107.423	12.6229	-133.638	
1.13	0.8	2.6	96.6	87.2	81.2	81.5	60.4	76	8.2	47.5	0	55.7	48.6	52.15	35.8	28.7	100	99.9	80.7	99.9	99.9	99	99.4	91.7	99.9	99.9	-133.044	-9.88942	-166.52	-107.423	12.6229	-133.638	
1.14	0.8	2.6	96.6	87.2	81.2	81.5	60.4	76	8.2	47.5	0	55.7	48.6	52.15	35.8	28.7	100	99.9	80.7	99.9	99.9	99	99.4	91.7	99.9	99.9	-133.044	-9.88942	-166.52	-107.423	12.6229	-133.638	
1.15	0.8	2.6	96.6	87.2	81.2	81.5	60.4	76	8.2	47.5	0	55.7	48.6	52.15	35.8	28.7	100	99.9	80.7	99.9	99.9	99	99.4	91.7	99.9	99.9	-133.044	-9.88942	-166.52	-107.423	12.6229	-133.638	
1.16	0.8	2.6	96.6	87.2	81.2	81.5	60.4	76	8.2	47.5	0	55.7	48.6	52.15	35.8	28.7	100	99.9	80.7	99.9	99.9	99	99.4	91.7	99.9	99.9	-133.044	-9.88942	-166.52	-107.423	12.6229	-133.638	
1.17	0.8	2.6	96.6	87.2	81.2	81.5	60.4	76	8.2	47.5	0	55.7	48.6	52.15	35.8	28.7	100	99.9	80.7	99.9	99.9	99	99.4	91.7	99.9	99.9	-133.044	-9.88942	-166.52	-107.423	12.6229	-133.638	
1.18	0.8	2.6	96.6	87.2	81.2	81.5	60.4	76	8.2	47.5	0	55.7	48.6	52.15	35.8	28.7	100	99.9	80.7	99.9	99.9	99	99.4	91.7	99.9	99.9	-133.044	-9.88942	-166.52	-107.423	12.6229	-133.638	
1.19	0.8	2.6	96.6	87.2	81.2	81.5	60.4	76	8.2	47.5	0	55.7	48.6	52.15	35.8	28.7	100	99.9	80.7	99.9	99.9	99	99.4	91.7	99.9	99.9	-133.044	-9.88942	-166.52	-107.423	12.6229	-133.638	
1.2	0.8	2.6	96.6	87.2	81.2	81.5	60.4	76	8.2	47.5	0	55.7	48.6	52.15	35.8	28.7	100	99.9	80.7	99.9	99.9	99	99.4	91.7	99.9	99.9	-133.044	-9.88942	-166.52	-107.423	12.6229	-133.638	
1.21	0.8	2.6	96.6	87.2	81.2	81.5	60.4	76	8.2	47.5	0	55.7	48.6	52.15	35.8	28.7	100	99.9	80.7	99.9	99.9	99	99.4	91.7	99.9	99.9	-133.044	-9.88942	-166.52	-107.423	12.6229	-133.638	
1.22	0.8	2.6	96.6	87.2	81.2	81.5	60.4	76	8.2	47.5	0	55.7	48.6	52.15	35.8	28.7	100	99.9	80.7	99.9	99.9	99	99.4	91.7	99.9	99.9	-133.044	-9.88942	-166.52	-107.423	12.6229	-133.638	
1.23	0.8	2.6	96.6	87.2	81.2	81.5	60.4	76	8.2	47.5	0	55.7	48.6	52.15	35.8	28.7	100	99.9	80.7	99.9	99.9	99	99.4	91.7	99.9	99.9	-133.044	-9.88942	-166.52	-107.423	12.6229	-133.638	
1.24	0.8	2.6	96.6	87.2	81.2	81.5	60.4	76	8.2	47.5	0	55.7	48.6	52.15	35.8	28.7	100	99.9	80.7	99.9	99.9	99	99.4	91.7	99.9	99.9	-133.044	-9.88942	-166.52	-107.423	12.6229	-133.638	
1.25	0.8	2.6	96.6	87.2	81.2	81.5	60.4	76	8.2	47.5	0	55.7	48.6	52.15	35.8	28.7	100	99.9	80.7	99.9	99.9	99	99.4	91.7	99.9	99.9	-133.044	-9.88942	-166.52	-107.423	12.6229	-133.638	
1.26	0.8	2.6	96.6	87.2	81.2	81.5	60.4	76	8.2	47.5	0	55.7	48.6	52.15	35.8	28.7	100	99.9	80.7	99.9	99.9	99	99.4	91.7	99.9	99.9	-133.044	-9.88942	-166.52	-107.423	12.6229	-133.638	
1.27	0.8	2.6	96.6	87.2	81.2	81.5	60.4	76	8.2	47.5	0	55.7	48.6	52.15	35.8	28.7	100	99.9	80.7	99.9	99.9	99	99.4	91.7	99.9	99.9	-133.044	-9.88942	-166.52	-107.423	12.6229	-133.638	
1.28	0.8	2.6	96.6	87.2	81.2	81.5	60.4	76	8.2	47.5	0	55.7	48.6	52.15	35.8	28.7	100	99.9	80.7	99.9	99.9	99	99.4	91.7	99.9	99.9	-133.044	-9.88942	-166.52	-107.423	12.6229	-133.638	
1.29	0.8	2.6	96.6	87.2	81.2	81.5	60.4	76	8.2	47.5	0	55.7	48.6	52.15	35.8	28.7	100	99.9	80.7	99.9	99.9	99	99.4	91.7	99.9	99.9	-133.044	-9.88942	-166.52	-107.423	12.6229	-133.638	
1.3	0.8	2.6	96.6	87.2	81.2	81.5	60.4	76	8.2	47.5	0	55.7	48.6	52.15	35.8	28.7	100	99.9	80.7	99.9	99.9	99	99.4	91.7	99.9	99.9	-133.044	-9.88942	-166.52	-107.423	12.6229	-133.638	
1.31	0.8	2.6	96.6	87.2	81.2	81.5	60.4	76	8.2	47.5	0	55.7	48.6	52.15	35.8	28.7	100	99.9	80.7	99.9	99.9	99	99.4	91.7	99.9	99.9	-133.044	-9.88942	-166.52	-107.423	12.6229	-133.638	
1.32	0.8	2.6	96.6	87.2	81.2	81.5	60.4	76	8.2	47.5	0	55.7	48.6	52.15	35.8	28.7	100	99.9	80.7	99.9	99.9	99	99.4	91.7	99.9	99.9	-133.044	-9.88942	-166.52	-107.423	12.6229	-133.638	
1.33	0.8	2.6	96.6	87.2	81.2	81.5	60.4	76	8.2	47.5	0	55.7	48.6	52.15	35.8	28.7	100	99.9	80.7	99.9	99.9	99	99.4	91.7	99.9	99.9	-133.044	-9.88942	-166.52	-107.423	12.6229	-133.638	
1.34	0.8	2.6	96.6	87.2	81.2	81.5	60.4	76	8.2	47.5	0	55.7	48.6	52.15	35.8	28.7	100	99.9	80.7	99.9	99.9	99	99.4	91.7	99.9	99.9	-133.044	-9.88942	-166.52	-107.423	12.6229	-133.638	
1.35	0.8	2.6	96.6	87.2	81.2	81.5	60.4	76	8.2	47.5	0	55.7	48.6	52.15	35.8	28.7	100	99.9	80.7	99.9	99.9	99	99.4	91.7	99.9	99.9	-133.044	-9.88942	-166.52	-107.423	12.6229	-133.638	
1.36	0.8	2.6	96.6	87.2	81.2	81.5	60.4	76	8.2	47.5	0	55.7	48.6	52.15	35.8	28.7	100	99.9	80.7	99.9	99.9	99	99.4	91.7	99.9	99.9	-133.044	-9.88942	-166.52	-107.423	12.6229	-133.638	
1.37	0.8	2.6	96.6	87.2	81.2	81.5	60.4	76	8.2	47.5	0	55.7	48.6	52.15	35.8	28.7	100	99.9	80.7	99.9	99.9	99	99.4	91.7	99.9	99.9	-133.044	-9.88942	-166.52	-107.423	12.6229	-133.638	
1.38	0.8	2.6	96.6	87.2	81.2	81.5	60.4	76	8.2	47.5	0	55.7	48.6	52.15	35.8	28.7	100	99.9	80.7	99.9	99.9	99	99.4	91.7	99.9	99.9	-133.044	-9.88942	-166.52	-107.423	12.6229	-133.638	
1.39	0.8	2.6	96.6	87.2	81.2	81.5	60.4	76	8.2	47.5	0	55.7	48.6	52.15	35.8	28.7	100	99.9	80.7	99.9	99.9	99	99.4	91.7	99.9	99.9	-133.044	-9.88942	-166.52	-107.423	12.6229	-133.638	
1.4	0.8	2.6	96.6	87.2	81.2	81.5	60.4	76	8.2	47.5	0	55.7	48.6	52.15	35.8	28.7	100	99.9	80.7	99.9	99.9	99	99.4	91.7	99.9	99.9	-133.044	-9.88942	-166.52	-107.423	12.6229	-133.638	
1.41	0.8	2.6	96.6	87.2	81.2	81.5	60.4	76	8.2	47.5	0	55.7	48.6	52.15	35.8	28.7	100	99.9	80.7	99.9	99.9	99	99.4	91.7	99.9	99.9	-133.044	-9.88942	-166.52	-107.423	12.6229	-133.638	
1.42	0.8	2.6	96.6	87.2	81.2	81.5	60.4	76	8.2	47.5	0	55.7	48.6	52.15	35.8	28.7	100	99.9	80.7	99.9	99.9	99	99.4	91.7	99.9	99.9	-133.044	-9.88942	-166.52	-107.423	12.6229	-133.638	
1.43	0.8	2.6	96.6	87.2	81.2	81.5	60.4	76	8.2	47.5	0	55.7	48.6	52.15	35.8	28.7	100	99.9	80.7	99.9	99.9	99	99.4	91.7	99.9	99.9	-133.044	-9.88942	-166.52	-107.423	12.6229	-133.638	
1.44	0.8	2.6	96.6	87.2	81.2	81.5	60.4	76	8.2	47.5	0	55.7	48.6	52.15	35.8	28.7	100	99.9	80.7	99.9	99.9	99	99.4	91.7	99.9	99.9	-133.044	-9.88942	-166.52	-107.423	12.6229	-133.638	
1.45	0.8	2.6	96.6	87.2	81.2	81.5	60.4	76	8.2	47.5	0	55.7	48.6	52.15	35.8	28.7	100	99.9	80.7	99.9	99.9	99	99.4	91.7	99.9	99.9	-133.044	-9.88942	-166.52	-107.423	12.6229	-133.638	
1.46	0.8	2.6	96.6	87.2	81.2	81.5	60.4	76	8.2	47.5	0	55.7	48.6	52.15	35.8	28.7	100	99.9	80.7	99.9	99.9	99	99.4	91.7	99.9	99.9	-133.044	-9.88942	-166.52	-107.423	12.6229	-133.638	
1.47	0.8	2.3	97.1	87.2	81.6	81	60.8	75.7	8.4	46.1	0	56.2	48.5	52.35	36	28.3	99.9	99.9	85.8	99.9	99.9	98.8	99.4	97.5	99.9	99.9	-135.104	-8.88631	-164.293	-107.824	11.4689	-134.311	
1.48	0.8	2.3	97.1	87.2	81.6	81	60.8	75.7	8.4	46.1	0	56.2	48.5	52.35	36	28.3	99.9	99.9	85.8	99.9	99.9	98.8	99.4	97.5	99.9	99.9	-135.104	-8.88631	-164.293	-107.824	11.4689	-134.311	
1.49	0.8	2.3	97.1	87.2	81.6	81	60.8	75.7	8.4	46.1	0	56.2	48.5	52.35	36	28.3	99.9	99.9	85.8	99.9	99.9	98.8	99.4	97.5	99.9	99.9	-135.104	-8.88631	-164.293	-107.824	11.4689	-134.311	
1.5	0.8	2.3	97.1	87.2	81.6	81	60.8	75.7	8.4	46.1	0	56.2	48.5	52.35	36	28.3	99.9	99.9	85.8	99.9	99.9	98.8	99.4	97.5	99.9	99.9	-135.104	-8.88631	-164.293	-107.824	11.4689	-134.311	
1.51	0.8	2.3	97.1	87.2	81.6	81	60.8	75.7	8.4	46.1	0	56.2	48.5	52.35	36	28.3	99.9	99.9	85.8	99.9	99.9	98.8	99.4	97.5	99.9	99.9	-135.104	-8.88631	-164.293	-107.824	11.4689	-134.311	
1.52	0.8	2.3	97.1	87.2	81.6	81	60.8	75.7	8.4	46.1	0	56.2	48.5	52.35	36	28.3	99.9	99.9	85.8	99.9	99.9	98.8	99.4	97.5	99.9	99.9	-135.104	-8.88631	-164.293	-107.824	11.4689	-134.311	
1.53	0.8	2.3	97.1	87.2	81.6	81	60.8	75.7	8.4	46.1	0	56.2	48.5	52.35	36	28.3	99.9	99.9	85.8	99.9	99.9	98.8	99.4	97.5	99.9	99.9	-135.104	-8.88631	-164.293	-107.824	11.4689	-134.311	
1.54	0.8	2.3	97.1	87.2	81.6	81	60.8	75.7	8.4	46.1	0	56.2	48.5	52.35	36	28.3	99.9	99.9	85.8	99.9	99.9	98.8	99.4	97.5	99.9	99.9	-135.104	-8.88631	-164.293	-107.824	11.4689	-134.311	
1.55	0.8	2.3	97.1	87.2	81.6	81	60.8	75.7	8.4	46.1	0	56.2	48.5	52.35	36	28.3	99.9	99.9	85.8	99.9	99.9	98.8	99.4	97.5	99.9	99.9	-135.104	-8.88631	-164.293	-107.824	11.4689	-134.311	
1.56	0.8	2.3	97.1	87.2	81.6	81	60.8	75.7	8.4	46.1	0	56.2	48.5	52.35	36	28.3	99.9	99.9	85.8	99.9	99.9	98.8	99.4	97.5	99.9	99.9	-135.104	-8.88631	-164.293	-107.824	11.4689	-134.311	
1.57	0.8	2.3	97.1	87.2	81.6	81	60.8	75.7	8.4	46.1	0	56.2	48.5	52.35	36	28.3	99.9	99.9	85.8	99.9	99.9	98.8	99.4	97.5	99.9	99.9	-135.104	-8.88631	-164.293	-107.824	11.4689	-134.311	
1.58	0.8	2.3	97.1	87.2	81.6	81	60.8	75.7	8.4	46.1	0	56.2	48.5	52.35	36	28.3	99.9	99.9	85.8	99.9	99.9	98.8	99.4	97.5	99.9	99.9	-135.104	-8.88631	-164.293	-107.824	11.4689	-134.311	
1.59	0.8	2.3	97.1	87.2	81.6	81	60.8	75.7	8.4	46.1	0	56.2	48.5	52.35	36	28.3	99.9	99.9	85.8	99.9	99.9	98.8	99.4	97.5	99.9	99.9	-135.104	-8.88631	-164.293	-107.824	11.4689	-134.311	
1.6	0.8	2.3	97.1	87.2	81.6	81	60.8	75.7	8.4	46.1	0	56.2	48.5	52.35	36	28.3	99.9	99.9	85.8	99.9	99.9	98.8	99.4	97.5	99.9	99.9	-135.104	-8.88631	-164.293	-107.824	11.4689	-134.311	
1.61	0.8	2.3	97.1	87.2	81.6	81	60.8	75.7	8.4	46.1	0	56.2	48.5	52.35	36	28.3	99.9	99.9	85.8	99.9	99.9	98.8	99.4	97.5	99.9	99.9	-135.104	-8.88631	-164.293	-107.824	11.4689	-134.311	
1.62	0.8	2.3	97.1	87.2	81.6	81	60.8	75.7	8.4	46.1	0	56.2	48.5	52.35	36	28.3	99.9	99.9	85.8	99.9	99.9	98.8	99.4	97.5	99.9	99.9	-135.104	-8.88631	-164.293	-107.824	11.4689	-134.311	
1.63	0.8	2.3	97.1	87.2	81.6	81	60.8	75.7	8.4	46.1	0	56.2	48.5	52.35	36	28.3	99.9	99.9	85.8	99.9	99.9	98.8	99.4	97.5	99.9	99.9	-135.104	-8.88631	-164.293	-107.824	11.4689	-134.311	
1.64	0.8	2.3	97.1	87.2	81.6	81	60.8	75.7	8.4	46.1	0	56.2	48.5	52.35	36	28.3	99.9	99.9	85.8	99.9	99.9	98.8	99.4	97.5	99.9	99.9	-135.104	-8.88631	-164.293	-107.824	11.4689	-134.311	
1.65	0.8	2.3	97.1	87.2	81.6	81	60.8	75.7	8.4	46.1	0	56.2	48.5	52.35	36	28.3	99.9	99.9	85.8	99.9	99.9	98.8	99.4	97.5	99.9	99.9	-135.104	-8.88631	-164.293	-107.824	11.4689	-134.311	
1.66	0.8	2.3	97.1	87.2	81.6	81	60.8	75.7	8.4	46.1	0	56.2	48.5	52.35	36	28.3	99.9	99.9	85.8	99.9	99.9	98.8	99.4	97.5	99.9	99.9	-135.104	-8.88631	-164.293	-107.824	11.4689	-134.311	
1.67	0.8	2.3	97.1	87.2	81.6	81	60.8	75.7	8.4	46.1	0	56.2	48.5	52.35	36	28.3	99.9	99.9	85.8	99.9	99.9	98.8	99.4	97.5	99.9	99.9	-135.104	-8.88631	-164.293	-107.824	11.4689	-134.311	
1.68	0.8	2.3	97.1	87.2	81.6	81	60.8	75.7	8.4	46.1	0	56.2	48.5	52.35	36	28.3	99.9	99.9	85.8	99.9	99.9	98.8	99.4	97.5	99.9	99.9	-135.104	-8.88631	-164.293	-107.824	11.4689	-134.311	
1.69	0.8	2.3	97.1	87.2	81.6	81	60.8	75.7	8.4	46.1	0	56.2	48.5	52.35	36	28.3	99.9	99.9	85.8	99.9	99.9	98.8	99.4	97.5	99.9	99.9	-135.104	-8.88631	-164.293	-107.824	11.4689	-134.311	
1.7	0.8	2.3	97.1	87.2	81.6	81	60.8	75.7	8.4	46.1	0	56.2	48.5	52.35	36	28.3	99.9	99.9	85.8	99.9	99.9	98.8	99.4	97.5	99.9	99.9	-135.104	-8.88631	-164.293	-107.824	11.4689	-134.311	
1.71	0.8	2.3	97.1	87.2	81.6	81	60.8	75.7	8.4	46.1	0	56.2	48.5	52.35	36	28.3	99.9	99.9	85.8	99.9	99.9	98.8	99.4	97.5	99.9	99.9	-135.104	-8.88631	-164.293	-107.824	11.4689	-134.311	
1.72	0.8	2.3	97.1	87.2	81.6	81	60.8	75.7	8.4	46.1	0	56.2	48.5	52.35	36	28.3	99.9	99.9	85.8	99.9	99.9	98.8	99.4	97.5	99.9	99.9	-135.104	-8.88631	-164.293	-107.824	11.4689	-134.311	
1.73	0.8	2.3	97.1	87.2	81.6	81	60.8	75.7	8.4	46.1	0	56.2	48.5	52.35	36	28.3	99.9	99.9	85.8	99.9	99.9	98.8	99.4	97.5	99.9	99.9	-135.104	-8.88631	-164.293	-107.824	11.4689	-134.311	
1.74	0.8	2.3	97.1	87.2	81.6	81	60.8	75.7	8.4	46.1	0	56.2	48.5	52.35	36	28.3	99.9	99.9	85.8	99.9	99.9	98.8	99.4	97.5	99.9	99.9	-135.104	-8.88631	-164.293	-107.824	11.4689	-134.311	
1.75	0.8	2.3	97.1	87.2	81.6	81	60.8	75.7	8.4	46.1	0	56.2	48.5	52.35	36	28.3	99.9	99.9	85.8	99.9	99.9	98.8	99.4	97.5	99.9	99.9	-135.104	-8.88631	-164.293	-107.824	11.4689	-134.311	
1.76	0.8	2.3	97.1	87.2	81.6	81	60.8	75.7	8.4	46.1	0	56.2	48.5	52.35	36	28.3	99.9	99.9	85.8	99.9	99.9	98.8	99.4	97.5	99.9	99.9	-135.104	-8.88631	-164.293	-107.824	11.4689	-134.311	
1.77	0.8	2.3	97.1	87.2	81.6	81	60.8	75.7	8.4	46.1	0	56.2	48.5	52.35	36	28.3	99.9	99.9	85.8	99.9	99.9	98.8	99.4	97.5	99.9	99.9	-135.104	-8.88631	-164.293	-107.824	11.4689	-134.311	
1.78	0.8	2.3	97.1	87.2	81.6	81	60.8	75.7	8.4	46.1	0	56.2	48.5	52.35	36	28.3	99.9	99.9	85.8	99.9	99.9	98.8	99.4	97.5	99.9	99.9	-135.104	-8.88631	-164.293	-107.824	11.4689	-134.311	
1.79	0.8	2.3	97.1	87.2	81.6	81	60.8	75.7	8.4	46.1	0	56.2	48.5	52.35	36	28.3	99.9	99.9	85.8	99.9	99.9	98.8	99.4	97.5	99.9	99.9	-135.104	-8.88631	-164.293	-107.824	11.4689	-134.311	
1.8	0.8	2.3	97.1	87.2	81.6	81	60.8	75.7	8.4	46.1	0	56.2	48.5	52.35	36	28.3	99.9	99.9	85.8	99.9	99.9	98.8	99.4	97.5	99.9	99.9	-135.104	-8.88631	-164.293	-107.824	11.4689	-134.311	
1.81	0.8	2.3	97.1	87.2	81.6	81	60.8	75.7	8.4	46.1	0	56.2	48.5	52.35	36	28.3	99.9	99.9	85.8	99.9	99.9	98.8	99.4	97.5	99.9	99.9	-135.104	-8.88631	-164.293	-107.824	11.4689	-134.311	
1.82	0.8	2.3	97.1	87.2	81.6	81	60.8	75.7	8.4	46.1	0	56.2	48.5	52.35	36	28.3	99.9	99.9	85.8	99.9	99.9	98.8	99.4	97.5	99.9	99.9	-135.104	-8.88631	-164.293	-107.824	11.4689	-134.311	
1.83	0.8	2.3	97.1	87.2	81.6	81	60.8	75.7	8.4	46.1	0	56.2	48.5	52.35	36	28.3	99.9	99.9	85.8	99.9	99.9	98.8	99.4	97.5	99.9	99.9	-135.104	-8.88631	-164.293	-107.824	11.4689	-134.311	
1.84	0.7	1.9	97.6	86.8	81.7	80.4	60.1	75.1	8.3	43.9	0	55.6	48.4	52	35.4	27.9	99.9	99.9	90.6	99.9	99.9	99.3	99.9	97.5	99.6	99.6	-131.763	-12.2865	-163.043	-108.045	11.7054	-133.996	
1.85	0.7	1.9	97.6	86.8	81.7	80.4	60.1	75.1	8.3	43.9	0	55.6	48.4	52	35.4	27.9	99.9	99.9	90.6	99.9	99.9	99.3	99.9	97.5	99.6	99.6	-131.763	-12.2865	-163.043	-108.045	11.7054	-133.996	
1.86	0.7	1.9	97.6	86.8	81.7	80.4	60.1	75.1	8.3	43.9	0	55.6	48.4	52	35.4	27.9	99.9	99.9	90.6	99.9	99.9	99.3	99.9	97.5	99.6	99.6	-131.763	-12.2865	-163.043	-108.045	11.7054	-133.996	
1.87	0.7	1.9	97.6	86.8	81.7	80.4	60.1	75.1	8.3	43.9	0	55.6	48.4	52	35.4	27.9	99.9	99.9	90.6	99.9	99.9	99.3	99.9	97.5	99.6	99.6	-131.763	-12.2865	-163.043	-108.045	11.7054	-133.996	
1.88	0.7	1.9	97.6	86.8	81.7	80.4	60.1	75.1	8.3	43.9	0	55.6	48.4	52	35.4	27.9	99.9	99.9	90.6	99.9	99.9	99.3	99.9	97.5	99.6	99.6	-131.763	-12.2865	-163.043	-108.045	11.7054	-133.996	
1.89	0.7	1.9	97.6	86.8	81.7	80.4	60.1	75.1	8.3	43.9	0	55.6	48.4	52	35.4	27.9	99.9	99.9	90.6	99.9	99.9	99.3	99.9	97.5	99.6	99.6	-131.763	-12.2865	-163.043	-108.045	11.7054	-133.996	
1.9	0.7	1.9	97.6	86.8	81.7	80.4	60.1	75.1	8.3	43.9	0	55.6	48.4	52	35.4	27.9	99.9	99.9	90.6	99.9	99.9	99.3	99.9	97.5	99.6	99.6	-131.763	-12.2865	-163.043	-108.045	11.7054	-133.996	
1.91	0.7	1.9	97.6	86.8	81.7	80.4	60.1	75.1	8.3	43.9	0	55.6	48.4	52	35.4	27.9	99.9	99.9	90.6	99.9	99.9	99.3	99.9	97.5	99.6	99.6	-131.763	-12.2865	-163.043	-108.045	11.7054	-133.996	
1.92	0.7	1.9	97.6	86.8	81.7	80.4	60.1	75.1	8.3	43.9	0	55.6	48.4	52	35.4	27.9	99.9	99.9	90.6	99.9	99.9	99.3	99.9	97.5	99.6	99.6	-131.763	-12.2865	-163.043	-108.045	11.7054	-133.996	
1.93	0.7	1.9	97.6	86.8	81.7	80.4	60.1	75.1	8.3	43.9	0	55.6	48.4	52	35.4	27.9	99.9	99.9	90.6	99.9	99.9	99.3	99.9	97.5	99.6	99.6	-131.763	-12.2865	-163.043	-108.045	11.7054	-133.996	
1.94	0.7	1.9	97.6	86.8	81.7	80.4	60.1	75.1	8.3	43.9	0	55.6	48.4	52	35.4	27.9	99.9	99.9	90.6	99.9	99.9	99.3	99.9	97.5	99.6	99.6	-131.763	-12.2865	-163.043	-108.045	11.7054	-133.996	
1.95	0.7	1.9	97.6	86.8	81.7	80.4	60.1	75.1	8.3	43.9	0	55.6	48.4	52	35.4	27.9	99.9	99.9	90.6	99.9	99.9	99.3	99.9	97.5	99.6	99.6	-131.763	-12.2865	-163.043	-108.045	11.7054	-133.996	
1.96	0.7	1.9	97.6	86.8	81.7	80.4	60.1	75.1	8.3	43.9	0	55.6	48.4	52	35.4	27.9	99.9	99.9	90.6	99.9	99.9	99.3	99.9	97.5	99.6	99.6	-131.763	-12.2865	-163.043	-108.045	11.7054	-133.996	
1.97	0.7	1.9	97.6	86.8	81.7	80.4	60.1	75.1	8.3	43.9	0	55.6	48.4	52	35.4	27.9	99.9	99.9	90.6	99.9	99.9	99.3	99.9	97.5	99.6	99.6	-131.763	-12.2865	-163.043	-108.045	11.7054	-133.996	
1.98	0.7	1.9	97.6	86.8	81.7	80.4	60.1	75.1	8.3	43.9	0	55.6	48.4	52	35.4	27.9	99.9	99.9	90.6	99.9	99.9	99.3	99.9	97.5	99.6	99.6	-131.763	-12.2865	-163.043	-108.045	11.7054	-133.996	
1.99	0.7	1.9	97.6	86.8	81.7	80.4	60.1	75.1	8.3	43.9	0	55.6	48.4	52	35.4	27.9	99.9	99.9	90.6	99.9	99.9	99.3	99.9	97.5	99.6	99.6	-131.763	-12.2865	-163.043	-108.045	11.7054	-133.996	
2	0.7	1.9	97.6	86.8	81.7	80.4	60.1	75.1	8.3	43.9	0	55.6	48.4	52	35.4	27.9	99.9	99.9	90.6	99.9	99.9	99.3	99.9	97.5	99.6	99.6	-131.763	-12.2865	-163.043	-108.045	11.7054	-133.996	
2.01	0.7	1.9	97.6	86.8	81.7	80.4	60.1	75.1	8.3	43.9	0	55.6	48.4	52	35.4	27.9	99.9	99.9	90.6	99.9	99.9	99.3	99.9	97.5	99.6	99.6	-131.763	-12.2865	-163.043	-108.045	11.7054	-133.996	
2.02	0.7	1.9	97.6	86.8	81.7	80.4	60.1	75.1	8.3	43.9	0	55.6	48.4	52	35.4	27.9	99.9	99.9	90.6	99.9	99.9	99.3	99.9	97.5	99.6	99.6	-131.763	-12.2865	-163.043	-108.045	11.7054	-133.996	
2.03	0.7	1.9	97.6	86.8	81.7	80.4	60.1	75.1	8.3	43.9	0	55.6	48.4	52	35.4	27.9	99.9	99.9	90.6	99.9	99.9	99.3	99.9	97.5	99.6	99.6	-131.763	-12.2865	-163.043	-108.045	11.7054	-133.996	
2.04	0.7	1.9	97.6	86.8	81.7	80.4	60.1	75.1	8.3	43.9	0	55.6	48.4	52	35.4	27.9	99.9	99.9	90.6	99.9	99.9	99.3	99.9	97.5	99.6	99.6	-131.763	-12.2865	-163.043	-108.045	11.7054	-133.996	
2.05	0.7	1.9	97.6	86.8	81.7	80.4	60.1	75.1	8.3	43.9	0	55.6	48.4	52	35.4	27.9	99.9	99.9	90.6	99.9	99.9	99.3	99.9	97.5	99.6	99.6	-131.763	-12.2865	-163.043	-108.045	11.7054	-133.996	
2.06	0.7	1.9	97.6	86.8	81.7	80.4	60.1	75.1	8.3	43.9	0	55.6	48.4	52	35.4	27.9	99.9	99.9	90.6	99.9	99.9	99.3	99.9	97.5	99.6	99.6	-131.763	-12.2865	-163.043	-108.045	11.7054	-133.996	
2.07	0.7	1.9	97.6	86.8	81.7	80.4	60.1	75.1	8.3	43.9	0	55.6	48.4	52	35.4	27.9	99.9	99.9	90.6	99.9	99.9	99.3	99.9	97.5	99.6	99.6	-131.763	-12.2865	-163.043	-108.045	11.7054	-133.996	
2.08	0.7	1.9	97.6	86.8	81.7	80.4	60.1	75.1	8.3	43.9	0	55.6	48.4	52	35.4	27.9	99.9	99.9	90.6	99.9	99.9	99.3	99.9	97.5	99.6	99.6	-131.763	-12.2865	-163.043	-108.045	11.7054	-133.996	
2.09	0.7	1.9	97.6	86.8	81.7	80.4	60.1	75.1	8.3	43.9	0	55.6	48.4	52	35.4	27.9	99.9	99.9	90.6	99.9	99.9	99.3	99.9	97.5	99.6	99.6	-131.763	-12.2865	-163.043	-108.045	11.7054	-133.996	
2.1	0.7	1.9	97.6	86.8	81.7	80.4	60.1	75.1	8.3	43.9	0	55.6	48.4	52	35.4	27.9	99.9	99.9	90.6	99.9	99.9	99.3	99.9	97.5	99.6	99.6	-131.763	-12.2865	-163.043	-108.045	11.7054	-133.996	
2.11	0.7	1.9	97.6	86.8	81.7	80.4	60.1	75.1	8.3	43.9	0	55.6	48.4	52	35.4	27.9	99.9	99.9	90.6	99.9	99.9	99.3	99.9	97.5	99.6	99.6	-131.763	-12.2865	-163.043	-108.045	11.7054	-133.996	
2.12	0.7	1.9	97.6	86.8	81.7	80.4	60.1	75.1	8.3	43.9	0	55.6	48.4	52	35.4	27.9	99.9	99.9	90.6	99.9	99.9	99.3	99.9	97.5	99.6	99.6	-131.763	-12.2865	-163.043	-108.045	11.7054	-133.996	
2.13	0.7	1.9	97.6	86.8	81.7	80.4	60.1	75.1	8.3	43.9	0	55.6	48.4	52	35.4	27.9	99.9	99.9	90.6	99.9	99.9	99.3	99.9	97.5	99.6	99.6	-131.763	-12.2865	-163.043	-108.045	11.7054	-133.996	
2.14	0.7	1.9	97.6	86.8	81.7	80.4	60.1	75.1	8.3	43.9	0	55.6	48.4	52	35.4	27.9	99.9	99.9	90.6	99.9	99.9	99.3	99.9	97.5	99.6	99.6	-131.763	-12.2865	-163.043	-108.045	11.7054	-133.996	
2.15	0.7	1.9	97.6	86.8	81.7	80.4	60.1	75.1	8.3	43.9	0	55.6	48.4	52	35.4	27.9	99.9	99.9	90.6	99.9	99.9	99.3	99.9	97.5	99.6	99.6	-131.763	-12.2865	-163.043	-108.045	11.7054	-133.996	
2.16	0.7	1.9	97.6	86.8	81.7	80.4	60.1	75.1	8.3	43.9	0	55.6	48.4	52	35.4	27.9	99.9	99.9	90.6	99.9	99.9	99.3	99.9	97.5	99.6	99.6	-131.763	-12.2865	-163.043	-108.045	11.7054	-133.996	
2.17	0.7	1.9	97.6	86.8	81.7	80.4	60.1	75.1	8.3	43.9	0	55.6	48.4	52	35.4	27.9	99.9	99.9	90.6	99.9	99.9	99.3	99.9	97.5	99.6	99.6	-131.763	-12.2865	-163.043	-108.045	11.7054	-133.996	
2.18	0.7	1.9	97.6	86.8	81.7	80.4	60.1	75.1	8.3	43.9	0	55.6	48.4	52	35.4	27.9	99.9	99.9	90.6	99.9	99.9	99.3	99.9	97.5	99.6	99.6	-131.763	-12.2865	-163.043	-108.045	11.7054	-133.996	
2.19	0.7	1.9	97.6	86.8	81.7	80.4	60.1	75.1	8.3	43.9	0	55.6	48.4	52	35.4	27.9	99.9	99.9	90.6	99.9	99.9	99.3	99.9	97.5	99.6	99.6	-131.763	-12.2865	-163.043	-108.045	11.7054	-133.996	
2.2	0.7	1.9	97.6	86.8	81.7	80.4	60.1	75.1	8.3	43.9	0	55.6	48.4	52	35.4	27.9	99.9	99.9	90.6	99.9	99.9	99.3	99.9	97.5	99.6	99.6	-131.763	-12.2865	-163.043	-108.045	11.7054	-133.996	
2.21	0.6	1.9	97.9	86.5	81.9	79.6	60.1	74.7	8.1	43.2	0	54.9	48.2	51.55	35.1	27.5	100	99.9	91.4	99.9	99.9	98.8	99.9	99.9	99.9	99.5	-131.227	-11.7617	-164.781	-108.245	12.7725	-134.456	
2.22	0.6	1.9	97.9	86.5	81.9	79.6	60.1	74.7	8.1	43.2	0	54.9	48.2	51.55	35.1	27.5	100	99.9	91.4	99.9	99.9	98.8	99.9	99.9	99.9	99.5	-131.227	-11.7617	-164.781	-108.245	12.7725	-134.456	
2.23	0.6	1.9	97.9	86.5	81.9	79.6	60.1	74.7	8.1	43.2	0	54.9	48.2	51.55	35.1	27.5	100	99.9	91.4	99.9	99.9	98.8	99.9	99.9	99.9	99.5	-131.227	-11.7617	-164.781	-108.245	12.7725	-134.456	
2.24	0.6	1.9	97.9	86.5	81.9	79.6	60.1	74.7	8.1	43.2	0	54.9	48.2	51.55	35.1	27.5	100	99.9	91.4	99.9	99.9	98.8	99.9	99.9	99.9	99.5	-131.227	-11.7617	-164.781	-108.245	12.7725	-134.456	
2.25	0.6	1.9	97.9	86.5	81.9	79.6	60.1	74.7	8.1	43.2	0	54.9	48.2	51.55	35.1	27.5	100	99.9	91.4	99.9	99.9	98.8	99.9	99.9	99.9	99.5	-131.227	-11.7617	-164.781	-108.245	12.7725	-134.456	
2.26	0.6	1.9	97.9	86.5	81.9	79.6	60.1	74.7	8.1	43.2	0	54.9	48.2	51.55	35.1	27.5	100	99.9	91.4	99.9	99.9	98.8	99.9	99.9	99.9	99.5	-131.227	-11.7617	-164.781	-108.245	12.7725	-134.456	
2.27	0.6	1.9	97.9	86.5	81.9	79.6	60.1	74.7	8.1	43.2	0	54.9	48.2	51.55	35.1	27.5	100	99.9	91.4	99.9	99.9	98.8	99.9	99.9	99.9	99.5	-131.227	-11.7617	-164.781	-108.245	12.7725	-134.456	
2.28	0.6	1.9	97.9	86.5	81.9	79.6	60.1	74.7	8.1	43.2	0	54.9	48.2	51.55	35.1	27.5	100	99.9	91.4	99.9	99.9	98.8	99.9	99.9	99.9	99.5	-131.227	-11.7617	-164.781	-108.245	12.7725	-134.456	
2.29	0.6	1.9	97.9	86.5	81.9	79.6	60.1	74.7	8.1	43.2	0	54.9	48.2	51.55	35.1	27.5	100	99.9	91.4	99.9	99.9	98.8	99.9	99.9	99.9	99.5	-131.227	-11.7617	-164.781	-108.245	12.7725	-134.456	
2.3	0.6	1.9	97.9	86.5	81.9	79.6	60.1	74.7	8.1	43.2	0	54.9	48.2	51.55	35.1	27.5	100	99.9	91.4	99.9	99.9	98.8	99.9	99.9	99.9	99.5	-131.227	-11.7617	-164.781	-108.245	12.7725	-134.456	
2.31	0.6	1.9	97.9	86.5	81.9	79.6	60.1	74.7	8.1	43.2	0	54.9	48.2	51.55	35.1	27.5	100	99.9	91.4	99.9	99.9	98.8	99.9	99.9	99.9	99.5	-131.227	-11.7617	-164.781	-108.245	12.7725	-134.456	
2.32	0.6	1.9	97.9	86.5	81.9	79.6	60.1	74.7	8.1	43.2	0	54.9	48.2	51.55	35.1	27.5	100	99.9	91.4	99.9	99.9	98.8	99.9	99.9	99.9	99.5	-131.227	-11.7617	-164.781	-108.245	12.7725	-134.456	
2.33	0.6	1.9	97.9	86.5	81.9	79.6	60.1	74.7	8.1	43.2	0	54.9	48.2	51.55	35.1	27.5	100	99.9	91.4	99.9	99.9	98.8	99.9	99.9	99.9	99.5	-131.227	-11.7617	-164.781	-108.245	12.7725	-134.456	
2.34	0.6	1.9	97.9	86.5	81.9	79.6	60.1	74.7	8.1	43.2	0	54.9	48.2	51.55	35.1	27.5	100	99.9	91.4	99.9	99.9	98.8	99.9	99.9	99.9	99.5	-131.227	-11.7617	-164.781	-108.245	12.7725	-134.456	
2.35	0.6	1.9	97.9	86.5	81.9	79.6	60.1	74.7	8.1	43.2	0	54.9	48.2	51.55	35.1	27.5	100	99.9	91.4	99.9	99.9	98.8	99.9	99.9	99.9	99.5	-131.227	-11.7617	-164.781	-108.245	12.7725	-134.456	
2.36	0.6	1.9	97.9	86.5	81.9	79.6	60.1	74.7	8.1	43.2	0	54.9	48.2	51.55	35.1	27.5	100	99.9	91.4	99.9	99.9	98.8	99.9	99.9	99.9	99.5	-131.227	-11.7617	-164.781	-108.245	12.7725	-134.456	
2.37	0.6	1.9	97.9	86.5	81.9	79.6	60.1	74.7	8.1	43.2	0	54.9	48.2	51.55	35.1	27.5	100	99.9	91.4	99.9	99.9	98.8	99.9	99.9	99.9	99.5	-131.227	-11.7617	-164.781	-108.245	12.7725	-134.456	
2.38	0.6	1.9	97.9	86.5	81.9	79.6	60.1	74.7	8.1	43.2	0	54.9	48.2	51.55	35.1	27.5	100	99.9	91.4	99.9	99.9	98.8	99.9	99.9	99.9	99.5	-131.227	-11.7617	-164.781	-108.245	12.7725	-134.456	
2.39	0.6	1.9	97.9	86.5	81.9	79.6	60.1	74.7	8.1	43.2	0	54.9	48.2	51.55	35.1	27.5	100	99.9	91.4	99.9	99.9	98.8	99.9	99.9	99.9	99.5	-131.227	-11.7617	-164.781	-108.245	12.7725	-134.456	
2.4	0.6	1.9	97.9	86.5	81.9	79.6	60.1	74.7	8.1	43.2	0	54.9	48.2	51.55	35.1	27.5	100	99.9	91.4	99.9	99.9	98.8	99.9	99.9	99.9	99.5	-131.227	-11.7617	-164.781	-108.245	12.7725	-134.456	
2.41	0.6	1.9	97.9	86.5	81.9	79.6	60.1	74.7	8.1	43.2	0	54.9	48.2	51.55	35.1	27.5	100	99.9	91.4	99.9	99.9	98.8	99.9	99.9	99.9	99.5	-131.227	-11.7617	-164.781	-108.245	12.7725	-134.456	
2.42	0.6	1.9	97.9	86.5	81.9	79.6	60.1	74.7	8.1	43.2	0	54.9	48.2	51.55	35.1	27.5	100	99.9	91.4	99.9	99.9	98.8	99.9	99.9	99.9	99.5	-131.227	-11.7617	-164.781	-108.245	12.7725	-134.456	
2.43	0.6	1.9	97.9	86.5	81.9	79.6	60.1	74.7	8.1	43.2	0	54.9	48.2	51.55	35.1	27.5	100	99.9	91.4	99.9	99.9	98.8	99.9	99.9	99.9	99.5	-131.227	-11.7617	-164.781	-108.245	12.7725	-134.456	
2.44	0.6	1.9	97.9	86.5	81.9	79.6	60.1	74.7	8.1	43.2	0	54.9	48.2	51.55	35.1	27.5	100	99.9	91.4	99.9	99.9	98.8	99.9	99.9	99.9	99.5	-131.227	-11.7617	-164.781	-108.245	12.7725	-134.456	
2.45	0.6	1.9	97.9	86.5	81.9	79.6	60.1	74.7	8.1	43.2	0	54.9	48.2	51.55	35.1	27.5	100	99.9	91.4	99.9	99.9	98.8	99.9	99.9	99.9	99.5	-131.227	-11.7617	-164.781	-108.245	12.7725	-134.456	
2.46	0.6	1.9	97.9	86.5	81.9	79.6	60.1	74.7	8.1	43.2	0	54.9	48.2	51.55	35.1	27.5	100	99.9	91.4	99.9	99.9	98.8	99.9	99.9	99.9	99.5	-131.227	-11.7617	-164.781	-108.245	12.7725	-134.456	
2.47	0.6	1.9	97.9	86.5	81.9	79.6	60.1	74.7	8.1	43.2	0	54.9	48.2	51.55	35.1	27.5	100	99.9	91.4	99.9	99.9	98.8	99.9	99.9	99.9	99.5	-131.227	-11.7617	-164.781	-108.245	12.7725	-134.456	
2.48	0.6	1.9	97.9	86.5	81.9	79.6	60.1	74.7	8.1	43.2	0	54.9	48.2	51.55	35.1	27.5	100	99.9	91.4	99.9	99.9	98.8	99.9	99.9	99.9	99.5	-131.227	-11.7617	-164.781	-108.245	12.7725	-134.456	
2.49	0.6	1.9	97.9	86.5	81.9	79.6	60.1	74.7	8.1	43.2	0	54.9	48.2	51.55	35.1	27.5	100	99.9	91.4	99.9	99.9	98.8	99.9	99.9	99.9	99.5	-131.227	-11.7617	-164.781	-108.245	12.7725	-134.456	
2.5	0.6	1.9	97.9	86.5	81.9	79.6	60.1	74.7	8.1	43.2	0	54.9	48.2	51.55	35.1	27.5	100	99.9	91.4	99.9	99.9	98.8	99.9	99.9	99.9	99.5	-131.227	-11.7617	-164.781	-108.245	12.7725	-134.456	
2.51	0.6	1.9	97.9	86.5	81.9	79.6	60.1	74.7	8.1	43.2	0	54.9	48.2	51.55	35.1	27.5	100	99.9	91.4	99.9	99.9	98.8	99.9	99.9	99.9	99.5	-131.227	-11.7617	-164.781	-108.245	12.7725	-134.456	
2.52	0.6	1.9	97.9	86.5	81.9	79.6	60.1	74.7	8.1	43.2	0	54.9	48.2	51.55	35.1	27.5	100	99.9	91.4	99.9	99.9	98.8	99.9	99.9	99.9	99.5	-131.227	-11.7617	-164.781	-108.245	12.7725	-134.456	
2.53	0.6	1.9	97.9	86.5	81.9	79.6	60.1	74.7	8.1	43.2	0	54.9	48.2	51.55	35.1	27.5	100	99.9	91.4	99.9	99.9	98.8	99.9	99.9	99.9	99.5	-131.227	-11.7617	-164.781	-108.245	12.7725	-134.456	
2.54	0.6	1.9	97.9	86.5	81.9	79.6	60.1	74.7	8.1	43.2	0	54.9	48.2	51.55	35.1	27.5	100	99.9	91.4	99.9	99.9	98.8	99.9	99.9	99.9	99.5	-131.227	-11.7617	-164.781	-108.245	12.7725	-134.456	
2.55	0.6	1.9	97.9	86.5	81.9	79.6	60.1	74.7	8.1	43.2	0	54.9	48.2	51.55	35.1	27.5	100	99.9	91.4	99.9	99.9	98.8	99.9	99.9	99.9	99.5	-131.227	-11.7617	-164.781	-108.245	12.7725	-134.456	
2.56	0.6	1.9	97.9	86.5	81.9	79.6	60.1	74.7	8.1	43.2	0	54.9	48.2	51.55	35.1	27.5	100	99.9	91.4	99.9	99.9	98.8	99.9	99.9	99.9	99.5	-131.227	-11.7617	-164.781	-108.245	12.7725	-134.456	
2.57	0.6	1.8	98.5	86.3	81.4	79.5	60.2	74.7	7.6	42.9	0	54.8	48.1	51.45	33.9	27.5	99.9	99.9	91.4	99.9	99.9	99.7	99.9	99	99.5	99.9	-131.951	-12.0765	-164.835	-108.018	11.8986	-134.307	
2.58	0.5	1.9	98.4	86.3	81.7	79.2	59.8	74.1	7.6	42.8	0	54.3	48.1	51.2	35	27.4	99.9	99.9	91.4	99.9	99.9	99.7	99.9	99.6	99.6	99.9	-133.069	-11.8086	-164.399	-108.359	12.2822	-134.219	
2.59	0.5	1.9	98.4	86.3	81.7	79.2	59.8	74.1	7.6	42.8	0	54.3	48.1	51.2	35	27.4	99.9	99.9	91.4	99.9	99.9	99.7	99.9	99.6	99.6	99.9	-133.069	-11.8086	-164.399	-108.359	12.2822	-134.219	
2.6	0.5	1.9	98.4	86.3	81.7	79.2	59.8	74.1	7.6	42.8	0	54.3	48.1	51.2	35	27.4	99.9	99.9	91.4	99.9	99.9	99.7	99.9	99.6	99.6	99.9	-133.069	-11.8086	-164.399	-108.359	12.2822	-134.219	
2.61	0.5	1.9	98.4	86.3	81.7	79.2	59.8	74.1	7.6	42.8	0	54.3	48.1	51.2	35	27.4	99.9	99.9	91.4	99.9	99.9	99.7	99.9	99.6	99.6	99.9	-133.069	-11.8086	-164.399	-108.359	12.2822	-134.219	
2.62	0.5	1.9	98.4	86.3	81.7	79.2	59.8	74.1	7.6	42.8	0	54.3	48.1	51.2	35	27.4	99.9	99.9	91.4	99.9	99.9	99.7	99.9	99.6	99.6	99.9	-133.069	-11.8086	-164.399	-108.359	12.2822	-134.219	
2.63	0.5	1.9	98.4	86.3	81.7	79.2	59.8	74.1	7.6	42.8	0	54.3	48.1	51.2	35	27.4	99.9	99.9	91.4	99.9	99.9	99.7	99.9	99.6	99.6	99.9	-133.069	-11.8086	-164.399	-108.359	12.2822	-134.219	
2.64	0.5	1.9	98.4	86.3	81.7	79.2	59.8	74.1	7.6	42.8	0	54.3	48.1	51.2	35	27.4	99.9	99.9	91.4	99.9	99.9	99.7	99.9	99.6	99.6	99.9	-133.069	-11.8086	-164.399	-108.359	12.2822	-134.219	
2.65	0.5	1.9	98.4	86.3	81.7	79.2	59.8	74.1	7.6	42.8	0	54.3	48.1	51.2	35	27.4	99.9	99.9	91.4	99.9	99.9	99.7	99.9	99.6	99.6	99.9	-133.069	-11.8086	-164.399	-108.359	12.2822	-134.219	
2.66	0.5	1.9	98.4	86.3	81.7	79.2	59.8	74.1	7.6	42.8	0	54.3	48.1	51.2	35	27.4	99.9	99.9	91.4	99.9	99.9	99.7	99.9	99.6	99.6	99.9	-133.069	-11.8086	-164.399	-108.359	12.2822	-134.219	
2.67	0.5	1.9	98.4	86.3	81.7	79.2	59.8	74.1	7.6	42.8	0	54.3	48.1	51.2	35	27.4	99.9	99.9	91.4	99.9	99.9	99.7	99.9	99.6	99.6	99.9	-133.069	-11.8086	-164.399	-108.359	12.2822	-134.219	
2.68	0.5	1.9	98.4	86.3	81.7	79.2	59.8	74.1	7.6	42.8	0	54.3	48.1	51.2	35	27.4	99.9	99.9	91.4	99.9	99.9	99.7	99.9	99.6	99.6	99.9	-133.069	-11.8086	-164.399	-108.359	12.2822	-134.219	
2.69	0.5	1.9	98.4	86.3	81.7	79.2	59.8	74.1	7.6	42.8	0	54.3	48.1	51.2	35	27.4	99.9	99.9	91.4	99.9	99.9	99.7	99.9	99.6	99.6	99.9	-133.069	-11.8086	-164.399	-108.359	12.2822	-134.219	
2.7	0.5	1.9	98.4	86.3	81.7	79.2	59.8	74.1	7.6	42.8	0	54.3	48.1	51.2	35	27.4	99.9	99.9	91.4	99.9	99.9	99.7	99.9	99.6	99.6	99.9	-133.069	-11.8086	-164.399	-108.359	12.2822	-134.219	
2.71	0.5	1.9	98.4	86.3	81.7	79.2	59.8	74.1	7.6	42.8	0	54.3	48.1	51.2	35	27.4	99.9	99.9	91.4	99.9	99.9	99.7	99.9	99.6	99.6	99.9	-133.069	-11.8086	-164.399	-108.359	12.2822	-134.219	
2.72	0.5	1.9	98.4	86.3	81.7	79.2	59.8	74.1	7.6	42.8	0	54.3	48.1	51.2	35	27.4	99.9	99.9	91.4	99.9	99.9	99.7	99.9	99.6	99.6	99.9	-133.069	-11.8086	-164.399	-108.359	12.2822	-134.219	
2.73	0.5	1.9	98.4	86.3	81.7	79.2	59.8	74.1	7.6	42.8	0	54.3	48.1	51.2	35	27.4	99.9	99.9	91.4	99.9	99.9	99.7	99.9	99.6	99.6	99.9	-133.069	-11.8086	-164.399	-108.359	12.2822	-134.219	
2.74	0.5	1.9	98.4	86.3	81.7	79.2	59.8	74.1	7.6	42.8	0	54.3	48.1	51.2	35	27.4	99.9	99.9	91.4	99.9	99.9	99.7	99.9	99.6	99.6	99.9	-133.069	-11.8086	-164.399	-108.359	12.2822	-134.219	
2.75	0.5	1.9	98.4	86.3	81.7	79.2	59.8	74.1	7.6	42.8	0	54.3	48.1	51.2	35	27.4	99.9	99.9	91.4	99.9	99.9	99.7	99.9	99.6	99.6	99.9	-133.069	-11.8086	-164.399	-108.359	12.2822	-134.219	
2.76	0.5	1.9	98.4	86.3	81.7	79.2	59.8	74.1	7.6	42.8	0	54.3	48.1	51.2	35	27.4	99.9	99.9	91.4	99.9	99.9	99.7	99.9	99.6	99.6	99.9	-133.069	-11.8086	-164.399	-108.359	12.2822	-134.219	
2.77	0.5	1.9	98.4	86.3	81.7	79.2	59.8	74.1	7.6	42.8	0	54.3	48.1	51.2	35	27.4	99.9	99.9	91.4	99.9	99.9	99.7	99.9	99.6	99.6	99.9	-133.069	-11.8086	-164.399	-108.359	12.2822	-134.219	
2.78	0.5	1.9	98.4	86.3	81.7	79.2	59.8	74.1	7.6	42.8	0	54.3	48.1	51.2	35	27.4	99.9	99.9	91.4	99.9	99.9	99.7	99.9	99.6	99.6	99.9	-133.069	-11.8086	-164.399	-108.359	12.2822	-134.219	
2.79	0.5	1.9	98.4	86.3	81.7	79.2	59.8	74.1	7.6	42.8	0	54.3	48.1	51.2	35	27.4	99.9	99.9	91.4	99.9	99.9	99.7	99.9	99.6	99.6	99.9	-133.069	-11.8086	-164.399	-108.359	12.2822	-134.219	
2.8	0.5	1.9	98.4	86.3	81.7	79.2	59.8	74.1	7.6	42.8	0	54.3	48.1	51.2	35	27.4	99.9	99.9	91.4	99.9	99.9	99.7	99.9	99.6	99.6	99.9	-133.069	-11.8086	-164.399	-108.359	12.2822	-134.219	
2.81	0.5	1.9	98.4	86.3	81.7	79.2	59.8	74.1	7.6	42.8	0	54.3	48.1	51.2	35	27.4	99.9	99.9	91.4	99.9	99.9	99.7	99.9	99.6	99.6	99.9	-133.069	-11.8086	-164.399	-108.359	12.2822	-134.219	
2.82	0.5	1.9	98.4	86.3	81.7	79.2	59.8	74.1	7.6	42.8	0	54.3	48.1	51.2	35	27.4	99.9	99.9	91.4	99.9	99.9	99.7	99.9	99.6	99.6	99.9	-133.069	-11.8086	-164.399	-108.359	12.2822	-134.219	
2.83	0.5	1.9	98.4	86.3	81.7	79.2	59.8	74.1	7.6	42.8	0	54.3	48.1	51.2	35	27.4	99.9	99.9	91.4	99.9	99.9	99.7	99.9	99.6	99.6	99.9	-133.069	-11.8086	-164.399	-108.359	12.2822	-134.219	
2.84	0.5	1.9	98.4	86.3	81.7	79.2	59.8	74.1	7.6	42.8	0	54.3	48.1	51.2	35	27.4	99.9	99.9	91.4	99.9	99.9	99.7	99.9	99.6	99.6	99.9	-133.069	-11.8086	-164.399	-108.359	12.2822	-134.219	
2.85	0.5	1.9	98.4	86.3	81.7	79.2	59.8	74.1	7.6	42.8	0	54.3	48.1	51.2	35	27.4	99.9	99.9	91.4	99.9	99.9	99.7	99.9	99.6	99.6	99.9	-133.069	-11.8086	-164.399	-108.359	12.2822	-134.219	
2.86	0.5	1.9	98.4	86.3	81.7	79.2	59.8	74.1	7.6	42.8	0	54.3	48.1	51.2	35	27.4	99.9	99.9	91.4	99.9	99.9	99.7	99.9	99.6	99.6	99.9	-133.069	-11.8086	-164.399	-108.359	12.2822	-134.219	
2.87	0.5	1.9	98.4	86.3	81.7	79.2	59.8	74.1	7.6	42.8	0	54.3	48.1	51.2	35	27.4	99.9	99.9	91.4	99.9	99.9	99.7	99.9	99.6	99.6	99.9	-133.069	-11.8086	-164.399	-108.359	12.2822	-134.219	
2.88	0.5	1.9	98.4	86.3	81.7	79.2	59.8	74.1	7.6	42.8	0	54.3	48.1	51.2	35	27.4	99.9	99.9	91.4	99.9	99.9	99.7	99.9	99.6	99.6	99.9	-133.069	-11.8086	-164.399	-108.359	12.2822	-134.219	
2.89	0.5	1.9	98.4	86.3	81.7	79.2	59.8	74.1	7.6	42.8	0	54.3	48.1	51.2	35	27.4	99.9	99.9	91.4	99.9	99.9	99.7	99.9	99.6	99.6	99.9	-133.069	-11.8086	-164.399	-108.359	12.2822	-134.219	
