Hora de inicio de la toma de datos: 11:45:14
AT(s)	F1.1	F1.2	F2.1	F2.2	F3.1	F3.2	F4.1	F4.2	F5.1	F5.2	ABD1	ABD2	ABD3	ABD4	PA	TCO	P1	P2	P3	P4	P5	P6	P7	P8	P9	P10	HRoll	HPitch	HYaw	WRoll	WPitch	WYaw	
0.01	7	3	5.7	11.3	1.6	0	2.1	0	0.2	8.9	50.9	70.6	36.9	53.75	32.2	31.8	99.9	99.9	99.9	99	99.9	98.2	99.7	99.7	99.9	86.8	-16.5345	-61.0156	48.5873	-10.6306	7.33721	51.7302	
0.02	7	3	5.7	11.3	1.6	0	2.1	0	0.2	8.9	50.9	70.6	36.9	53.75	32.2	31.8	99.9	99.9	99.9	99	99.9	98.2	99.7	99.7	99.9	86.8	-16.5345	-61.0156	48.5873	-10.6306	7.33721	51.7302	
0.03	7	3	5.7	11.3	1.6	0	2.1	0	0.2	8.9	50.9	70.6	36.9	53.75	32.2	31.8	99.9	99.9	99.9	99	99.9	98.2	99.7	99.7	99.9	86.8	-16.5345	-61.0156	48.5873	-10.6306	7.33721	51.7302	
0.04	7	3	5.7	11.3	1.6	0	2.1	0	0.2	8.9	50.9	70.6	36.9	53.75	32.2	31.8	99.9	99.9	99.9	99	99.9	98.2	99.7	99.7	99.9	86.8	-16.5345	-61.0156	48.5873	-10.6306	7.33721	51.7302	
0.05	7	3	5.7	11.3	1.6	0	2.1	0	0.2	8.9	50.9	70.6	36.9	53.75	32.2	31.8	99.9	99.9	99.9	99	99.9	98.2	99.7	99.7	99.9	86.8	-16.5345	-61.0156	48.5873	-10.6306	7.33721	51.7302	
0.06	7	3	5.7	11.3	1.6	0	2.1	0	0.2	8.9	50.9	70.6	36.9	53.75	32.2	31.8	99.9	99.9	99.9	99	99.9	98.2	99.7	99.7	99.9	86.8	-16.5345	-61.0156	48.5873	-10.6306	7.33721	51.7302	
0.07	7	3	5.7	11.3	1.6	0	2.1	0	0.2	8.9	50.9	70.6	36.9	53.75	32.2	31.8	99.9	99.9	99.9	99	99.9	98.2	99.7	99.7	99.9	86.8	-16.5345	-61.0156	48.5873	-10.6306	7.33721	51.7302	
0.08	7	3	5.7	11.3	1.6	0	2.1	0	0.2	8.9	50.9	70.6	36.9	53.75	32.2	31.8	99.9	99.9	99.9	99	99.9	98.2	99.7	99.7	99.9	86.8	-16.5345	-61.0156	48.5873	-10.6306	7.33721	51.7302	
0.09	7	3	5.7	11.3	1.6	0	2.1	0	0.2	8.9	50.9	70.6	36.9	53.75	32.2	31.8	99.9	99.9	99.9	99	99.9	98.2	99.7	99.7	99.9	86.8	-16.5345	-61.0156	48.5873	-10.6306	7.33721	51.7302	
0.1	7	3	5.7	11.3	1.6	0	2.1	0	0.2	8.9	50.9	70.6	36.9	53.75	32.2	31.8	99.9	99.9	99.9	99	99.9	98.2	99.7	99.7	99.9	86.8	-16.5345	-61.0156	48.5873	-10.6306	7.33721	51.7302	
0.11	7	3	5.7	11.3	1.4	0	2.2	0	0.1	8.8	49.6	70.7	36.9	53.8	32.5	31.8	100	99.9	99.9	99	99.9	96.9	99.7	99.9	99.9	88.4	-15.926	-61.1692	48.2621	-11.0553	7.26614	51.8372	
0.12	7.3	3.1	5.7	11.3	1	0	2.1	0	0.5	8.8	49.4	70.2	36.9	53.55	33	31.3	99.9	99.9	99.9	98.7	99.9	96.6	99.8	99.7	99.9	83.8	-15.6493	-61.1728	47.9332	-9.99895	7.46061	52.0718	
0.13	7.3	3.1	5.7	11.3	1	0	2.1	0	0.5	8.8	49.4	70.2	36.9	53.55	33	31.3	99.9	99.9	99.9	98.7	99.9	96.6	99.8	99.7	99.9	83.8	-15.6493	-61.1728	47.9332	-9.99895	7.46061	52.0718	
0.14	7.3	3.1	5.7	11.3	1	0	2.1	0	0.5	8.8	49.4	70.2	36.9	53.55	33	31.3	99.9	99.9	99.9	98.7	99.9	96.6	99.8	99.7	99.9	83.8	-15.6493	-61.1728	47.9332	-9.99895	7.46061	52.0718	
0.15	7.3	3.1	5.7	11.3	1	0	2.1	0	0.5	8.8	49.4	70.2	36.9	53.55	33	31.3	99.9	99.9	99.9	98.7	99.9	96.6	99.8	99.7	99.9	83.8	-15.6493	-61.1728	47.9332	-9.99895	7.46061	52.0718	
0.16	7.3	3.1	5.7	11.3	1	0	2.1	0	0.5	8.8	49.4	70.2	36.9	53.55	33	31.3	99.9	99.9	99.9	98.7	99.9	96.6	99.8	99.7	99.9	83.8	-15.6493	-61.1728	47.9332	-9.99895	7.46061	52.0718	
0.171	7.3	3.1	5.7	11.3	1	0	2.1	0	0.5	8.8	49.4	70.2	36.9	53.55	33	31.3	99.9	99.9	99.9	98.7	99.9	96.6	99.8	99.7	99.9	83.8	-15.6493	-61.1728	47.9332	-9.99895	7.46061	52.0718	
0.181	7.3	3.1	5.7	11.3	1	0	2.1	0	0.5	8.8	49.4	70.2	36.9	53.55	33	31.3	99.9	99.9	99.9	98.7	99.9	96.6	99.8	99.7	99.9	83.8	-15.6493	-61.1728	47.9332	-9.99895	7.46061	52.0718	
0.191	7.3	3.1	5.7	11.3	1	0	2.1	0	0.5	8.8	49.4	70.2	36.9	53.55	33	31.3	99.9	99.9	99.9	98.7	99.9	96.6	99.8	99.7	99.9	83.8	-15.6493	-61.1728	47.9332	-9.99895	7.46061	52.0718	
0.201	7.3	3.1	5.7	11.3	1	0	2.1	0	0.5	8.8	49.4	70.2	36.9	53.55	33	31.3	99.9	99.9	99.9	98.7	99.9	96.6	99.8	99.7	99.9	83.8	-15.6493	-61.1728	47.9332	-9.99895	7.46061	52.0718	
0.211	7.3	3.1	5.7	11.3	1	0	2.1	0	0.5	8.8	49.4	70.2	36.9	53.55	33	31.3	99.9	99.9	99.9	98.7	99.9	96.6	99.8	99.7	99.9	83.8	-15.6493	-61.1728	47.9332	-9.99895	7.46061	52.0718	
0.221	7.3	3.1	5.7	11.3	1	0	2.1	0	0.5	8.8	49.4	70.2	36.9	53.55	33	31.3	99.9	99.9	99.9	98.7	99.9	96.6	99.8	99.7	99.9	83.8	-15.6493	-61.1728	47.9332	-9.99895	7.46061	52.0718	
0.231	7.3	3.1	5.7	11.3	1	0	2.1	0	0.5	8.8	49.4	70.2	36.9	53.55	33	31.3	99.9	99.9	99.9	98.7	99.9	96.6	99.8	99.7	99.9	83.8	-15.6493	-61.1728	47.9332	-9.99895	7.46061	52.0718	
0.241	7.3	3.1	5.7	11.3	1	0	2.1	0	0.5	8.8	49.4	70.2	36.9	53.55	33	31.3	99.9	99.9	99.9	98.7	99.9	96.6	99.8	99.7	99.9	83.8	-15.6493	-61.1728	47.9332	-9.99895	7.46061	52.0718	
0.251	7.3	3.1	5.7	11.3	1	0	2.1	0	0.5	8.8	49.4	70.2	36.9	53.55	33	31.3	99.9	99.9	99.9	98.7	99.9	96.6	99.8	99.7	99.9	83.8	-15.6493	-61.1728	47.9332	-9.99895	7.46061	52.0718	
0.261	7.3	3.1	5.7	11.3	1	0	2.1	0	0.5	8.8	49.4	70.2	36.9	53.55	33	31.3	99.9	99.9	99.9	98.7	99.9	96.6	99.8	99.7	99.9	83.8	-15.6493	-61.1728	47.9332	-9.99895	7.46061	52.0718	
0.271	7.3	3.1	5.7	11.3	1	0	2.1	0	0.5	8.8	49.4	70.2	36.9	53.55	33	31.3	99.9	99.9	99.9	98.7	99.9	96.6	99.8	99.7	99.9	83.8	-15.6493	-61.1728	47.9332	-9.99895	7.46061	52.0718	
0.281	7.3	3.1	5.7	11.3	1	0	2.1	0	0.5	8.8	49.4	70.2	36.9	53.55	33	31.3	99.9	99.9	99.9	98.7	99.9	96.6	99.8	99.7	99.9	83.8	-15.6493	-61.1728	47.9332	-9.99895	7.46061	52.0718	
0.29	7.3	3.1	5.7	11.3	1	0	2.1	0	0.5	8.8	49.4	70.2	36.9	53.55	33	31.3	99.9	99.9	99.9	98.7	99.9	96.6	99.8	99.7	99.9	83.8	-15.6493	-61.1728	47.9332	-9.99895	7.46061	52.0718	
0.3	7.3	3.1	5.7	11.3	1	0	2.1	0	0.5	8.8	49.4	70.2	36.9	53.55	33	31.3	99.9	99.9	99.9	98.7	99.9	96.6	99.8	99.7	99.9	83.8	-15.6493	-61.1728	47.9332	-9.99895	7.46061	52.0718	
0.31	7.3	3.1	5.7	11.3	1	0	2.1	0	0.5	8.8	49.4	70.2	36.9	53.55	33	31.3	99.9	99.9	99.9	98.7	99.9	96.6	99.8	99.7	99.9	83.8	-15.6493	-61.1728	47.9332	-9.99895	7.46061	52.0718	
0.32	7.3	3.1	5.7	11.3	1	0	2.1	0	0.5	8.8	49.4	70.2	36.9	53.55	33	31.3	99.9	99.9	99.9	98.7	99.9	96.6	99.8	99.7	99.9	83.8	-15.6493	-61.1728	47.9332	-9.99895	7.46061	52.0718	
0.33	7.3	3.1	5.7	11.3	1	0	2.1	0	0.5	8.8	49.4	70.2	36.9	53.55	33	31.3	99.9	99.9	99.9	98.7	99.9	96.6	99.8	99.7	99.9	83.8	-15.6493	-61.1728	47.9332	-9.99895	7.46061	52.0718	
0.34	7.3	3.1	5.7	11.3	1	0	2.1	0	0.5	8.8	49.4	70.2	36.9	53.55	33	31.3	99.9	99.9	99.9	98.7	99.9	96.6	99.8	99.7	99.9	83.8	-15.6493	-61.1728	47.9332	-9.99895	7.46061	52.0718	
0.35	7.3	3.1	5.7	11.3	1	0	2.1	0	0.5	8.8	49.4	70.2	36.9	53.55	33	31.3	99.9	99.9	99.9	98.7	99.9	96.6	99.8	99.7	99.9	83.8	-15.6493	-61.1728	47.9332	-9.99895	7.46061	52.0718	
0.36	7.3	3.1	5.7	11.3	1	0	2.1	0	0.5	8.8	49.4	70.2	36.9	53.55	33	31.3	99.9	99.9	99.9	98.7	99.9	96.6	99.8	99.7	99.9	83.8	-15.6493	-61.1728	47.9332	-9.99895	7.46061	52.0718	
0.37	7.3	3.1	5.7	11.3	1	0	2.1	0	0.5	8.8	49.4	70.2	36.9	53.55	33	31.3	99.9	99.9	99.9	98.7	99.9	96.6	99.8	99.7	99.9	83.8	-15.6493	-61.1728	47.9332	-9.99895	7.46061	52.0718	
0.38	7.3	3.1	5.7	11.3	1	0	2.1	0	0.5	8.8	49.4	70.2	36.9	53.55	33	31.3	99.9	99.9	99.9	98.7	99.9	96.6	99.8	99.7	99.9	83.8	-15.6493	-61.1728	47.9332	-9.99895	7.46061	52.0718	
0.39	7.3	3.1	5.7	11.3	1	0	2.1	0	0.5	8.8	49.4	70.2	36.9	53.55	33	31.3	99.9	99.9	99.9	98.7	99.9	96.6	99.8	99.7	99.9	83.8	-15.6493	-61.1728	47.9332	-9.99895	7.46061	52.0718	
0.4	7.3	3.1	5.7	11.3	1	0	2.1	0	0.5	8.8	49.4	70.2	36.9	53.55	33	31.3	99.9	99.9	99.9	98.7	99.9	96.6	99.8	99.7	99.9	83.8	-15.6493	-61.1728	47.9332	-9.99895	7.46061	52.0718	
0.41	7.3	3.1	5.7	11.3	1	0	2.1	0	0.5	8.8	49.4	70.2	36.9	53.55	33	31.3	99.9	99.9	99.9	98.7	99.9	96.6	99.8	99.7	99.9	83.8	-15.6493	-61.1728	47.9332	-9.99895	7.46061	52.0718	
0.42	7.3	3.1	5.7	11.3	1	0	2.1	0	0.5	8.8	49.4	70.2	36.9	53.55	33	31.3	99.9	99.9	99.9	98.7	99.9	96.6	99.8	99.7	99.9	83.8	-15.6493	-61.1728	47.9332	-9.99895	7.46061	52.0718	
0.43	7.3	3.1	5.7	11.3	1	0	2.1	0	0.5	8.8	49.4	70.2	36.9	53.55	33	31.3	99.9	99.9	99.9	98.7	99.9	96.6	99.8	99.7	99.9	83.8	-15.6493	-61.1728	47.9332	-9.99895	7.46061	52.0718	
0.44	7.3	3.1	5.7	11.3	1	0	2.1	0	0.5	8.8	49.4	70.2	36.9	53.55	33	31.3	99.9	99.9	99.9	98.7	99.9	96.6	99.8	99.7	99.9	83.8	-15.6493	-61.1728	47.9332	-9.99895	7.46061	52.0718	
0.45	7.3	3.1	5.7	11.3	1	0	2.1	0	0.5	8.8	49.4	70.2	36.9	53.55	33	31.3	99.9	99.9	99.9	98.7	99.9	96.6	99.8	99.7	99.9	83.8	-15.6493	-61.1728	47.9332	-9.99895	7.46061	52.0718	
0.46	7.3	3.1	5.7	11.3	1	0	2.1	0	0.5	8.8	49.4	70.2	36.9	53.55	33	31.3	99.9	99.9	99.9	98.7	99.9	96.6	99.8	99.7	99.9	83.8	-15.6493	-61.1728	47.9332	-9.99895	7.46061	52.0718	
0.47	7.3	3.1	5.7	11.3	1	0	2.1	0	0.5	8.8	49.4	70.2	36.9	53.55	33	31.3	99.9	99.9	99.9	98.7	99.9	96.6	99.8	99.7	99.9	83.8	-15.6493	-61.1728	47.9332	-9.99895	7.46061	52.0718	
0.48	6.3	3.1	4.8	11.5	1.1	0	2.1	0	0.1	8.7	55.3	70.5	37.9	54.2	33.4	32.1	100	99.9	99.9	98.5	99.9	95.3	99.7	99.9	99.9	85	-16.024	-61.5074	48.4371	-11.0962	7.07543	52.5136	
0.49	6.1	3.1	4.5	11.6	1.2	0	2.2	0	0.1	8.6	55.3	69.9	38	53.95	34.4	31.5	100	99.9	99.9	98.6	99.9	95.3	99.6	99.8	99.9	84.9	-14.3793	-61.7343	46.9708	-11.2567	7.58673	52.4752	
0.5	6.1	3.1	4.5	11.6	1.2	0	2.2	0	0.1	8.6	55.3	69.9	38	53.95	34.4	31.5	100	99.9	99.9	98.6	99.9	95.3	99.6	99.8	99.9	84.9	-14.3793	-61.7343	46.9708	-11.2567	7.58673	52.4752	
0.51	6.1	3.1	4.5	11.6	1.2	0	2.2	0	0.1	8.6	55.3	69.9	38	53.95	34.4	31.5	100	99.9	99.9	98.6	99.9	95.3	99.6	99.8	99.9	84.9	-14.3793	-61.7343	46.9708	-11.2567	7.58673	52.4752	
0.52	6.1	3.1	4.5	11.6	1.2	0	2.2	0	0.1	8.6	55.3	69.9	38	53.95	34.4	31.5	100	99.9	99.9	98.6	99.9	95.3	99.6	99.8	99.9	84.9	-14.3793	-61.7343	46.9708	-11.2567	7.58673	52.4752	
0.53	6.1	3.1	4.5	11.6	1.2	0	2.2	0	0.1	8.6	55.3	69.9	38	53.95	34.4	31.5	100	99.9	99.9	98.6	99.9	95.3	99.6	99.8	99.9	84.9	-14.3793	-61.7343	46.9708	-11.2567	7.58673	52.4752	
0.54	6.1	3.1	4.5	11.6	1.2	0	2.2	0	0.1	8.6	55.3	69.9	38	53.95	34.4	31.5	100	99.9	99.9	98.6	99.9	95.3	99.6	99.8	99.9	84.9	-14.3793	-61.7343	46.9708	-11.2567	7.58673	52.4752	
0.55	6.1	3.1	4.5	11.6	1.2	0	2.2	0	0.1	8.6	55.3	69.9	38	53.95	34.4	31.5	100	99.9	99.9	98.6	99.9	95.3	99.6	99.8	99.9	84.9	-14.3793	-61.7343	46.9708	-11.2567	7.58673	52.4752	
0.56	6.1	3.1	4.5	11.6	1.2	0	2.2	0	0.1	8.6	55.3	69.9	38	53.95	34.4	31.5	100	99.9	99.9	98.6	99.9	95.3	99.6	99.8	99.9	84.9	-14.3793	-61.7343	46.9708	-11.2567	7.58673	52.4752	
0.57	6.1	3.1	4.5	11.6	1.2	0	2.2	0	0.1	8.6	55.3	69.9	38	53.95	34.4	31.5	100	99.9	99.9	98.6	99.9	95.3	99.6	99.8	99.9	84.9	-14.3793	-61.7343	46.9708	-11.2567	7.58673	52.4752	
0.58	6.1	3.1	4.5	11.6	1.2	0	2.2	0	0.1	8.6	55.3	69.9	38	53.95	34.4	31.5	100	99.9	99.9	98.6	99.9	95.3	99.6	99.8	99.9	84.9	-14.3793	-61.7343	46.9708	-11.2567	7.58673	52.4752	
0.59	6.1	3.1	4.5	11.6	1.2	0	2.2	0	0.1	8.6	55.3	69.9	38	53.95	34.4	31.5	100	99.9	99.9	98.6	99.9	95.3	99.6	99.8	99.9	84.9	-14.3793	-61.7343	46.9708	-11.2567	7.58673	52.4752	
0.6	6.1	3.1	4.5	11.6	1.2	0	2.2	0	0.1	8.6	55.3	69.9	38	53.95	34.4	31.5	100	99.9	99.9	98.6	99.9	95.3	99.6	99.8	99.9	84.9	-14.3793	-61.7343	46.9708	-11.2567	7.58673	52.4752	
0.61	6.1	3.1	4.5	11.6	1.2	0	2.2	0	0.1	8.6	55.3	69.9	38	53.95	34.4	31.5	100	99.9	99.9	98.6	99.9	95.3	99.6	99.8	99.9	84.9	-14.3793	-61.7343	46.9708	-11.2567	7.58673	52.4752	
0.62	6.1	3.1	4.5	11.6	1.2	0	2.2	0	0.1	8.6	55.3	69.9	38	53.95	34.4	31.5	100	99.9	99.9	98.6	99.9	95.3	99.6	99.8	99.9	84.9	-14.3793	-61.7343	46.9708	-11.2567	7.58673	52.4752	
0.63	6.1	3.1	4.5	11.6	1.2	0	2.2	0	0.1	8.6	55.3	69.9	38	53.95	34.4	31.5	100	99.9	99.9	98.6	99.9	95.3	99.6	99.8	99.9	84.9	-14.3793	-61.7343	46.9708	-11.2567	7.58673	52.4752	
0.64	6.1	3.1	4.5	11.6	1.2	0	2.2	0	0.1	8.6	55.3	69.9	38	53.95	34.4	31.5	100	99.9	99.9	98.6	99.9	95.3	99.6	99.8	99.9	84.9	-14.3793	-61.7343	46.9708	-11.2567	7.58673	52.4752	
0.65	6.1	3.1	4.5	11.6	1.2	0	2.2	0	0.1	8.6	55.3	69.9	38	53.95	34.4	31.5	100	99.9	99.9	98.6	99.9	95.3	99.6	99.8	99.9	84.9	-14.3793	-61.7343	46.9708	-11.2567	7.58673	52.4752	
0.66	6.1	3.1	4.5	11.6	1.2	0	2.2	0	0.1	8.6	55.3	69.9	38	53.95	34.4	31.5	100	99.9	99.9	98.6	99.9	95.3	99.6	99.8	99.9	84.9	-14.3793	-61.7343	46.9708	-11.2567	7.58673	52.4752	
0.67	6.1	3.1	4.5	11.6	1.2	0	2.2	0	0.1	8.6	55.3	69.9	38	53.95	34.4	31.5	100	99.9	99.9	98.6	99.9	95.3	99.6	99.8	99.9	84.9	-14.3793	-61.7343	46.9708	-11.2567	7.58673	52.4752	
0.68	6.1	3.1	4.5	11.6	1.2	0	2.2	0	0.1	8.6	55.3	69.9	38	53.95	34.4	31.5	100	99.9	99.9	98.6	99.9	95.3	99.6	99.8	99.9	84.9	-14.3793	-61.7343	46.9708	-11.2567	7.58673	52.4752	
0.69	6.1	3.1	4.5	11.6	1.2	0	2.2	0	0.1	8.6	55.3	69.9	38	53.95	34.4	31.5	100	99.9	99.9	98.6	99.9	95.3	99.6	99.8	99.9	84.9	-14.3793	-61.7343	46.9708	-11.2567	7.58673	52.4752	
0.7	6.1	3.1	4.5	11.6	1.2	0	2.2	0	0.1	8.6	55.3	69.9	38	53.95	34.4	31.5	100	99.9	99.9	98.6	99.9	95.3	99.6	99.8	99.9	84.9	-14.3793	-61.7343	46.9708	-11.2567	7.58673	52.4752	
0.71	6.1	3.1	4.5	11.6	1.2	0	2.2	0	0.1	8.6	55.3	69.9	38	53.95	34.4	31.5	100	99.9	99.9	98.6	99.9	95.3	99.6	99.8	99.9	84.9	-14.3793	-61.7343	46.9708	-11.2567	7.58673	52.4752	
0.72	6.1	3.1	4.5	11.6	1.2	0	2.2	0	0.1	8.6	55.3	69.9	38	53.95	34.4	31.5	100	99.9	99.9	98.6	99.9	95.3	99.6	99.8	99.9	84.9	-14.3793	-61.7343	46.9708	-11.2567	7.58673	52.4752	
0.73	6.1	3.1	4.5	11.6	1.2	0	2.2	0	0.1	8.6	55.3	69.9	38	53.95	34.4	31.5	100	99.9	99.9	98.6	99.9	95.3	99.6	99.8	99.9	84.9	-14.3793	-61.7343	46.9708	-11.2567	7.58673	52.4752	
0.74	6.1	3.1	4.5	11.6	1.2	0	2.2	0	0.1	8.6	55.3	69.9	38	53.95	34.4	31.5	100	99.9	99.9	98.6	99.9	95.3	99.6	99.8	99.9	84.9	-14.3793	-61.7343	46.9708	-11.2567	7.58673	52.4752	
0.75	6.1	3.1	4.5	11.6	1.2	0	2.2	0	0.1	8.6	55.3	69.9	38	53.95	34.4	31.5	100	99.9	99.9	98.6	99.9	95.3	99.6	99.8	99.9	84.9	-14.3793	-61.7343	46.9708	-11.2567	7.58673	52.4752	
0.76	6.1	3.1	4.5	11.6	1.2	0	2.2	0	0.1	8.6	55.3	69.9	38	53.95	34.4	31.5	100	99.9	99.9	98.6	99.9	95.3	99.6	99.8	99.9	84.9	-14.3793	-61.7343	46.9708	-11.2567	7.58673	52.4752	
0.77	6.1	3.1	4.5	11.6	1.2	0	2.2	0	0.1	8.6	55.3	69.9	38	53.95	34.4	31.5	100	99.9	99.9	98.6	99.9	95.3	99.6	99.8	99.9	84.9	-14.3793	-61.7343	46.9708	-11.2567	7.58673	52.4752	
0.78	6.1	3.1	4.5	11.6	1.2	0	2.2	0	0.1	8.6	55.3	69.9	38	53.95	34.4	31.5	100	99.9	99.9	98.6	99.9	95.3	99.6	99.8	99.9	84.9	-14.3793	-61.7343	46.9708	-11.2567	7.58673	52.4752	
0.79	6.1	3.1	4.5	11.6	1.2	0	2.2	0	0.1	8.6	55.3	69.9	38	53.95	34.4	31.5	100	99.9	99.9	98.6	99.9	95.3	99.6	99.8	99.9	84.9	-14.3793	-61.7343	46.9708	-11.2567	7.58673	52.4752	
0.8	6.1	3.1	4.5	11.6	1.2	0	2.2	0	0.1	8.6	55.3	69.9	38	53.95	34.4	31.5	100	99.9	99.9	98.6	99.9	95.3	99.6	99.8	99.9	84.9	-14.3793	-61.7343	46.9708	-11.2567	7.58673	52.4752	
0.81	6.1	3.1	4.5	11.6	1.2	0	2.2	0	0.1	8.6	55.3	69.9	38	53.95	34.4	31.5	100	99.9	99.9	98.6	99.9	95.3	99.6	99.8	99.9	84.9	-14.3793	-61.7343	46.9708	-11.2567	7.58673	52.4752	
0.82	6.1	3.1	4.5	11.6	1.2	0	2.2	0	0.1	8.6	55.3	69.9	38	53.95	34.4	31.5	100	99.9	99.9	98.6	99.9	95.3	99.6	99.8	99.9	84.9	-14.3793	-61.7343	46.9708	-11.2567	7.58673	52.4752	
0.83	6.1	3.1	4.5	11.6	1.2	0	2.2	0	0.1	8.6	55.3	69.9	38	53.95	34.4	31.5	100	99.9	99.9	98.6	99.9	95.3	99.6	99.8	99.9	84.9	-14.3793	-61.7343	46.9708	-11.2567	7.58673	52.4752	
0.84	6.1	3.1	4.5	11.6	1.2	0	2.2	0	0.1	8.6	55.3	69.9	38	53.95	34.4	31.5	100	99.9	99.9	98.6	99.9	95.3	99.6	99.8	99.9	84.9	-14.3793	-61.7343	46.9708	-11.2567	7.58673	52.4752	
0.85	6.2	2.9	4	11.7	1	0	2	0	0.2	8.5	53.9	74	37.6	55.8	34.3	31.7	100	99.9	99.9	98.2	99.9	97.9	99.9	99.9	99.6	83.7	-16.5947	-61.707	48.534	-11.5896	7.00345	52.3742	
0.86	6.2	2.9	4	11.7	1	0	2	0	0.2	8.5	53.9	74	37.6	55.8	34.3	31.7	100	99.9	99.9	98.2	99.9	97.9	99.9	99.9	99.6	83.7	-16.5947	-61.707	48.534	-11.5896	7.00345	52.3742	
0.87	6.2	2.9	4	11.7	1	0	2	0	0.2	8.5	53.9	74	37.6	55.8	34.3	31.7	100	99.9	99.9	98.2	99.9	97.9	99.9	99.9	99.6	83.7	-16.5947	-61.707	48.534	-11.5896	7.00345	52.3742	
0.88	6.2	2.9	4	11.7	1	0	2	0	0.2	8.5	53.9	74	37.6	55.8	34.3	31.7	100	99.9	99.9	98.2	99.9	97.9	99.9	99.9	99.6	83.7	-16.5947	-61.707	48.534	-11.5896	7.00345	52.3742	
0.89	6.2	2.9	4	11.7	1	0	2	0	0.2	8.5	53.9	74	37.6	55.8	34.3	31.7	100	99.9	99.9	98.2	99.9	97.9	99.9	99.9	99.6	83.7	-16.5947	-61.707	48.534	-11.5896	7.00345	52.3742	
0.9	6.2	2.9	4	11.7	1	0	2	0	0.2	8.5	53.9	74	37.6	55.8	34.3	31.7	100	99.9	99.9	98.2	99.9	97.9	99.9	99.9	99.6	83.7	-16.5947	-61.707	48.534	-11.5896	7.00345	52.3742	
0.91	6.2	2.9	4	11.7	1	0	2	0	0.2	8.5	53.9	74	37.6	55.8	34.3	31.7	100	99.9	99.9	98.2	99.9	97.9	99.9	99.9	99.6	83.7	-16.5947	-61.707	48.534	-11.5896	7.00345	52.3742	
0.92	6.2	2.9	4	11.7	1	0	2	0	0.2	8.5	53.9	74	37.6	55.8	34.3	31.7	100	99.9	99.9	98.2	99.9	97.9	99.9	99.9	99.6	83.7	-16.5947	-61.707	48.534	-11.5896	7.00345	52.3742	
0.93	6.2	2.9	4	11.7	1	0	2	0	0.2	8.5	53.9	74	37.6	55.8	34.3	31.7	100	99.9	99.9	98.2	99.9	97.9	99.9	99.9	99.6	83.7	-16.5947	-61.707	48.534	-11.5896	7.00345	52.3742	
0.94	6.2	2.9	4	11.7	1	0	2	0	0.2	8.5	53.9	74	37.6	55.8	34.3	31.7	100	99.9	99.9	98.2	99.9	97.9	99.9	99.9	99.6	83.7	-16.5947	-61.707	48.534	-11.5896	7.00345	52.3742	
0.95	6.2	2.9	4	11.7	1	0	2	0	0.2	8.5	53.9	74	37.6	55.8	34.3	31.7	100	99.9	99.9	98.2	99.9	97.9	99.9	99.9	99.6	83.7	-16.5947	-61.707	48.534	-11.5896	7.00345	52.3742	
0.96	6.2	2.9	4	11.7	1	0	2	0	0.2	8.5	53.9	74	37.6	55.8	34.3	31.7	100	99.9	99.9	98.2	99.9	97.9	99.9	99.9	99.6	83.7	-16.5947	-61.707	48.534	-11.5896	7.00345	52.3742	
0.97	6.2	2.9	4	11.7	1	0	2	0	0.2	8.5	53.9	74	37.6	55.8	34.3	31.7	100	99.9	99.9	98.2	99.9	97.9	99.9	99.9	99.6	83.7	-16.5947	-61.707	48.534	-11.5896	7.00345	52.3742	
0.98	6.2	2.9	4	11.7	1	0	2	0	0.2	8.5	53.9	74	37.6	55.8	34.3	31.7	100	99.9	99.9	98.2	99.9	97.9	99.9	99.9	99.6	83.7	-16.5947	-61.707	48.534	-11.5896	7.00345	52.3742	
0.99	6.2	2.9	4	11.7	1	0	2	0	0.2	8.5	53.9	74	37.6	55.8	34.3	31.7	100	99.9	99.9	98.2	99.9	97.9	99.9	99.9	99.6	83.7	-16.5947	-61.707	48.534	-11.5896	7.00345	52.3742	
1	6.2	2.9	4	11.7	1	0	2	0	0.2	8.5	53.9	74	37.6	55.8	34.3	31.7	100	99.9	99.9	98.2	99.9	97.9	99.9	99.9	99.6	83.7	-16.5947	-61.707	48.534	-11.5896	7.00345	52.3742	
1.01	6.2	2.9	4	11.7	1	0	2	0	0.2	8.5	53.9	74	37.6	55.8	34.3	31.7	100	99.9	99.9	98.2	99.9	97.9	99.9	99.9	99.6	83.7	-16.5947	-61.707	48.534	-11.5896	7.00345	52.3742	
1.02	6.2	2.9	4	11.7	1	0	2	0	0.2	8.5	53.9	74	37.6	55.8	34.3	31.7	100	99.9	99.9	98.2	99.9	97.9	99.9	99.9	99.6	83.7	-16.5947	-61.707	48.534	-11.5896	7.00345	52.3742	
1.03	6.2	2.9	4	11.7	1	0	2	0	0.2	8.5	53.9	74	37.6	55.8	34.3	31.7	100	99.9	99.9	98.2	99.9	97.9	99.9	99.9	99.6	83.7	-16.5947	-61.707	48.534	-11.5896	7.00345	52.3742	
1.04	6.2	2.9	4	11.7	1	0	2	0	0.2	8.5	53.9	74	37.6	55.8	34.3	31.7	100	99.9	99.9	98.2	99.9	97.9	99.9	99.9	99.6	83.7	-16.5947	-61.707	48.534	-11.5896	7.00345	52.3742	
1.05	6.2	2.9	4	11.7	1	0	2	0	0.2	8.5	53.9	74	37.6	55.8	34.3	31.7	100	99.9	99.9	98.2	99.9	97.9	99.9	99.9	99.6	83.7	-16.5947	-61.707	48.534	-11.5896	7.00345	52.3742	
1.06	6.2	2.9	4	11.7	1	0	2	0	0.2	8.5	53.9	74	37.6	55.8	34.3	31.7	100	99.9	99.9	98.2	99.9	97.9	99.9	99.9	99.6	83.7	-16.5947	-61.707	48.534	-11.5896	7.00345	52.3742	
1.07	6.2	2.9	4	11.7	1	0	2	0	0.2	8.5	53.9	74	37.6	55.8	34.3	31.7	100	99.9	99.9	98.2	99.9	97.9	99.9	99.9	99.6	83.7	-16.5947	-61.707	48.534	-11.5896	7.00345	52.3742	
1.08	6.2	2.9	4	11.7	1	0	2	0	0.2	8.5	53.9	74	37.6	55.8	34.3	31.7	100	99.9	99.9	98.2	99.9	97.9	99.9	99.9	99.6	83.7	-16.5947	-61.707	48.534	-11.5896	7.00345	52.3742	
1.09	6.2	2.9	4	11.7	1	0	2	0	0.2	8.5	53.9	74	37.6	55.8	34.3	31.7	100	99.9	99.9	98.2	99.9	97.9	99.9	99.9	99.6	83.7	-16.5947	-61.707	48.534	-11.5896	7.00345	52.3742	
1.1	6.2	2.9	4	11.7	1	0	2	0	0.2	8.5	53.9	74	37.6	55.8	34.3	31.7	100	99.9	99.9	98.2	99.9	97.9	99.9	99.9	99.6	83.7	-16.5947	-61.707	48.534	-11.5896	7.00345	52.3742	
1.11	6.2	2.9	4	11.7	1	0	2	0	0.2	8.5	53.9	74	37.6	55.8	34.3	31.7	100	99.9	99.9	98.2	99.9	97.9	99.9	99.9	99.6	83.7	-16.5947	-61.707	48.534	-11.5896	7.00345	52.3742	
1.12	6.2	2.9	4	11.7	1	0	2	0	0.2	8.5	53.9	74	37.6	55.8	34.3	31.7	100	99.9	99.9	98.2	99.9	97.9	99.9	99.9	99.6	83.7	-16.5947	-61.707	48.534	-11.5896	7.00345	52.3742	
1.13	6.2	2.9	4	11.7	1	0	2	0	0.2	8.5	53.9	74	37.6	55.8	34.3	31.7	100	99.9	99.9	98.2	99.9	97.9	99.9	99.9	99.6	83.7	-16.5947	-61.707	48.534	-11.5896	7.00345	52.3742	
1.14	6.2	2.9	4	11.7	1	0	2	0	0.2	8.5	53.9	74	37.6	55.8	34.3	31.7	100	99.9	99.9	98.2	99.9	97.9	99.9	99.9	99.6	83.7	-16.5947	-61.707	48.534	-11.5896	7.00345	52.3742	
1.15	6.2	2.9	4	11.7	1	0	2	0	0.2	8.5	53.9	74	37.6	55.8	34.3	31.7	100	99.9	99.9	98.2	99.9	97.9	99.9	99.9	99.6	83.7	-16.5947	-61.707	48.534	-11.5896	7.00345	52.3742	
1.16	6.2	2.9	4	11.7	1	0	2	0	0.2	8.5	53.9	74	37.6	55.8	34.3	31.7	100	99.9	99.9	98.2	99.9	97.9	99.9	99.9	99.6	83.7	-16.5947	-61.707	48.534	-11.5896	7.00345	52.3742	
1.17	6.2	2.9	4	11.7	1	0	2	0	0.2	8.5	53.9	74	37.6	55.8	34.3	31.7	100	99.9	99.9	98.2	99.9	97.9	99.9	99.9	99.6	83.7	-16.5947	-61.707	48.534	-11.5896	7.00345	52.3742	
1.18	6.2	2.9	4	11.7	1	0	2	0	0.2	8.5	53.9	74	37.6	55.8	34.3	31.7	100	99.9	99.9	98.2	99.9	97.9	99.9	99.9	99.6	83.7	-16.5947	-61.707	48.534	-11.5896	7.00345	52.3742	
1.19	6.2	2.9	4	11.7	1	0	2	0	0.2	8.5	53.9	74	37.6	55.8	34.3	31.7	100	99.9	99.9	98.2	99.9	97.9	99.9	99.9	99.6	83.7	-16.5947	-61.707	48.534	-11.5896	7.00345	52.3742	
1.2	6.2	2.9	4	11.7	1	0	2	0	0.2	8.5	53.9	74	37.6	55.8	34.3	31.7	100	99.9	99.9	98.2	99.9	97.9	99.9	99.9	99.6	83.7	-16.5947	-61.707	48.534	-11.5896	7.00345	52.3742	
1.21	6.2	2.9	4	11.7	1	0	2	0	0.2	8.5	53.9	74	37.6	55.8	34.3	31.7	100	99.9	99.9	98.2	99.9	97.9	99.9	99.9	99.6	83.7	-16.5947	-61.707	48.534	-11.5896	7.00345	52.3742	
1.22	6.2	3.1	4.1	11.6	1	0	2	0	0.1	8.6	54.5	77.3	37.6	57.45	34.4	31.7	99.9	99.9	99.9	98.7	99.9	98	99.9	99.6	99.9	87.9	-15.9386	-61.7224	48.096	-12.1432	6.99834	52.4169	
1.23	6.2	3.1	4.1	11.6	1	0	2	0	0.1	8.6	54.5	77.3	37.6	57.45	34.4	31.7	99.9	99.9	99.9	98.7	99.9	98	99.9	99.6	99.9	87.9	-15.9386	-61.7224	48.096	-12.1432	6.99834	52.4169	
1.24	6.2	3.1	4.1	11.6	1	0	2	0	0.1	8.6	54.5	77.3	37.6	57.45	34.4	31.7	99.9	99.9	99.9	98.7	99.9	98	99.9	99.6	99.9	87.9	-15.9386	-61.7224	48.096	-12.1432	6.99834	52.4169	
1.25	6.2	3.1	4.1	11.6	1	0	2	0	0.1	8.6	54.5	77.3	37.6	57.45	34.4	31.7	99.9	99.9	99.9	98.7	99.9	98	99.9	99.6	99.9	87.9	-15.9386	-61.7224	48.096	-12.1432	6.99834	52.4169	
1.26	6.2	3.1	4.1	11.6	1	0	2	0	0.1	8.6	54.5	77.3	37.6	57.45	34.4	31.7	99.9	99.9	99.9	98.7	99.9	98	99.9	99.6	99.9	87.9	-15.9386	-61.7224	48.096	-12.1432	6.99834	52.4169	
1.27	6.2	3.1	4.1	11.6	1	0	2	0	0.1	8.6	54.5	77.3	37.6	57.45	34.4	31.7	99.9	99.9	99.9	98.7	99.9	98	99.9	99.6	99.9	87.9	-15.9386	-61.7224	48.096	-12.1432	6.99834	52.4169	
1.28	6.2	3.1	4.1	11.6	1	0	2	0	0.1	8.6	54.5	77.3	37.6	57.45	34.4	31.7	99.9	99.9	99.9	98.7	99.9	98	99.9	99.6	99.9	87.9	-15.9386	-61.7224	48.096	-12.1432	6.99834	52.4169	
1.29	6.2	3.1	4.1	11.6	1	0	2	0	0.1	8.6	54.5	77.3	37.6	57.45	34.4	31.7	99.9	99.9	99.9	98.7	99.9	98	99.9	99.6	99.9	87.9	-15.9386	-61.7224	48.096	-12.1432	6.99834	52.4169	
1.3	6.2	3.1	4.1	11.6	1	0	2	0	0.1	8.6	54.5	77.3	37.6	57.45	34.4	31.7	99.9	99.9	99.9	98.7	99.9	98	99.9	99.6	99.9	87.9	-15.9386	-61.7224	48.096	-12.1432	6.99834	52.4169	
1.31	6.2	3.1	4.1	11.6	1	0	2	0	0.1	8.6	54.5	77.3	37.6	57.45	34.4	31.7	99.9	99.9	99.9	98.7	99.9	98	99.9	99.6	99.9	87.9	-15.9386	-61.7224	48.096	-12.1432	6.99834	52.4169	
1.32	6.2	3.1	4.1	11.6	1	0	2	0	0.1	8.6	54.5	77.3	37.6	57.45	34.4	31.7	99.9	99.9	99.9	98.7	99.9	98	99.9	99.6	99.9	87.9	-15.9386	-61.7224	48.096	-12.1432	6.99834	52.4169	
1.33	6.2	3.1	4.1	11.6	1	0	2	0	0.1	8.6	54.5	77.3	37.6	57.45	34.4	31.7	99.9	99.9	99.9	98.7	99.9	98	99.9	99.6	99.9	87.9	-15.9386	-61.7224	48.096	-12.1432	6.99834	52.4169	
1.34	6.2	3.1	4.1	11.6	1	0	2	0	0.1	8.6	54.5	77.3	37.6	57.45	34.4	31.7	99.9	99.9	99.9	98.7	99.9	98	99.9	99.6	99.9	87.9	-15.9386	-61.7224	48.096	-12.1432	6.99834	52.4169	
1.35	6.2	3.1	4.1	11.6	1	0	2	0	0.1	8.6	54.5	77.3	37.6	57.45	34.4	31.7	99.9	99.9	99.9	98.7	99.9	98	99.9	99.6	99.9	87.9	-15.9386	-61.7224	48.096	-12.1432	6.99834	52.4169	
1.36	6.2	3.1	4.1	11.6	1	0	2	0	0.1	8.6	54.5	77.3	37.6	57.45	34.4	31.7	99.9	99.9	99.9	98.7	99.9	98	99.9	99.6	99.9	87.9	-15.9386	-61.7224	48.096	-12.1432	6.99834	52.4169	
1.37	6.2	3.1	4.1	11.6	1	0	2	0	0.1	8.6	54.5	77.3	37.6	57.45	34.4	31.7	99.9	99.9	99.9	98.7	99.9	98	99.9	99.6	99.9	87.9	-15.9386	-61.7224	48.096	-12.1432	6.99834	52.4169	
1.38	6.2	3.1	4.1	11.6	1	0	2	0	0.1	8.6	54.5	77.3	37.6	57.45	34.4	31.7	99.9	99.9	99.9	98.7	99.9	98	99.9	99.6	99.9	87.9	-15.9386	-61.7224	48.096	-12.1432	6.99834	52.4169	
1.39	6.2	3.1	4.1	11.6	1	0	2	0	0.1	8.6	54.5	77.3	37.6	57.45	34.4	31.7	99.9	99.9	99.9	98.7	99.9	98	99.9	99.6	99.9	87.9	-15.9386	-61.7224	48.096	-12.1432	6.99834	52.4169	
1.4	6.2	3.1	4.1	11.6	1	0	2	0	0.1	8.6	54.5	77.3	37.6	57.45	34.4	31.7	99.9	99.9	99.9	98.7	99.9	98	99.9	99.6	99.9	87.9	-15.9386	-61.7224	48.096	-12.1432	6.99834	52.4169	
1.41	6.2	3.1	4.1	11.6	1	0	2	0	0.1	8.6	54.5	77.3	37.6	57.45	34.4	31.7	99.9	99.9	99.9	98.7	99.9	98	99.9	99.6	99.9	87.9	-15.9386	-61.7224	48.096	-12.1432	6.99834	52.4169	
1.42	6.2	3.1	4.1	11.6	1	0	2	0	0.1	8.6	54.5	77.3	37.6	57.45	34.4	31.7	99.9	99.9	99.9	98.7	99.9	98	99.9	99.6	99.9	87.9	-15.9386	-61.7224	48.096	-12.1432	6.99834	52.4169	
1.43	6.2	3.1	4.1	11.6	1	0	2	0	0.1	8.6	54.5	77.3	37.6	57.45	34.4	31.7	99.9	99.9	99.9	98.7	99.9	98	99.9	99.6	99.9	87.9	-15.9386	-61.7224	48.096	-12.1432	6.99834	52.4169	
1.44	6.2	3.1	4.1	11.6	1	0	2	0	0.1	8.6	54.5	77.3	37.6	57.45	34.4	31.7	99.9	99.9	99.9	98.7	99.9	98	99.9	99.6	99.9	87.9	-15.9386	-61.7224	48.096	-12.1432	6.99834	52.4169	
1.45	6.2	3.1	4.1	11.6	1	0	2	0	0.1	8.6	54.5	77.3	37.6	57.45	34.4	31.7	99.9	99.9	99.9	98.7	99.9	98	99.9	99.6	99.9	87.9	-15.9386	-61.7224	48.096	-12.1432	6.99834	52.4169	
1.46	6.2	3.1	4.1	11.6	1	0	2	0	0.1	8.6	54.5	77.3	37.6	57.45	34.4	31.7	99.9	99.9	99.9	98.7	99.9	98	99.9	99.6	99.9	87.9	-15.9386	-61.7224	48.096	-12.1432	6.99834	52.4169	
1.47	6.2	3.1	4.1	11.6	1	0	2	0	0.1	8.6	54.5	77.3	37.6	57.45	34.4	31.7	99.9	99.9	99.9	98.7	99.9	98	99.9	99.6	99.9	87.9	-15.9386	-61.7224	48.096	-12.1432	6.99834	52.4169	
1.48	6.2	3.1	4.1	11.6	1	0	2	0	0.1	8.6	54.5	77.3	37.6	57.45	34.4	31.7	99.9	99.9	99.9	98.7	99.9	98	99.9	99.6	99.9	87.9	-15.9386	-61.7224	48.096	-12.1432	6.99834	52.4169	
1.49	6.2	3.1	4.1	11.6	1	0	2	0	0.1	8.6	54.5	77.3	37.6	57.45	34.4	31.7	99.9	99.9	99.9	98.7	99.9	98	99.9	99.6	99.9	87.9	-15.9386	-61.7224	48.096	-12.1432	6.99834	52.4169	
1.5	6.2	3.1	4.1	11.6	1	0	2	0	0.1	8.6	54.5	77.3	37.6	57.45	34.4	31.7	99.9	99.9	99.9	98.7	99.9	98	99.9	99.6	99.9	87.9	-15.9386	-61.7224	48.096	-12.1432	6.99834	52.4169	
1.51	6.2	3.1	4.1	11.6	1	0	2	0	0.1	8.6	54.5	77.3	37.6	57.45	34.4	31.7	99.9	99.9	99.9	98.7	99.9	98	99.9	99.6	99.9	87.9	-15.9386	-61.7224	48.096	-12.1432	6.99834	52.4169	
1.52	6.2	3.1	4.1	11.6	1	0	2	0	0.1	8.6	54.5	77.3	37.6	57.45	34.4	31.7	99.9	99.9	99.9	98.7	99.9	98	99.9	99.6	99.9	87.9	-15.9386	-61.7224	48.096	-12.1432	6.99834	52.4169	
1.53	6.2	3.1	4.1	11.6	1	0	2	0	0.1	8.6	54.5	77.3	37.6	57.45	34.4	31.7	99.9	99.9	99.9	98.7	99.9	98	99.9	99.6	99.9	87.9	-15.9386	-61.7224	48.096	-12.1432	6.99834	52.4169	
1.54	6.2	3.1	4.1	11.6	1	0	2	0	0.1	8.6	54.5	77.3	37.6	57.45	34.4	31.7	99.9	99.9	99.9	98.7	99.9	98	99.9	99.6	99.9	87.9	-15.9386	-61.7224	48.096	-12.1432	6.99834	52.4169	
1.55	6.2	3.1	4.1	11.6	1	0	2	0	0.1	8.6	54.5	77.3	37.6	57.45	34.4	31.7	99.9	99.9	99.9	98.7	99.9	98	99.9	99.6	99.9	87.9	-15.9386	-61.7224	48.096	-12.1432	6.99834	52.4169	
1.56	6.2	3.1	4.1	11.6	1	0	2	0	0.1	8.6	54.5	77.3	37.6	57.45	34.4	31.7	99.9	99.9	99.9	98.7	99.9	98	99.9	99.6	99.9	87.9	-15.9386	-61.7224	48.096	-12.1432	6.99834	52.4169	
1.57	6.2	3.1	4.1	11.6	1	0	2	0	0.1	8.6	54.5	77.3	37.6	57.45	34.4	31.7	99.9	99.9	99.9	98.7	99.9	98	99.9	99.6	99.9	87.9	-15.9386	-61.7224	48.096	-12.1432	6.99834	52.4169	
1.58	6.2	3.1	4.1	11.6	1	0	2	0	0.1	8.6	54.5	77.3	37.6	57.45	34.4	31.7	99.9	99.9	99.9	98.7	99.9	98	99.9	99.6	99.9	87.9	-15.9386	-61.7224	48.096	-12.1432	6.99834	52.4169	
1.59	6.7	2.9	3.6	11.9	1	0	2	0	0.4	8.6	54.5	82	38.1	60.05	34.6	31.7	100	99.9	99.9	97.9	99.9	97.5	99.8	99.9	99.9	89.8	-16.564	-61.5405	48.5847	-12.229	7.03585	52.4505	
1.6	6.7	2.9	3.6	11.9	1	0	2	0	0.4	8.6	54.5	82	38.1	60.05	34.6	31.7	100	99.9	99.9	97.9	99.9	97.5	99.8	99.9	99.9	89.8	-16.564	-61.5405	48.5847	-12.229	7.03585	52.4505	
1.61	6.7	2.9	3.6	11.9	1	0	2	0	0.4	8.6	54.5	82	38.1	60.05	34.6	31.7	100	99.9	99.9	97.9	99.9	97.5	99.8	99.9	99.9	89.8	-16.564	-61.5405	48.5847	-12.229	7.03585	52.4505	
1.62	6.7	2.9	3.6	11.9	1	0	2	0	0.4	8.6	54.5	82	38.1	60.05	34.6	31.7	100	99.9	99.9	97.9	99.9	97.5	99.8	99.9	99.9	89.8	-16.564	-61.5405	48.5847	-12.229	7.03585	52.4505	
1.63	6.7	2.9	3.6	11.9	1	0	2	0	0.4	8.6	54.5	82	38.1	60.05	34.6	31.7	100	99.9	99.9	97.9	99.9	97.5	99.8	99.9	99.9	89.8	-16.564	-61.5405	48.5847	-12.229	7.03585	52.4505	
1.64	6.7	2.9	3.6	11.9	1	0	2	0	0.4	8.6	54.5	82	38.1	60.05	34.6	31.7	100	99.9	99.9	97.9	99.9	97.5	99.8	99.9	99.9	89.8	-16.564	-61.5405	48.5847	-12.229	7.03585	52.4505	
1.65	6.7	2.9	3.6	11.9	1	0	2	0	0.4	8.6	54.5	82	38.1	60.05	34.6	31.7	100	99.9	99.9	97.9	99.9	97.5	99.8	99.9	99.9	89.8	-16.564	-61.5405	48.5847	-12.229	7.03585	52.4505	
1.66	6.7	2.9	3.6	11.9	1	0	2	0	0.4	8.6	54.5	82	38.1	60.05	34.6	31.7	100	99.9	99.9	97.9	99.9	97.5	99.8	99.9	99.9	89.8	-16.564	-61.5405	48.5847	-12.229	7.03585	52.4505	
1.67	6.7	2.9	3.6	11.9	1	0	2	0	0.4	8.6	54.5	82	38.1	60.05	34.6	31.7	100	99.9	99.9	97.9	99.9	97.5	99.8	99.9	99.9	89.8	-16.564	-61.5405	48.5847	-12.229	7.03585	52.4505	
1.68	6.7	2.9	3.6	11.9	1	0	2	0	0.4	8.6	54.5	82	38.1	60.05	34.6	31.7	100	99.9	99.9	97.9	99.9	97.5	99.8	99.9	99.9	89.8	-16.564	-61.5405	48.5847	-12.229	7.03585	52.4505	
1.69	6.7	2.9	3.6	11.9	1	0	2	0	0.4	8.6	54.5	82	38.1	60.05	34.6	31.7	100	99.9	99.9	97.9	99.9	97.5	99.8	99.9	99.9	89.8	-16.564	-61.5405	48.5847	-12.229	7.03585	52.4505	
1.7	6.7	2.9	3.6	11.9	1	0	2	0	0.4	8.6	54.5	82	38.1	60.05	34.6	31.7	100	99.9	99.9	97.9	99.9	97.5	99.8	99.9	99.9	89.8	-16.564	-61.5405	48.5847	-12.229	7.03585	52.4505	
1.71	6.7	2.9	3.6	11.9	1	0	2	0	0.4	8.6	54.5	82	38.1	60.05	34.6	31.7	100	99.9	99.9	97.9	99.9	97.5	99.8	99.9	99.9	89.8	-16.564	-61.5405	48.5847	-12.229	7.03585	52.4505	
1.72	6.7	2.9	3.6	11.9	1	0	2	0	0.4	8.6	54.5	82	38.1	60.05	34.6	31.7	100	99.9	99.9	97.9	99.9	97.5	99.8	99.9	99.9	89.8	-16.564	-61.5405	48.5847	-12.229	7.03585	52.4505	
1.73	6.7	2.9	3.6	11.9	1	0	2	0	0.4	8.6	54.5	82	38.1	60.05	34.6	31.7	100	99.9	99.9	97.9	99.9	97.5	99.8	99.9	99.9	89.8	-16.564	-61.5405	48.5847	-12.229	7.03585	52.4505	
1.74	6.7	2.9	3.6	11.9	1	0	2	0	0.4	8.6	54.5	82	38.1	60.05	34.6	31.7	100	99.9	99.9	97.9	99.9	97.5	99.8	99.9	99.9	89.8	-16.564	-61.5405	48.5847	-12.229	7.03585	52.4505	
1.75	6.7	2.9	3.6	11.9	1	0	2	0	0.4	8.6	54.5	82	38.1	60.05	34.6	31.7	100	99.9	99.9	97.9	99.9	97.5	99.8	99.9	99.9	89.8	-16.564	-61.5405	48.5847	-12.229	7.03585	52.4505	
1.76	6.7	2.9	3.6	11.9	1	0	2	0	0.4	8.6	54.5	82	38.1	60.05	34.6	31.7	100	99.9	99.9	97.9	99.9	97.5	99.8	99.9	99.9	89.8	-16.564	-61.5405	48.5847	-12.229	7.03585	52.4505	
1.77	6.7	2.9	3.6	11.9	1	0	2	0	0.4	8.6	54.5	82	38.1	60.05	34.6	31.7	100	99.9	99.9	97.9	99.9	97.5	99.8	99.9	99.9	89.8	-16.564	-61.5405	48.5847	-12.229	7.03585	52.4505	
1.78	6.7	2.9	3.6	11.9	1	0	2	0	0.4	8.6	54.5	82	38.1	60.05	34.6	31.7	100	99.9	99.9	97.9	99.9	97.5	99.8	99.9	99.9	89.8	-16.564	-61.5405	48.5847	-12.229	7.03585	52.4505	
1.79	6.7	2.9	3.6	11.9	1	0	2	0	0.4	8.6	54.5	82	38.1	60.05	34.6	31.7	100	99.9	99.9	97.9	99.9	97.5	99.8	99.9	99.9	89.8	-16.564	-61.5405	48.5847	-12.229	7.03585	52.4505	
1.8	6.7	2.9	3.6	11.9	1	0	2	0	0.4	8.6	54.5	82	38.1	60.05	34.6	31.7	100	99.9	99.9	97.9	99.9	97.5	99.8	99.9	99.9	89.8	-16.564	-61.5405	48.5847	-12.229	7.03585	52.4505	
1.81	6.7	2.9	3.6	11.9	1	0	2	0	0.4	8.6	54.5	82	38.1	60.05	34.6	31.7	100	99.9	99.9	97.9	99.9	97.5	99.8	99.9	99.9	89.8	-16.564	-61.5405	48.5847	-12.229	7.03585	52.4505	
1.82	6.7	2.9	3.6	11.9	1	0	2	0	0.4	8.6	54.5	82	38.1	60.05	34.6	31.7	100	99.9	99.9	97.9	99.9	97.5	99.8	99.9	99.9	89.8	-16.564	-61.5405	48.5847	-12.229	7.03585	52.4505	
1.83	6.7	2.9	3.6	11.9	1	0	2	0	0.4	8.6	54.5	82	38.1	60.05	34.6	31.7	100	99.9	99.9	97.9	99.9	97.5	99.8	99.9	99.9	89.8	-16.564	-61.5405	48.5847	-12.229	7.03585	52.4505	
1.84	6.7	2.9	3.6	11.9	1	0	2	0	0.4	8.6	54.5	82	38.1	60.05	34.6	31.7	100	99.9	99.9	97.9	99.9	97.5	99.8	99.9	99.9	89.8	-16.564	-61.5405	48.5847	-12.229	7.03585	52.4505	
1.85	6.7	2.9	3.6	11.9	1	0	2	0	0.4	8.6	54.5	82	38.1	60.05	34.6	31.7	100	99.9	99.9	97.9	99.9	97.5	99.8	99.9	99.9	89.8	-16.564	-61.5405	48.5847	-12.229	7.03585	52.4505	
1.86	6.7	2.9	3.6	11.9	1	0	2	0	0.4	8.6	54.5	82	38.1	60.05	34.6	31.7	100	99.9	99.9	97.9	99.9	97.5	99.8	99.9	99.9	89.8	-16.564	-61.5405	48.5847	-12.229	7.03585	52.4505	
1.87	6.7	2.9	3.6	11.9	1	0	2	0	0.4	8.6	54.5	82	38.1	60.05	34.6	31.7	100	99.9	99.9	97.9	99.9	97.5	99.8	99.9	99.9	89.8	-16.564	-61.5405	48.5847	-12.229	7.03585	52.4505	
1.88	6.7	2.9	3.6	11.9	1	0	2	0	0.4	8.6	54.5	82	38.1	60.05	34.6	31.7	100	99.9	99.9	97.9	99.9	97.5	99.8	99.9	99.9	89.8	-16.564	-61.5405	48.5847	-12.229	7.03585	52.4505	
1.89	6.7	2.9	3.6	11.9	1	0	2	0	0.4	8.6	54.5	82	38.1	60.05	34.6	31.7	100	99.9	99.9	97.9	99.9	97.5	99.8	99.9	99.9	89.8	-16.564	-61.5405	48.5847	-12.229	7.03585	52.4505	
1.9	6.7	2.9	3.6	11.9	1	0	2	0	0.4	8.6	54.5	82	38.1	60.05	34.6	31.7	100	99.9	99.9	97.9	99.9	97.5	99.8	99.9	99.9	89.8	-16.564	-61.5405	48.5847	-12.229	7.03585	52.4505	
1.91	6.7	2.9	3.6	11.9	1	0	2	0	0.4	8.6	54.5	82	38.1	60.05	34.6	31.7	100	99.9	99.9	97.9	99.9	97.5	99.8	99.9	99.9	89.8	-16.564	-61.5405	48.5847	-12.229	7.03585	52.4505	
1.92	6.7	2.9	3.6	11.9	1	0	2	0	0.4	8.6	54.5	82	38.1	60.05	34.6	31.7	100	99.9	99.9	97.9	99.9	97.5	99.8	99.9	99.9	89.8	-16.564	-61.5405	48.5847	-12.229	7.03585	52.4505	
1.93	6.7	2.9	3.6	11.9	1	0	2	0	0.4	8.6	54.5	82	38.1	60.05	34.6	31.7	100	99.9	99.9	97.9	99.9	97.5	99.8	99.9	99.9	89.8	-16.564	-61.5405	48.5847	-12.229	7.03585	52.4505	
1.94	6.7	2.9	3.6	11.9	1	0	2	0	0.4	8.6	54.5	82	38.1	60.05	34.6	31.7	100	99.9	99.9	97.9	99.9	97.5	99.8	99.9	99.9	89.8	-16.564	-61.5405	48.5847	-12.229	7.03585	52.4505	
1.95	6.7	2.9	3.6	11.9	1	0	2	0	0.4	8.6	54.5	82	38.1	60.05	34.6	31.7	100	99.9	99.9	97.9	99.9	97.5	99.8	99.9	99.9	89.8	-16.564	-61.5405	48.5847	-12.229	7.03585	52.4505	
1.96	6.5	2.9	3.8	12.6	1	0	2.2	0	0.5	8.7	54	85.3	38.6	61.95	34.4	31.6	100	99.9	99.9	98.5	99.9	98.2	99.9	99.9	99.9	93.4	-16.6119	-61.4838	48.7033	-12.0526	6.97454	52.6026	
1.97	6.5	2.9	3.8	12.6	1	0	2.2	0	0.5	8.7	54	85.3	38.6	61.95	34.4	31.6	100	99.9	99.9	98.5	99.9	98.2	99.9	99.9	99.9	93.4	-16.6119	-61.4838	48.7033	-12.0526	6.97454	52.6026	
1.98	6.5	2.9	3.8	12.6	1	0	2.2	0	0.5	8.7	54	85.3	38.6	61.95	34.4	31.6	100	99.9	99.9	98.5	99.9	98.2	99.9	99.9	99.9	93.4	-16.6119	-61.4838	48.7033	-12.0526	6.97454	52.6026	
