Hora de inicio de la toma de datos: 11:52:56
AT(s)	F1.1	F1.2	F2.1	F2.2	F3.1	F3.2	F4.1	F4.2	F5.1	F5.2	ABD1	ABD2	ABD3	ABD4	PA	TCO	P1	P2	P3	P4	P5	P6	P7	P8	P9	P10	HRoll	HPitch	HYaw	WRoll	WPitch	WYaw	
0.01	6.5	0	11.7	8.9	5.6	0	4.4	0	3.6	4.7	25.2	39.3	26.8	33.05	26.3	26.1	99.9	99.9	99.9	99	99.9	94.8	99.8	99.9	99.9	99.9	-22.3264	-2.84625	85.6902	-6.2325	6.23624	57.1831	
0.02	6.5	0	11.7	8.9	5.6	0	4.4	0	3.6	4.7	25.2	39.3	26.8	33.05	26.3	26.1	99.9	99.9	99.9	99	99.9	94.8	99.8	99.9	99.9	99.9	-22.3264	-2.84625	85.6902	-6.2325	6.23624	57.1831	
0.03	6.5	0	11.7	8.9	5.6	0	4.4	0	3.6	4.7	25.2	39.3	26.8	33.05	26.3	26.1	99.9	99.9	99.9	99	99.9	94.8	99.8	99.9	99.9	99.9	-22.3264	-2.84625	85.6902	-6.2325	6.23624	57.1831	
0.04	6.5	0	11.7	8.9	5.6	0	4.4	0	3.6	4.7	25.2	39.3	26.8	33.05	26.3	26.1	99.9	99.9	99.9	99	99.9	94.8	99.8	99.9	99.9	99.9	-22.3264	-2.84625	85.6902	-6.2325	6.23624	57.1831	
0.05	6.5	0	11.7	8.9	5.6	0	4.4	0	3.6	4.7	25.2	39.3	26.8	33.05	26.3	26.1	99.9	99.9	99.9	99	99.9	94.8	99.8	99.9	99.9	99.9	-22.3264	-2.84625	85.6902	-6.2325	6.23624	57.1831	
0.06	6.5	0	11.7	8.9	5.6	0	4.4	0	3.6	4.7	25.2	39.3	26.8	33.05	26.3	26.1	99.9	99.9	99.9	99	99.9	94.8	99.8	99.9	99.9	99.9	-22.3264	-2.84625	85.6902	-6.2325	6.23624	57.1831	
0.07	6.5	0	11.7	8.9	5.6	0	4.4	0	3.6	4.7	25.2	39.3	26.8	33.05	26.3	26.1	99.9	99.9	99.9	99	99.9	94.8	99.8	99.9	99.9	99.9	-22.3264	-2.84625	85.6902	-6.2325	6.23624	57.1831	
0.08	6.5	0	11.7	8.9	5.6	0	4.4	0	3.6	4.7	25.2	39.3	26.8	33.05	26.3	26.1	99.9	99.9	99.9	99	99.9	94.8	99.8	99.9	99.9	99.9	-22.3264	-2.84625	85.6902	-6.2325	6.23624	57.1831	
0.09	6.5	0	11.7	8.9	5.6	0	4.4	0	3.6	4.7	25.2	39.3	26.8	33.05	26.3	26.1	99.9	99.9	99.9	99	99.9	94.8	99.8	99.9	99.9	99.9	-22.3264	-2.84625	85.6902	-6.2325	6.23624	57.1831	
0.1	6.5	0	11.7	8.9	5.6	0	4.4	0	3.6	4.7	25.2	39.3	26.8	33.05	26.3	26.1	99.9	99.9	99.9	99	99.9	94.8	99.8	99.9	99.9	99.9	-22.3264	-2.84625	85.6902	-6.2325	6.23624	57.1831	
0.11	6.5	0	11.7	8.9	5.6	0	4.4	0	3.6	4.7	25.2	39.3	26.8	33.05	26.3	26.1	99.9	99.9	99.9	99	99.9	94.8	99.8	99.9	99.9	99.9	-22.3264	-2.84625	85.6902	-6.2325	6.23624	57.1831	
0.12	6.5	0	11.7	8.9	5.6	0	4.4	0	3.6	4.7	25.2	39.3	26.8	33.05	26.3	26.1	99.9	99.9	99.9	99	99.9	94.8	99.8	99.9	99.9	99.9	-22.3264	-2.84625	85.6902	-6.2325	6.23624	57.1831	
0.13	6.5	0	11.7	8.9	5.6	0	4.4	0	3.6	4.7	25.2	39.3	26.8	33.05	26.3	26.1	99.9	99.9	99.9	99	99.9	94.8	99.8	99.9	99.9	99.9	-22.3264	-2.84625	85.6902	-6.2325	6.23624	57.1831	
0.14	6.5	0	11.7	8.9	5.6	0	4.4	0	3.6	4.7	25.2	39.3	26.8	33.05	26.3	26.1	99.9	99.9	99.9	99	99.9	94.8	99.8	99.9	99.9	99.9	-22.3264	-2.84625	85.6902	-6.2325	6.23624	57.1831	
0.15	6.4	0	11.9	8.8	5.6	0	4.3	0	3.5	4.7	25.2	38.9	26.6	32.75	26.2	26.2	100	99.9	99.9	99.1	99.9	94.8	99.9	99.9	99.9	99.8	-22.1986	-2.93345	85.6878	-6.09218	6.29189	57.194	
0.16	6.4	0	11.9	8.8	5.6	0	4.3	0	3.5	4.7	25.2	38.9	26.6	32.75	26.2	26.2	100	99.9	99.9	99.1	99.9	94.8	99.9	99.9	99.9	99.8	-22.1986	-2.93345	85.6878	-6.09218	6.29189	57.194	
0.171	6.4	0	11.9	8.8	5.6	0	4.3	0	3.5	4.7	25.2	38.9	26.6	32.75	26.2	26.2	100	99.9	99.9	99.1	99.9	94.8	99.9	99.9	99.9	99.8	-22.1986	-2.93345	85.6878	-6.09218	6.29189	57.194	
0.181	6.4	0	11.9	8.8	5.6	0	4.3	0	3.5	4.7	25.2	38.9	26.6	32.75	26.2	26.2	100	99.9	99.9	99.1	99.9	94.8	99.9	99.9	99.9	99.8	-22.1986	-2.93345	85.6878	-6.09218	6.29189	57.194	
0.191	6.4	0	11.9	8.8	5.6	0	4.3	0	3.5	4.7	25.2	38.9	26.6	32.75	26.2	26.2	100	99.9	99.9	99.1	99.9	94.8	99.9	99.9	99.9	99.8	-22.1986	-2.93345	85.6878	-6.09218	6.29189	57.194	
0.201	6.4	0	11.9	8.8	5.6	0	4.3	0	3.5	4.7	25.2	38.9	26.6	32.75	26.2	26.2	100	99.9	99.9	99.1	99.9	94.8	99.9	99.9	99.9	99.8	-22.1986	-2.93345	85.6878	-6.09218	6.29189	57.194	
0.211	6.4	0	11.9	8.8	5.6	0	4.3	0	3.5	4.7	25.2	38.9	26.6	32.75	26.2	26.2	100	99.9	99.9	99.1	99.9	94.8	99.9	99.9	99.9	99.8	-22.1986	-2.93345	85.6878	-6.09218	6.29189	57.194	
0.221	6.4	0	11.9	8.8	5.6	0	4.3	0	3.5	4.7	25.2	38.9	26.6	32.75	26.2	26.2	100	99.9	99.9	99.1	99.9	94.8	99.9	99.9	99.9	99.8	-22.1986	-2.93345	85.6878	-6.09218	6.29189	57.194	
0.231	6.4	0	11.9	8.8	5.6	0	4.3	0	3.5	4.7	25.2	38.9	26.6	32.75	26.2	26.2	100	99.9	99.9	99.1	99.9	94.8	99.9	99.9	99.9	99.8	-22.1986	-2.93345	85.6878	-6.09218	6.29189	57.194	
0.241	6.4	0	11.9	8.8	5.6	0	4.3	0	3.5	4.7	25.2	38.9	26.6	32.75	26.2	26.2	100	99.9	99.9	99.1	99.9	94.8	99.9	99.9	99.9	99.8	-22.1986	-2.93345	85.6878	-6.09218	6.29189	57.194	
0.251	6.4	0	11.9	8.8	5.6	0	4.3	0	3.5	4.7	25.2	38.9	26.6	32.75	26.2	26.2	100	99.9	99.9	99.1	99.9	94.8	99.9	99.9	99.9	99.8	-22.1986	-2.93345	85.6878	-6.09218	6.29189	57.194	
0.261	6.4	0	11.9	8.8	5.6	0	4.3	0	3.5	4.7	25.2	38.9	26.6	32.75	26.2	26.2	100	99.9	99.9	99.1	99.9	94.8	99.9	99.9	99.9	99.8	-22.1986	-2.93345	85.6878	-6.09218	6.29189	57.194	
0.271	6.4	0	11.9	8.8	5.6	0	4.3	0	3.5	4.7	25.2	38.9	26.6	32.75	26.2	26.2	100	99.9	99.9	99.1	99.9	94.8	99.9	99.9	99.9	99.8	-22.1986	-2.93345	85.6878	-6.09218	6.29189	57.194	
0.281	6.4	0	11.9	8.8	5.6	0	4.3	0	3.5	4.7	25.2	38.9	26.6	32.75	26.2	26.2	100	99.9	99.9	99.1	99.9	94.8	99.9	99.9	99.9	99.8	-22.1986	-2.93345	85.6878	-6.09218	6.29189	57.194	
0.29	6.4	0	11.9	8.8	5.6	0	4.3	0	3.5	4.7	25.2	38.9	26.6	32.75	26.2	26.2	100	99.9	99.9	99.1	99.9	94.8	99.9	99.9	99.9	99.8	-22.1986	-2.93345	85.6878	-6.09218	6.29189	57.194	
0.3	6.4	0	11.9	8.8	5.6	0	4.3	0	3.5	4.7	25.2	38.9	26.6	32.75	26.2	26.2	100	99.9	99.9	99.1	99.9	94.8	99.9	99.9	99.9	99.8	-22.1986	-2.93345	85.6878	-6.09218	6.29189	57.194	
0.31	6.4	0	11.9	8.8	5.6	0	4.3	0	3.5	4.7	25.2	38.9	26.6	32.75	26.2	26.2	100	99.9	99.9	99.1	99.9	94.8	99.9	99.9	99.9	99.8	-22.1986	-2.93345	85.6878	-6.09218	6.29189	57.194	
0.32	6.4	0	11.9	8.8	5.6	0	4.3	0	3.5	4.7	25.2	38.9	26.6	32.75	26.2	26.2	100	99.9	99.9	99.1	99.9	94.8	99.9	99.9	99.9	99.8	-22.1986	-2.93345	85.6878	-6.09218	6.29189	57.194	
0.33	6.4	0	11.9	8.8	5.6	0	4.3	0	3.5	4.7	25.2	38.9	26.6	32.75	26.2	26.2	100	99.9	99.9	99.1	99.9	94.8	99.9	99.9	99.9	99.8	-22.1986	-2.93345	85.6878	-6.09218	6.29189	57.194	
0.34	6.4	0	11.9	8.8	5.6	0	4.3	0	3.5	4.7	25.2	38.9	26.6	32.75	26.2	26.2	100	99.9	99.9	99.1	99.9	94.8	99.9	99.9	99.9	99.8	-22.1986	-2.93345	85.6878	-6.09218	6.29189	57.194	
0.35	6.4	0	11.9	8.8	5.6	0	4.3	0	3.5	4.7	25.2	38.9	26.6	32.75	26.2	26.2	100	99.9	99.9	99.1	99.9	94.8	99.9	99.9	99.9	99.8	-22.1986	-2.93345	85.6878	-6.09218	6.29189	57.194	
0.36	6.4	0	11.9	8.8	5.6	0	4.3	0	3.5	4.7	25.2	38.9	26.6	32.75	26.2	26.2	100	99.9	99.9	99.1	99.9	94.8	99.9	99.9	99.9	99.8	-22.1986	-2.93345	85.6878	-6.09218	6.29189	57.194	
0.37	6.4	0	11.9	8.8	5.6	0	4.3	0	3.5	4.7	25.2	38.9	26.6	32.75	26.2	26.2	100	99.9	99.9	99.1	99.9	94.8	99.9	99.9	99.9	99.8	-22.1986	-2.93345	85.6878	-6.09218	6.29189	57.194	
0.38	6.4	0	11.9	8.8	5.6	0	4.3	0	3.5	4.7	25.2	38.9	26.6	32.75	26.2	26.2	100	99.9	99.9	99.1	99.9	94.8	99.9	99.9	99.9	99.8	-22.1986	-2.93345	85.6878	-6.09218	6.29189	57.194	
0.39	6.4	0	11.9	8.8	5.6	0	4.3	0	3.5	4.7	25.2	38.9	26.6	32.75	26.2	26.2	100	99.9	99.9	99.1	99.9	94.8	99.9	99.9	99.9	99.8	-22.1986	-2.93345	85.6878	-6.09218	6.29189	57.194	
0.4	6.4	0	11.9	8.8	5.6	0	4.3	0	3.5	4.7	25.2	38.9	26.6	32.75	26.2	26.2	100	99.9	99.9	99.1	99.9	94.8	99.9	99.9	99.9	99.8	-22.1986	-2.93345	85.6878	-6.09218	6.29189	57.194	
0.41	6.4	0	11.9	8.8	5.6	0	4.3	0	3.5	4.7	25.2	38.9	26.6	32.75	26.2	26.2	100	99.9	99.9	99.1	99.9	94.8	99.9	99.9	99.9	99.8	-22.1986	-2.93345	85.6878	-6.09218	6.29189	57.194	
0.42	6.4	0	11.9	8.8	5.6	0	4.3	0	3.5	4.7	25.2	38.9	26.6	32.75	26.2	26.2	100	99.9	99.9	99.1	99.9	94.8	99.9	99.9	99.9	99.8	-22.1986	-2.93345	85.6878	-6.09218	6.29189	57.194	
0.43	6.4	0	11.9	8.8	5.6	0	4.3	0	3.5	4.7	25.2	38.9	26.6	32.75	26.2	26.2	100	99.9	99.9	99.1	99.9	94.8	99.9	99.9	99.9	99.8	-22.1986	-2.93345	85.6878	-6.09218	6.29189	57.194	
0.44	6.4	0	11.9	8.8	5.6	0	4.3	0	3.5	4.7	25.2	38.9	26.6	32.75	26.2	26.2	100	99.9	99.9	99.1	99.9	94.8	99.9	99.9	99.9	99.8	-22.1986	-2.93345	85.6878	-6.09218	6.29189	57.194	
0.45	6.4	0	11.9	8.8	5.6	0	4.3	0	3.5	4.7	25.2	38.9	26.6	32.75	26.2	26.2	100	99.9	99.9	99.1	99.9	94.8	99.9	99.9	99.9	99.8	-22.1986	-2.93345	85.6878	-6.09218	6.29189	57.194	
0.46	6.4	0	11.9	8.8	5.6	0	4.3	0	3.5	4.7	25.2	38.9	26.6	32.75	26.2	26.2	100	99.9	99.9	99.1	99.9	94.8	99.9	99.9	99.9	99.8	-22.1986	-2.93345	85.6878	-6.09218	6.29189	57.194	
0.47	6.4	0	11.9	8.8	5.6	0	4.3	0	3.5	4.7	25.2	38.9	26.6	32.75	26.2	26.2	100	99.9	99.9	99.1	99.9	94.8	99.9	99.9	99.9	99.8	-22.1986	-2.93345	85.6878	-6.09218	6.29189	57.194	
0.48	6.4	0	11.9	8.8	5.6	0	4.3	0	3.5	4.7	25.2	38.9	26.6	32.75	26.2	26.2	100	99.9	99.9	99.1	99.9	94.8	99.9	99.9	99.9	99.8	-22.1986	-2.93345	85.6878	-6.09218	6.29189	57.194	
0.49	6.4	0	11.9	8.8	5.6	0	4.3	0	3.5	4.7	25.2	38.9	26.6	32.75	26.2	26.2	100	99.9	99.9	99.1	99.9	94.8	99.9	99.9	99.9	99.8	-22.1986	-2.93345	85.6878	-6.09218	6.29189	57.194	
0.5	6.4	0	11.9	8.8	5.6	0	4.3	0	3.5	4.7	25.2	38.9	26.6	32.75	26.2	26.2	100	99.9	99.9	99.1	99.9	94.8	99.9	99.9	99.9	99.8	-22.1986	-2.93345	85.6878	-6.09218	6.29189	57.194	
0.51	6.4	0	11.9	8.8	5.6	0	4.3	0	3.5	4.7	25.2	38.9	26.6	32.75	26.2	26.2	100	99.9	99.9	99.1	99.9	94.8	99.9	99.9	99.9	99.8	-22.1986	-2.93345	85.6878	-6.09218	6.29189	57.194	
0.52	6.4	0	11.8	8.9	5.6	0	4.3	0	3.6	4.7	25.7	39.5	26.6	33.05	26.2	26	99.9	99.9	99.9	99.1	99.9	94.8	99.9	99.9	99.8	99.8	-22.2928	-2.79768	85.6993	-6.12747	6.2567	57.1858	
0.53	6.4	0	11.8	8.9	5.6	0	4.3	0	3.6	4.7	25.7	39.5	26.6	33.05	26.2	26	99.9	99.9	99.9	99.1	99.9	94.8	99.9	99.9	99.8	99.8	-22.2928	-2.79768	85.6993	-6.12747	6.2567	57.1858	
0.54	6.4	0	11.8	8.9	5.6	0	4.3	0	3.6	4.7	25.7	39.5	26.6	33.05	26.2	26	99.9	99.9	99.9	99.1	99.9	94.8	99.9	99.9	99.8	99.8	-22.2928	-2.79768	85.6993	-6.12747	6.2567	57.1858	
0.55	6.4	0	11.8	8.9	5.6	0	4.3	0	3.6	4.7	25.7	39.5	26.6	33.05	26.2	26	99.9	99.9	99.9	99.1	99.9	94.8	99.9	99.9	99.8	99.8	-22.2928	-2.79768	85.6993	-6.12747	6.2567	57.1858	
0.56	6.4	0	11.8	8.9	5.6	0	4.3	0	3.6	4.7	25.7	39.5	26.6	33.05	26.2	26	99.9	99.9	99.9	99.1	99.9	94.8	99.9	99.9	99.8	99.8	-22.2928	-2.79768	85.6993	-6.12747	6.2567	57.1858	
0.57	6.4	0	11.8	8.9	5.6	0	4.3	0	3.6	4.7	25.7	39.5	26.6	33.05	26.2	26	99.9	99.9	99.9	99.1	99.9	94.8	99.9	99.9	99.8	99.8	-22.2928	-2.79768	85.6993	-6.12747	6.2567	57.1858	
0.58	6.4	0	11.8	8.9	5.6	0	4.3	0	3.6	4.7	25.7	39.5	26.6	33.05	26.2	26	99.9	99.9	99.9	99.1	99.9	94.8	99.9	99.9	99.8	99.8	-22.2928	-2.79768	85.6993	-6.12747	6.2567	57.1858	
0.59	6.4	0	11.8	8.9	5.6	0	4.3	0	3.6	4.7	25.7	39.5	26.6	33.05	26.2	26	99.9	99.9	99.9	99.1	99.9	94.8	99.9	99.9	99.8	99.8	-22.2928	-2.79768	85.6993	-6.12747	6.2567	57.1858	
0.6	6.4	0	11.8	8.9	5.6	0	4.3	0	3.6	4.7	25.7	39.5	26.6	33.05	26.2	26	99.9	99.9	99.9	99.1	99.9	94.8	99.9	99.9	99.8	99.8	-22.2928	-2.79768	85.6993	-6.12747	6.2567	57.1858	
0.61	6.4	0	11.8	8.9	5.6	0	4.3	0	3.6	4.7	25.7	39.5	26.6	33.05	26.2	26	99.9	99.9	99.9	99.1	99.9	94.8	99.9	99.9	99.8	99.8	-22.2928	-2.79768	85.6993	-6.12747	6.2567	57.1858	
0.62	6.4	0	11.8	8.9	5.6	0	4.3	0	3.6	4.7	25.7	39.5	26.6	33.05	26.2	26	99.9	99.9	99.9	99.1	99.9	94.8	99.9	99.9	99.8	99.8	-22.2928	-2.79768	85.6993	-6.12747	6.2567	57.1858	
0.63	6.4	0	11.8	8.9	5.6	0	4.3	0	3.6	4.7	25.7	39.5	26.6	33.05	26.2	26	99.9	99.9	99.9	99.1	99.9	94.8	99.9	99.9	99.8	99.8	-22.2928	-2.79768	85.6993	-6.12747	6.2567	57.1858	
0.64	6.4	0	11.8	8.9	5.6	0	4.3	0	3.6	4.7	25.7	39.5	26.6	33.05	26.2	26	99.9	99.9	99.9	99.1	99.9	94.8	99.9	99.9	99.8	99.8	-22.2928	-2.79768	85.6993	-6.12747	6.2567	57.1858	
0.65	6.4	0	11.8	8.9	5.6	0	4.3	0	3.6	4.7	25.7	39.5	26.6	33.05	26.2	26	99.9	99.9	99.9	99.1	99.9	94.8	99.9	99.9	99.8	99.8	-22.2928	-2.79768	85.6993	-6.12747	6.2567	57.1858	
0.66	6.4	0	11.8	8.9	5.6	0	4.3	0	3.6	4.7	25.7	39.5	26.6	33.05	26.2	26	99.9	99.9	99.9	99.1	99.9	94.8	99.9	99.9	99.8	99.8	-22.2928	-2.79768	85.6993	-6.12747	6.2567	57.1858	
0.67	6.4	0	11.8	8.9	5.6	0	4.3	0	3.6	4.7	25.7	39.5	26.6	33.05	26.2	26	99.9	99.9	99.9	99.1	99.9	94.8	99.9	99.9	99.8	99.8	-22.2928	-2.79768	85.6993	-6.12747	6.2567	57.1858	
0.68	6.4	0	11.8	8.9	5.6	0	4.3	0	3.6	4.7	25.7	39.5	26.6	33.05	26.2	26	99.9	99.9	99.9	99.1	99.9	94.8	99.9	99.9	99.8	99.8	-22.2928	-2.79768	85.6993	-6.12747	6.2567	57.1858	
0.69	6.4	0	11.8	8.9	5.6	0	4.3	0	3.6	4.7	25.7	39.5	26.6	33.05	26.2	26	99.9	99.9	99.9	99.1	99.9	94.8	99.9	99.9	99.8	99.8	-22.2928	-2.79768	85.6993	-6.12747	6.2567	57.1858	
0.7	6.4	0	11.8	8.9	5.6	0	4.3	0	3.6	4.7	25.7	39.5	26.6	33.05	26.2	26	99.9	99.9	99.9	99.1	99.9	94.8	99.9	99.9	99.8	99.8	-22.2928	-2.79768	85.6993	-6.12747	6.2567	57.1858	
0.71	6.4	0	11.8	8.9	5.6	0	4.3	0	3.6	4.7	25.7	39.5	26.6	33.05	26.2	26	99.9	99.9	99.9	99.1	99.9	94.8	99.9	99.9	99.8	99.8	-22.2928	-2.79768	85.6993	-6.12747	6.2567	57.1858	
0.72	6.4	0	11.8	8.9	5.6	0	4.3	0	3.6	4.7	25.7	39.5	26.6	33.05	26.2	26	99.9	99.9	99.9	99.1	99.9	94.8	99.9	99.9	99.8	99.8	-22.2928	-2.79768	85.6993	-6.12747	6.2567	57.1858	
0.73	6.4	0	11.8	8.9	5.6	0	4.3	0	3.6	4.7	25.7	39.5	26.6	33.05	26.2	26	99.9	99.9	99.9	99.1	99.9	94.8	99.9	99.9	99.8	99.8	-22.2928	-2.79768	85.6993	-6.12747	6.2567	57.1858	
0.74	6.4	0	11.8	8.9	5.6	0	4.3	0	3.6	4.7	25.7	39.5	26.6	33.05	26.2	26	99.9	99.9	99.9	99.1	99.9	94.8	99.9	99.9	99.8	99.8	-22.2928	-2.79768	85.6993	-6.12747	6.2567	57.1858	
0.75	6.4	0	11.8	8.9	5.6	0	4.3	0	3.6	4.7	25.7	39.5	26.6	33.05	26.2	26	99.9	99.9	99.9	99.1	99.9	94.8	99.9	99.9	99.8	99.8	-22.2928	-2.79768	85.6993	-6.12747	6.2567	57.1858	
0.76	6.4	0	11.8	8.9	5.6	0	4.3	0	3.6	4.7	25.7	39.5	26.6	33.05	26.2	26	99.9	99.9	99.9	99.1	99.9	94.8	99.9	99.9	99.8	99.8	-22.2928	-2.79768	85.6993	-6.12747	6.2567	57.1858	
0.77	6.4	0	11.8	8.9	5.6	0	4.3	0	3.6	4.7	25.7	39.5	26.6	33.05	26.2	26	99.9	99.9	99.9	99.1	99.9	94.8	99.9	99.9	99.8	99.8	-22.2928	-2.79768	85.6993	-6.12747	6.2567	57.1858	
0.78	6.4	0	11.8	8.9	5.6	0	4.3	0	3.6	4.7	25.7	39.5	26.6	33.05	26.2	26	99.9	99.9	99.9	99.1	99.9	94.8	99.9	99.9	99.8	99.8	-22.2928	-2.79768	85.6993	-6.12747	6.2567	57.1858	
0.79	6.4	0	11.8	8.9	5.6	0	4.3	0	3.6	4.7	25.7	39.5	26.6	33.05	26.2	26	99.9	99.9	99.9	99.1	99.9	94.8	99.9	99.9	99.8	99.8	-22.2928	-2.79768	85.6993	-6.12747	6.2567	57.1858	
0.8	6.4	0	11.8	8.9	5.6	0	4.3	0	3.6	4.7	25.7	39.5	26.6	33.05	26.2	26	99.9	99.9	99.9	99.1	99.9	94.8	99.9	99.9	99.8	99.8	-22.2928	-2.79768	85.6993	-6.12747	6.2567	57.1858	
0.81	6.4	0	11.8	8.9	5.6	0	4.3	0	3.6	4.7	25.7	39.5	26.6	33.05	26.2	26	99.9	99.9	99.9	99.1	99.9	94.8	99.9	99.9	99.8	99.8	-22.2928	-2.79768	85.6993	-6.12747	6.2567	57.1858	
0.82	6.4	0	11.8	8.9	5.6	0	4.3	0	3.6	4.7	25.7	39.5	26.6	33.05	26.2	26	99.9	99.9	99.9	99.1	99.9	94.8	99.9	99.9	99.8	99.8	-22.2928	-2.79768	85.6993	-6.12747	6.2567	57.1858	
0.83	6.4	0	11.8	8.9	5.6	0	4.3	0	3.6	4.7	25.7	39.5	26.6	33.05	26.2	26	99.9	99.9	99.9	99.1	99.9	94.8	99.9	99.9	99.8	99.8	-22.2928	-2.79768	85.6993	-6.12747	6.2567	57.1858	
0.84	6.4	0	11.8	8.9	5.6	0	4.3	0	3.6	4.7	25.7	39.5	26.6	33.05	26.2	26	99.9	99.9	99.9	99.1	99.9	94.8	99.9	99.9	99.8	99.8	-22.2928	-2.79768	85.6993	-6.12747	6.2567	57.1858	
0.85	6.4	0	11.8	8.9	5.6	0	4.3	0	3.6	4.7	25.7	39.5	26.6	33.05	26.2	26	99.9	99.9	99.9	99.1	99.9	94.8	99.9	99.9	99.8	99.8	-22.2928	-2.79768	85.6993	-6.12747	6.2567	57.1858	
0.86	6.4	0	11.8	8.9	5.6	0	4.3	0	3.6	4.7	25.7	39.5	26.6	33.05	26.2	26	99.9	99.9	99.9	99.1	99.9	94.8	99.9	99.9	99.8	99.8	-22.2928	-2.79768	85.6993	-6.12747	6.2567	57.1858	
0.87	6.4	0	11.8	8.9	5.6	0	4.3	0	3.6	4.7	25.7	39.5	26.6	33.05	26.2	26	99.9	99.9	99.9	99.1	99.9	94.8	99.9	99.9	99.8	99.8	-22.2928	-2.79768	85.6993	-6.12747	6.2567	57.1858	
0.88	6.4	0	11.8	8.9	5.6	0	4.3	0	3.6	4.7	25.7	39.5	26.6	33.05	26.2	26	99.9	99.9	99.9	99.1	99.9	94.8	99.9	99.9	99.8	99.8	-22.2928	-2.79768	85.6993	-6.12747	6.2567	57.1858	
0.89	6.4	0	11.4	8.9	5.5	0	4.3	0	3.4	4.8	24.9	39.9	26.9	33.4	26.2	26.2	100	99.9	99.9	99.2	99.9	94.9	99.9	99.9	99.9	99.9	-22.3172	-2.743	85.6996	-6.45104	6.27755	57.1553	
0.9	6.4	0	11.4	8.9	5.5	0	4.3	0	3.4	4.8	24.9	39.9	26.9	33.4	26.2	26.2	100	99.9	99.9	99.2	99.9	94.9	99.9	99.9	99.9	99.9	-22.3172	-2.743	85.6996	-6.45104	6.27755	57.1553	
0.91	6.4	0	11.4	8.9	5.5	0	4.3	0	3.4	4.8	24.9	39.9	26.9	33.4	26.2	26.2	100	99.9	99.9	99.2	99.9	94.9	99.9	99.9	99.9	99.9	-22.3172	-2.743	85.6996	-6.45104	6.27755	57.1553	
0.92	6.4	0	11.4	8.9	5.5	0	4.3	0	3.4	4.8	24.9	39.9	26.9	33.4	26.2	26.2	100	99.9	99.9	99.2	99.9	94.9	99.9	99.9	99.9	99.9	-22.3172	-2.743	85.6996	-6.45104	6.27755	57.1553	
0.93	6.4	0	11.4	8.9	5.5	0	4.3	0	3.4	4.8	24.9	39.9	26.9	33.4	26.2	26.2	100	99.9	99.9	99.2	99.9	94.9	99.9	99.9	99.9	99.9	-22.3172	-2.743	85.6996	-6.45104	6.27755	57.1553	
0.94	6.4	0	11.4	8.9	5.5	0	4.3	0	3.4	4.8	24.9	39.9	26.9	33.4	26.2	26.2	100	99.9	99.9	99.2	99.9	94.9	99.9	99.9	99.9	99.9	-22.3172	-2.743	85.6996	-6.45104	6.27755	57.1553	
0.95	6.4	0	11.4	8.9	5.5	0	4.3	0	3.4	4.8	24.9	39.9	26.9	33.4	26.2	26.2	100	99.9	99.9	99.2	99.9	94.9	99.9	99.9	99.9	99.9	-22.3172	-2.743	85.6996	-6.45104	6.27755	57.1553	
0.96	6.4	0	11.4	8.9	5.5	0	4.3	0	3.4	4.8	24.9	39.9	26.9	33.4	26.2	26.2	100	99.9	99.9	99.2	99.9	94.9	99.9	99.9	99.9	99.9	-22.3172	-2.743	85.6996	-6.45104	6.27755	57.1553	
0.97	6.4	0	11.4	8.9	5.5	0	4.3	0	3.4	4.8	24.9	39.9	26.9	33.4	26.2	26.2	100	99.9	99.9	99.2	99.9	94.9	99.9	99.9	99.9	99.9	-22.3172	-2.743	85.6996	-6.45104	6.27755	57.1553	
0.98	6.4	0	11.4	8.9	5.5	0	4.3	0	3.4	4.8	24.9	39.9	26.9	33.4	26.2	26.2	100	99.9	99.9	99.2	99.9	94.9	99.9	99.9	99.9	99.9	-22.3172	-2.743	85.6996	-6.45104	6.27755	57.1553	
0.99	6.4	0	11.4	8.9	5.5	0	4.3	0	3.4	4.8	24.9	39.9	26.9	33.4	26.2	26.2	100	99.9	99.9	99.2	99.9	94.9	99.9	99.9	99.9	99.9	-22.3172	-2.743	85.6996	-6.45104	6.27755	57.1553	
1	6.4	0	11.4	8.9	5.5	0	4.3	0	3.4	4.8	24.9	39.9	26.9	33.4	26.2	26.2	100	99.9	99.9	99.2	99.9	94.9	99.9	99.9	99.9	99.9	-22.3172	-2.743	85.6996	-6.45104	6.27755	57.1553	
1.01	6.4	0	11.4	8.9	5.5	0	4.3	0	3.4	4.8	24.9	39.9	26.9	33.4	26.2	26.2	100	99.9	99.9	99.2	99.9	94.9	99.9	99.9	99.9	99.9	-22.3172	-2.743	85.6996	-6.45104	6.27755	57.1553	
1.02	6.4	0	11.4	8.9	5.5	0	4.3	0	3.4	4.8	24.9	39.9	26.9	33.4	26.2	26.2	100	99.9	99.9	99.2	99.9	94.9	99.9	99.9	99.9	99.9	-22.3172	-2.743	85.6996	-6.45104	6.27755	57.1553	
1.03	6.4	0	11.4	8.9	5.5	0	4.3	0	3.4	4.8	24.9	39.9	26.9	33.4	26.2	26.2	100	99.9	99.9	99.2	99.9	94.9	99.9	99.9	99.9	99.9	-22.3172	-2.743	85.6996	-6.45104	6.27755	57.1553	
1.04	6.4	0	11.4	8.9	5.5	0	4.3	0	3.4	4.8	24.9	39.9	26.9	33.4	26.2	26.2	100	99.9	99.9	99.2	99.9	94.9	99.9	99.9	99.9	99.9	-22.3172	-2.743	85.6996	-6.45104	6.27755	57.1553	
1.05	6.4	0	11.4	8.9	5.5	0	4.3	0	3.4	4.8	24.9	39.9	26.9	33.4	26.2	26.2	100	99.9	99.9	99.2	99.9	94.9	99.9	99.9	99.9	99.9	-22.3172	-2.743	85.6996	-6.45104	6.27755	57.1553	
1.06	6.4	0	11.4	8.9	5.5	0	4.3	0	3.4	4.8	24.9	39.9	26.9	33.4	26.2	26.2	100	99.9	99.9	99.2	99.9	94.9	99.9	99.9	99.9	99.9	-22.3172	-2.743	85.6996	-6.45104	6.27755	57.1553	
1.07	6.4	0	11.4	8.9	5.5	0	4.3	0	3.4	4.8	24.9	39.9	26.9	33.4	26.2	26.2	100	99.9	99.9	99.2	99.9	94.9	99.9	99.9	99.9	99.9	-22.3172	-2.743	85.6996	-6.45104	6.27755	57.1553	
1.08	6.4	0	11.4	8.9	5.5	0	4.3	0	3.4	4.8	24.9	39.9	26.9	33.4	26.2	26.2	100	99.9	99.9	99.2	99.9	94.9	99.9	99.9	99.9	99.9	-22.3172	-2.743	85.6996	-6.45104	6.27755	57.1553	
1.09	6.4	0	11.4	8.9	5.5	0	4.3	0	3.4	4.8	24.9	39.9	26.9	33.4	26.2	26.2	100	99.9	99.9	99.2	99.9	94.9	99.9	99.9	99.9	99.9	-22.3172	-2.743	85.6996	-6.45104	6.27755	57.1553	
1.1	6.4	0	11.4	8.9	5.5	0	4.3	0	3.4	4.8	24.9	39.9	26.9	33.4	26.2	26.2	100	99.9	99.9	99.2	99.9	94.9	99.9	99.9	99.9	99.9	-22.3172	-2.743	85.6996	-6.45104	6.27755	57.1553	
1.11	6.4	0	11.4	8.9	5.5	0	4.3	0	3.4	4.8	24.9	39.9	26.9	33.4	26.2	26.2	100	99.9	99.9	99.2	99.9	94.9	99.9	99.9	99.9	99.9	-22.3172	-2.743	85.6996	-6.45104	6.27755	57.1553	
1.12	6.4	0	11.4	8.9	5.5	0	4.3	0	3.4	4.8	24.9	39.9	26.9	33.4	26.2	26.2	100	99.9	99.9	99.2	99.9	94.9	99.9	99.9	99.9	99.9	-22.3172	-2.743	85.6996	-6.45104	6.27755	57.1553	
1.13	6.4	0	11.4	8.9	5.5	0	4.3	0	3.4	4.8	24.9	39.9	26.9	33.4	26.2	26.2	100	99.9	99.9	99.2	99.9	94.9	99.9	99.9	99.9	99.9	-22.3172	-2.743	85.6996	-6.45104	6.27755	57.1553	
1.14	6.4	0	11.4	8.9	5.5	0	4.3	0	3.4	4.8	24.9	39.9	26.9	33.4	26.2	26.2	100	99.9	99.9	99.2	99.9	94.9	99.9	99.9	99.9	99.9	-22.3172	-2.743	85.6996	-6.45104	6.27755	57.1553	
1.15	6.4	0	11.4	8.9	5.5	0	4.3	0	3.4	4.8	24.9	39.9	26.9	33.4	26.2	26.2	100	99.9	99.9	99.2	99.9	94.9	99.9	99.9	99.9	99.9	-22.3172	-2.743	85.6996	-6.45104	6.27755	57.1553	
1.16	6.4	0	11.4	8.9	5.5	0	4.3	0	3.4	4.8	24.9	39.9	26.9	33.4	26.2	26.2	100	99.9	99.9	99.2	99.9	94.9	99.9	99.9	99.9	99.9	-22.3172	-2.743	85.6996	-6.45104	6.27755	57.1553	
1.17	6.4	0	11.4	8.9	5.5	0	4.3	0	3.4	4.8	24.9	39.9	26.9	33.4	26.2	26.2	100	99.9	99.9	99.2	99.9	94.9	99.9	99.9	99.9	99.9	-22.3172	-2.743	85.6996	-6.45104	6.27755	57.1553	
1.18	6.4	0	11.4	8.9	5.5	0	4.3	0	3.4	4.8	24.9	39.9	26.9	33.4	26.2	26.2	100	99.9	99.9	99.2	99.9	94.9	99.9	99.9	99.9	99.9	-22.3172	-2.743	85.6996	-6.45104	6.27755	57.1553	
1.19	6.4	0	11.4	8.9	5.5	0	4.3	0	3.4	4.8	24.9	39.9	26.9	33.4	26.2	26.2	100	99.9	99.9	99.2	99.9	94.9	99.9	99.9	99.9	99.9	-22.3172	-2.743	85.6996	-6.45104	6.27755	57.1553	
1.2	6.4	0	11.4	8.9	5.5	0	4.3	0	3.4	4.8	24.9	39.9	26.9	33.4	26.2	26.2	100	99.9	99.9	99.2	99.9	94.9	99.9	99.9	99.9	99.9	-22.3172	-2.743	85.6996	-6.45104	6.27755	57.1553	
1.21	6.4	0	11.4	8.9	5.5	0	4.3	0	3.4	4.8	24.9	39.9	26.9	33.4	26.2	26.2	100	99.9	99.9	99.2	99.9	94.9	99.9	99.9	99.9	99.9	-22.3172	-2.743	85.6996	-6.45104	6.27755	57.1553	
1.22	6.4	0	11.4	8.9	5.5	0	4.3	0	3.4	4.8	24.9	39.9	26.9	33.4	26.2	26.2	100	99.9	99.9	99.2	99.9	94.9	99.9	99.9	99.9	99.9	-22.3172	-2.743	85.6996	-6.45104	6.27755	57.1553	
1.23	6.4	0	11.4	8.9	5.5	0	4.3	0	3.4	4.8	24.9	39.9	26.9	33.4	26.2	26.2	100	99.9	99.9	99.2	99.9	94.9	99.9	99.9	99.9	99.9	-22.3172	-2.743	85.6996	-6.45104	6.27755	57.1553	
1.24	6.4	0	11.4	8.9	5.5	0	4.3	0	3.4	4.8	24.9	39.9	26.9	33.4	26.2	26.2	100	99.9	99.9	99.2	99.9	94.9	99.9	99.9	99.9	99.9	-22.3172	-2.743	85.6996	-6.45104	6.27755	57.1553	
1.25	6.4	0	11.8	8.9	5.5	0	4.3	0	3.4	4.7	25	40	26.9	33.45	26.1	26.2	100	99.9	99.9	99.1	99.9	95	99.8	99.9	99.9	99.9	-22.2609	-2.58925	85.72	-6.5063	6.14357	57.1232	
1.26	6.4	0	11.8	8.9	5.5	0	4.3	0	3.4	4.7	25	40	26.9	33.45	26.1	26.2	100	99.9	99.9	99.1	99.9	95	99.8	99.9	99.9	99.9	-22.2609	-2.58925	85.72	-6.5063	6.14357	57.1232	
1.27	6.4	0	11.8	8.9	5.5	0	4.3	0	3.4	4.7	25	40	26.9	33.45	26.1	26.2	100	99.9	99.9	99.1	99.9	95	99.8	99.9	99.9	99.9	-22.2609	-2.58925	85.72	-6.5063	6.14357	57.1232	
1.28	6.4	0	11.8	8.9	5.5	0	4.3	0	3.4	4.7	25	40	26.9	33.45	26.1	26.2	100	99.9	99.9	99.1	99.9	95	99.8	99.9	99.9	99.9	-22.2609	-2.58925	85.72	-6.5063	6.14357	57.1232	
1.29	6.4	0	11.8	8.9	5.5	0	4.3	0	3.4	4.7	25	40	26.9	33.45	26.1	26.2	100	99.9	99.9	99.1	99.9	95	99.8	99.9	99.9	99.9	-22.2609	-2.58925	85.72	-6.5063	6.14357	57.1232	
1.3	6.4	0	11.8	8.9	5.5	0	4.3	0	3.4	4.7	25	40	26.9	33.45	26.1	26.2	100	99.9	99.9	99.1	99.9	95	99.8	99.9	99.9	99.9	-22.2609	-2.58925	85.72	-6.5063	6.14357	57.1232	
1.31	6.4	0	11.8	8.9	5.5	0	4.3	0	3.4	4.7	25	40	26.9	33.45	26.1	26.2	100	99.9	99.9	99.1	99.9	95	99.8	99.9	99.9	99.9	-22.2609	-2.58925	85.72	-6.5063	6.14357	57.1232	
1.32	6.4	0	11.8	8.9	5.5	0	4.3	0	3.4	4.7	25	40	26.9	33.45	26.1	26.2	100	99.9	99.9	99.1	99.9	95	99.8	99.9	99.9	99.9	-22.2609	-2.58925	85.72	-6.5063	6.14357	57.1232	
1.33	6.4	0	11.8	8.9	5.5	0	4.3	0	3.4	4.7	25	40	26.9	33.45	26.1	26.2	100	99.9	99.9	99.1	99.9	95	99.8	99.9	99.9	99.9	-22.2609	-2.58925	85.72	-6.5063	6.14357	57.1232	
1.34	6.4	0	11.8	8.9	5.5	0	4.3	0	3.4	4.7	25	40	26.9	33.45	26.1	26.2	100	99.9	99.9	99.1	99.9	95	99.8	99.9	99.9	99.9	-22.2609	-2.58925	85.72	-6.5063	6.14357	57.1232	
1.35	6.4	0	11.8	8.9	5.5	0	4.3	0	3.4	4.7	25	40	26.9	33.45	26.1	26.2	100	99.9	99.9	99.1	99.9	95	99.8	99.9	99.9	99.9	-22.2609	-2.58925	85.72	-6.5063	6.14357	57.1232	
1.36	6.4	0	11.8	8.9	5.5	0	4.3	0	3.4	4.7	25	40	26.9	33.45	26.1	26.2	100	99.9	99.9	99.1	99.9	95	99.8	99.9	99.9	99.9	-22.2609	-2.58925	85.72	-6.5063	6.14357	57.1232	
1.37	6.4	0	11.8	8.9	5.5	0	4.3	0	3.4	4.7	25	40	26.9	33.45	26.1	26.2	100	99.9	99.9	99.1	99.9	95	99.8	99.9	99.9	99.9	-22.2609	-2.58925	85.72	-6.5063	6.14357	57.1232	
1.38	6.4	0	11.8	8.9	5.5	0	4.3	0	3.4	4.7	25	40	26.9	33.45	26.1	26.2	100	99.9	99.9	99.1	99.9	95	99.8	99.9	99.9	99.9	-22.2609	-2.58925	85.72	-6.5063	6.14357	57.1232	
1.39	6.4	0	11.8	8.9	5.5	0	4.3	0	3.4	4.7	25	40	26.9	33.45	26.1	26.2	100	99.9	99.9	99.1	99.9	95	99.8	99.9	99.9	99.9	-22.2609	-2.58925	85.72	-6.5063	6.14357	57.1232	
1.4	6.4	0	11.8	8.9	5.5	0	4.3	0	3.4	4.7	25	40	26.9	33.45	26.1	26.2	100	99.9	99.9	99.1	99.9	95	99.8	99.9	99.9	99.9	-22.2609	-2.58925	85.72	-6.5063	6.14357	57.1232	
1.41	6.4	0	11.8	8.9	5.5	0	4.3	0	3.4	4.7	25	40	26.9	33.45	26.1	26.2	100	99.9	99.9	99.1	99.9	95	99.8	99.9	99.9	99.9	-22.2609	-2.58925	85.72	-6.5063	6.14357	57.1232	
1.42	6.4	0	11.8	8.9	5.5	0	4.3	0	3.4	4.7	25	40	26.9	33.45	26.1	26.2	100	99.9	99.9	99.1	99.9	95	99.8	99.9	99.9	99.9	-22.2609	-2.58925	85.72	-6.5063	6.14357	57.1232	
1.43	6.4	0	11.8	8.9	5.5	0	4.3	0	3.4	4.7	25	40	26.9	33.45	26.1	26.2	100	99.9	99.9	99.1	99.9	95	99.8	99.9	99.9	99.9	-22.2609	-2.58925	85.72	-6.5063	6.14357	57.1232	
1.44	6.4	0	11.8	8.9	5.5	0	4.3	0	3.4	4.7	25	40	26.9	33.45	26.1	26.2	100	99.9	99.9	99.1	99.9	95	99.8	99.9	99.9	99.9	-22.2609	-2.58925	85.72	-6.5063	6.14357	57.1232	
1.45	6.4	0	11.8	8.9	5.5	0	4.3	0	3.4	4.7	25	40	26.9	33.45	26.1	26.2	100	99.9	99.9	99.1	99.9	95	99.8	99.9	99.9	99.9	-22.2609	-2.58925	85.72	-6.5063	6.14357	57.1232	
1.46	6.4	0	11.8	8.9	5.5	0	4.3	0	3.4	4.7	25	40	26.9	33.45	26.1	26.2	100	99.9	99.9	99.1	99.9	95	99.8	99.9	99.9	99.9	-22.2609	-2.58925	85.72	-6.5063	6.14357	57.1232	
1.47	6.4	0	11.8	8.9	5.5	0	4.3	0	3.4	4.7	25	40	26.9	33.45	26.1	26.2	100	99.9	99.9	99.1	99.9	95	99.8	99.9	99.9	99.9	-22.2609	-2.58925	85.72	-6.5063	6.14357	57.1232	
1.48	6.4	0	11.8	8.9	5.5	0	4.3	0	3.4	4.7	25	40	26.9	33.45	26.1	26.2	100	99.9	99.9	99.1	99.9	95	99.8	99.9	99.9	99.9	-22.2609	-2.58925	85.72	-6.5063	6.14357	57.1232	
1.49	6.4	0	11.8	8.9	5.5	0	4.3	0	3.4	4.7	25	40	26.9	33.45	26.1	26.2	100	99.9	99.9	99.1	99.9	95	99.8	99.9	99.9	99.9	-22.2609	-2.58925	85.72	-6.5063	6.14357	57.1232	
1.5	6.4	0	11.8	8.9	5.5	0	4.3	0	3.4	4.7	25	40	26.9	33.45	26.1	26.2	100	99.9	99.9	99.1	99.9	95	99.8	99.9	99.9	99.9	-22.2609	-2.58925	85.72	-6.5063	6.14357	57.1232	
1.51	6.4	0	11.8	8.9	5.5	0	4.3	0	3.4	4.7	25	40	26.9	33.45	26.1	26.2	100	99.9	99.9	99.1	99.9	95	99.8	99.9	99.9	99.9	-22.2609	-2.58925	85.72	-6.5063	6.14357	57.1232	
1.52	6.4	0	11.8	8.9	5.5	0	4.3	0	3.4	4.7	25	40	26.9	33.45	26.1	26.2	100	99.9	99.9	99.1	99.9	95	99.8	99.9	99.9	99.9	-22.2609	-2.58925	85.72	-6.5063	6.14357	57.1232	
1.53	6.4	0	11.8	8.9	5.5	0	4.3	0	3.4	4.7	25	40	26.9	33.45	26.1	26.2	100	99.9	99.9	99.1	99.9	95	99.8	99.9	99.9	99.9	-22.2609	-2.58925	85.72	-6.5063	6.14357	57.1232	
1.54	6.4	0	11.8	8.9	5.5	0	4.3	0	3.4	4.7	25	40	26.9	33.45	26.1	26.2	100	99.9	99.9	99.1	99.9	95	99.8	99.9	99.9	99.9	-22.2609	-2.58925	85.72	-6.5063	6.14357	57.1232	
1.55	6.4	0	11.8	8.9	5.5	0	4.3	0	3.4	4.7	25	40	26.9	33.45	26.1	26.2	100	99.9	99.9	99.1	99.9	95	99.8	99.9	99.9	99.9	-22.2609	-2.58925	85.72	-6.5063	6.14357	57.1232	
1.56	6.4	0	11.8	8.9	5.5	0	4.3	0	3.4	4.7	25	40	26.9	33.45	26.1	26.2	100	99.9	99.9	99.1	99.9	95	99.8	99.9	99.9	99.9	-22.2609	-2.58925	85.72	-6.5063	6.14357	57.1232	
1.57	6.4	0	11.8	8.9	5.5	0	4.3	0	3.4	4.7	25	40	26.9	33.45	26.1	26.2	100	99.9	99.9	99.1	99.9	95	99.8	99.9	99.9	99.9	-22.2609	-2.58925	85.72	-6.5063	6.14357	57.1232	
1.58	6.4	0	11.8	8.9	5.5	0	4.3	0	3.4	4.7	25	40	26.9	33.45	26.1	26.2	100	99.9	99.9	99.1	99.9	95	99.8	99.9	99.9	99.9	-22.2609	-2.58925	85.72	-6.5063	6.14357	57.1232	
1.59	6.4	0	11.8	8.9	5.5	0	4.3	0	3.4	4.7	25	40	26.9	33.45	26.1	26.2	100	99.9	99.9	99.1	99.9	95	99.8	99.9	99.9	99.9	-22.2609	-2.58925	85.72	-6.5063	6.14357	57.1232	
1.6	6.4	0	11.8	8.9	5.5	0	4.3	0	3.4	4.7	25	40	26.9	33.45	26.1	26.2	100	99.9	99.9	99.1	99.9	95	99.8	99.9	99.9	99.9	-22.2609	-2.58925	85.72	-6.5063	6.14357	57.1232	
1.61	6.4	0	11.8	8.9	5.5	0	4.3	0	3.4	4.7	25	40	26.9	33.45	26.1	26.2	100	99.9	99.9	99.1	99.9	95	99.8	99.9	99.9	99.9	-22.2609	-2.58925	85.72	-6.5063	6.14357	57.1232	
1.62	6.3	0	11.7	8.9	5.4	0	4.3	0	3.6	4.7	24.7	39.8	26.9	33.35	26.2	26.2	100	99.9	99.9	99.1	99.9	95.1	99.8	99.9	99.9	99.9	-22.2503	-2.69603	85.6805	-6.07471	6.23431	57.2152	
1.63	6.3	0	11.7	8.9	5.4	0	4.3	0	3.6	4.7	24.7	39.8	26.9	33.35	26.2	26.2	100	99.9	99.9	99.1	99.9	95.1	99.8	99.9	99.9	99.9	-22.2503	-2.69603	85.6805	-6.07471	6.23431	57.2152	
1.64	6.3	0	11.7	8.9	5.4	0	4.3	0	3.6	4.7	24.7	39.8	26.9	33.35	26.2	26.2	100	99.9	99.9	99.1	99.9	95.1	99.8	99.9	99.9	99.9	-22.2503	-2.69603	85.6805	-6.07471	6.23431	57.2152	
1.65	6.3	0	11.7	8.9	5.4	0	4.3	0	3.6	4.7	24.7	39.8	26.9	33.35	26.2	26.2	100	99.9	99.9	99.1	99.9	95.1	99.8	99.9	99.9	99.9	-22.2503	-2.69603	85.6805	-6.07471	6.23431	57.2152	
1.66	6.3	0	11.7	8.9	5.4	0	4.3	0	3.6	4.7	24.7	39.8	26.9	33.35	26.2	26.2	100	99.9	99.9	99.1	99.9	95.1	99.8	99.9	99.9	99.9	-22.2503	-2.69603	85.6805	-6.07471	6.23431	57.2152	
1.67	6.3	0	11.7	8.9	5.4	0	4.3	0	3.6	4.7	24.7	39.8	26.9	33.35	26.2	26.2	100	99.9	99.9	99.1	99.9	95.1	99.8	99.9	99.9	99.9	-22.2503	-2.69603	85.6805	-6.07471	6.23431	57.2152	
1.68	6.3	0	11.7	8.9	5.4	0	4.3	0	3.6	4.7	24.7	39.8	26.9	33.35	26.2	26.2	100	99.9	99.9	99.1	99.9	95.1	99.8	99.9	99.9	99.9	-22.2503	-2.69603	85.6805	-6.07471	6.23431	57.2152	
1.69	6.3	0	11.7	8.9	5.4	0	4.3	0	3.6	4.7	24.7	39.8	26.9	33.35	26.2	26.2	100	99.9	99.9	99.1	99.9	95.1	99.8	99.9	99.9	99.9	-22.2503	-2.69603	85.6805	-6.07471	6.23431	57.2152	
1.7	6.3	0	11.7	8.9	5.4	0	4.3	0	3.6	4.7	24.7	39.8	26.9	33.35	26.2	26.2	100	99.9	99.9	99.1	99.9	95.1	99.8	99.9	99.9	99.9	-22.2503	-2.69603	85.6805	-6.07471	6.23431	57.2152	
1.71	6.3	0	11.7	8.9	5.4	0	4.3	0	3.6	4.7	24.7	39.8	26.9	33.35	26.2	26.2	100	99.9	99.9	99.1	99.9	95.1	99.8	99.9	99.9	99.9	-22.2503	-2.69603	85.6805	-6.07471	6.23431	57.2152	
1.72	6.3	0	11.7	8.9	5.4	0	4.3	0	3.6	4.7	24.7	39.8	26.9	33.35	26.2	26.2	100	99.9	99.9	99.1	99.9	95.1	99.8	99.9	99.9	99.9	-22.2503	-2.69603	85.6805	-6.07471	6.23431	57.2152	
1.73	6.3	0	11.7	8.9	5.4	0	4.3	0	3.6	4.7	24.7	39.8	26.9	33.35	26.2	26.2	100	99.9	99.9	99.1	99.9	95.1	99.8	99.9	99.9	99.9	-22.2503	-2.69603	85.6805	-6.07471	6.23431	57.2152	
1.74	6.3	0	11.7	8.9	5.4	0	4.3	0	3.6	4.7	24.7	39.8	26.9	33.35	26.2	26.2	100	99.9	99.9	99.1	99.9	95.1	99.8	99.9	99.9	99.9	-22.2503	-2.69603	85.6805	-6.07471	6.23431	57.2152	
1.75	6.3	0	11.7	8.9	5.4	0	4.3	0	3.6	4.7	24.7	39.8	26.9	33.35	26.2	26.2	100	99.9	99.9	99.1	99.9	95.1	99.8	99.9	99.9	99.9	-22.2503	-2.69603	85.6805	-6.07471	6.23431	57.2152	
1.76	6.3	0	11.7	8.9	5.4	0	4.3	0	3.6	4.7	24.7	39.8	26.9	33.35	26.2	26.2	100	99.9	99.9	99.1	99.9	95.1	99.8	99.9	99.9	99.9	-22.2503	-2.69603	85.6805	-6.07471	6.23431	57.2152	
1.77	6.3	0	11.7	8.9	5.4	0	4.3	0	3.6	4.7	24.7	39.8	26.9	33.35	26.2	26.2	100	99.9	99.9	99.1	99.9	95.1	99.8	99.9	99.9	99.9	-22.2503	-2.69603	85.6805	-6.07471	6.23431	57.2152	
1.78	6.3	0	11.7	8.9	5.4	0	4.3	0	3.6	4.7	24.7	39.8	26.9	33.35	26.2	26.2	100	99.9	99.9	99.1	99.9	95.1	99.8	99.9	99.9	99.9	-22.2503	-2.69603	85.6805	-6.07471	6.23431	57.2152	
1.79	6.3	0	11.7	8.9	5.4	0	4.3	0	3.6	4.7	24.7	39.8	26.9	33.35	26.2	26.2	100	99.9	99.9	99.1	99.9	95.1	99.8	99.9	99.9	99.9	-22.2503	-2.69603	85.6805	-6.07471	6.23431	57.2152	
1.8	6.3	0	11.7	8.9	5.4	0	4.3	0	3.6	4.7	24.7	39.8	26.9	33.35	26.2	26.2	100	99.9	99.9	99.1	99.9	95.1	99.8	99.9	99.9	99.9	-22.2503	-2.69603	85.6805	-6.07471	6.23431	57.2152	
1.81	6.3	0	11.7	8.9	5.4	0	4.3	0	3.6	4.7	24.7	39.8	26.9	33.35	26.2	26.2	100	99.9	99.9	99.1	99.9	95.1	99.8	99.9	99.9	99.9	-22.2503	-2.69603	85.6805	-6.07471	6.23431	57.2152	
1.82	6.3	0	11.7	8.9	5.4	0	4.3	0	3.6	4.7	24.7	39.8	26.9	33.35	26.2	26.2	100	99.9	99.9	99.1	99.9	95.1	99.8	99.9	99.9	99.9	-22.2503	-2.69603	85.6805	-6.07471	6.23431	57.2152	
1.83	6.3	0	11.7	8.9	5.4	0	4.3	0	3.6	4.7	24.7	39.8	26.9	33.35	26.2	26.2	100	99.9	99.9	99.1	99.9	95.1	99.8	99.9	99.9	99.9	-22.2503	-2.69603	85.6805	-6.07471	6.23431	57.2152	
1.84	6.3	0	11.7	8.9	5.4	0	4.3	0	3.6	4.7	24.7	39.8	26.9	33.35	26.2	26.2	100	99.9	99.9	99.1	99.9	95.1	99.8	99.9	99.9	99.9	-22.2503	-2.69603	85.6805	-6.07471	6.23431	57.2152	
1.85	6.3	0	11.7	8.9	5.4	0	4.3	0	3.6	4.7	24.7	39.8	26.9	33.35	26.2	26.2	100	99.9	99.9	99.1	99.9	95.1	99.8	99.9	99.9	99.9	-22.2503	-2.69603	85.6805	-6.07471	6.23431	57.2152	
1.86	6.3	0	11.7	8.9	5.4	0	4.3	0	3.6	4.7	24.7	39.8	26.9	33.35	26.2	26.2	100	99.9	99.9	99.1	99.9	95.1	99.8	99.9	99.9	99.9	-22.2503	-2.69603	85.6805	-6.07471	6.23431	57.2152	
1.87	6.3	0	11.7	8.9	5.4	0	4.3	0	3.6	4.7	24.7	39.8	26.9	33.35	26.2	26.2	100	99.9	99.9	99.1	99.9	95.1	99.8	99.9	99.9	99.9	-22.2503	-2.69603	85.6805	-6.07471	6.23431	57.2152	
1.88	6.3	0	11.7	8.9	5.4	0	4.3	0	3.6	4.7	24.7	39.8	26.9	33.35	26.2	26.2	100	99.9	99.9	99.1	99.9	95.1	99.8	99.9	99.9	99.9	-22.2503	-2.69603	85.6805	-6.07471	6.23431	57.2152	
1.89	6.3	0	11.7	8.9	5.4	0	4.3	0	3.6	4.7	24.7	39.8	26.9	33.35	26.2	26.2	100	99.9	99.9	99.1	99.9	95.1	99.8	99.9	99.9	99.9	-22.2503	-2.69603	85.6805	-6.07471	6.23431	57.2152	
1.9	6.3	0	11.7	8.9	5.4	0	4.3	0	3.6	4.7	24.7	39.8	26.9	33.35	26.2	26.2	100	99.9	99.9	99.1	99.9	95.1	99.8	99.9	99.9	99.9	-22.2503	-2.69603	85.6805	-6.07471	6.23431	57.2152	
1.91	6.3	0	11.7	8.9	5.4	0	4.3	0	3.6	4.7	24.7	39.8	26.9	33.35	26.2	26.2	100	99.9	99.9	99.1	99.9	95.1	99.8	99.9	99.9	99.9	-22.2503	-2.69603	85.6805	-6.07471	6.23431	57.2152	
1.92	6.3	0	11.7	8.9	5.4	0	4.3	0	3.6	4.7	24.7	39.8	26.9	33.35	26.2	26.2	100	99.9	99.9	99.1	99.9	95.1	99.8	99.9	99.9	99.9	-22.2503	-2.69603	85.6805	-6.07471	6.23431	57.2152	
1.93	6.3	0	11.7	8.9	5.4	0	4.3	0	3.6	4.7	24.7	39.8	26.9	33.35	26.2	26.2	100	99.9	99.9	99.1	99.9	95.1	99.8	99.9	99.9	99.9	-22.2503	-2.69603	85.6805	-6.07471	6.23431	57.2152	
1.94	6.3	0	11.7	8.9	5.4	0	4.3	0	3.6	4.7	24.7	39.8	26.9	33.35	26.2	26.2	100	99.9	99.9	99.1	99.9	95.1	99.8	99.9	99.9	99.9	-22.2503	-2.69603	85.6805	-6.07471	6.23431	57.2152	
1.95	6.3	0	11.7	8.9	5.4	0	4.3	0	3.6	4.7	24.7	39.8	26.9	33.35	26.2	26.2	100	99.9	99.9	99.1	99.9	95.1	99.8	99.9	99.9	99.9	-22.2503	-2.69603	85.6805	-6.07471	6.23431	57.2152	
