Hora de inicio de la toma de datos: 11:50:36
AT(s)	F1.1	F1.2	F2.1	F2.2	F3.1	F3.2	F4.1	F4.2	F5.1	F5.2	ABD1	ABD2	ABD3	ABD4	PA	TCO	P1	P2	P3	P4	P5	P6	P7	P8	P9	P10	HRoll	HPitch	HYaw	WRoll	WPitch	WYaw	
0.01	4.4	9.4	11.4	14.1	8.7	4.3	3.7	2.5	2.2	7.2	21.8	36.4	30.8	33.6	29.8	27	100	99.9	99.9	99.8	99.9	97.8	99.9	99.9	99.6	91.3	1.3127	21.7604	-88.4853	20.9683	7.50067	-85.5974	
0.02	4.4	9.4	11.4	14.1	8.7	4.3	3.7	2.5	2.2	7.2	21.8	36.4	30.8	33.6	29.8	27	100	99.9	99.9	99.8	99.9	97.8	99.9	99.9	99.6	91.3	1.3127	21.7604	-88.4853	20.9683	7.50067	-85.5974	
0.03	4.4	9.4	11.4	14.1	8.7	4.3	3.7	2.5	2.2	7.2	21.8	36.4	30.8	33.6	29.8	27	100	99.9	99.9	99.8	99.9	97.8	99.9	99.9	99.6	91.3	1.3127	21.7604	-88.4853	20.9683	7.50067	-85.5974	
0.04	4.4	9.4	11.4	14.1	8.7	4.3	3.7	2.5	2.2	7.2	21.8	36.4	30.8	33.6	29.8	27	100	99.9	99.9	99.8	99.9	97.8	99.9	99.9	99.6	91.3	1.3127	21.7604	-88.4853	20.9683	7.50067	-85.5974	
0.05	4.4	9.4	11.4	14.1	8.7	4.3	3.7	2.5	2.2	7.2	21.8	36.4	30.8	33.6	29.8	27	100	99.9	99.9	99.8	99.9	97.8	99.9	99.9	99.6	91.3	1.3127	21.7604	-88.4853	20.9683	7.50067	-85.5974	
0.06	4.4	9.4	11.4	14.1	8.7	4.3	3.7	2.5	2.2	7.2	21.8	36.4	30.8	33.6	29.8	27	100	99.9	99.9	99.8	99.9	97.8	99.9	99.9	99.6	91.3	1.3127	21.7604	-88.4853	20.9683	7.50067	-85.5974	
0.07	4.4	9.4	11.4	14.1	8.7	4.3	3.7	2.5	2.2	7.2	21.8	36.4	30.8	33.6	29.8	27	100	99.9	99.9	99.8	99.9	97.8	99.9	99.9	99.6	91.3	1.3127	21.7604	-88.4853	20.9683	7.50067	-85.5974	
0.08	4.4	9.4	11.4	14.1	8.7	4.3	3.7	2.5	2.2	7.2	21.8	36.4	30.8	33.6	29.8	27	100	99.9	99.9	99.8	99.9	97.8	99.9	99.9	99.6	91.3	1.3127	21.7604	-88.4853	20.9683	7.50067	-85.5974	
0.09	4.4	9.4	11.4	14.1	8.7	4.3	3.7	2.5	2.2	7.2	21.8	36.4	30.8	33.6	29.8	27	100	99.9	99.9	99.8	99.9	97.8	99.9	99.9	99.6	91.3	1.3127	21.7604	-88.4853	20.9683	7.50067	-85.5974	
0.1	4.4	9.4	11.4	14.1	8.7	4.3	3.7	2.5	2.2	7.2	21.8	36.4	30.8	33.6	29.8	27	100	99.9	99.9	99.8	99.9	97.8	99.9	99.9	99.6	91.3	1.3127	21.7604	-88.4853	20.9683	7.50067	-85.5974	
0.11	4.4	9.4	11.4	14.1	8.7	4.3	3.7	2.5	2.2	7.2	21.8	36.4	30.8	33.6	29.8	27	100	99.9	99.9	99.8	99.9	97.8	99.9	99.9	99.6	91.3	1.3127	21.7604	-88.4853	20.9683	7.50067	-85.5974	
0.12	4.4	9.4	11.4	14.1	8.7	4.3	3.7	2.5	2.2	7.2	21.8	36.4	30.8	33.6	29.8	27	100	99.9	99.9	99.8	99.9	97.8	99.9	99.9	99.6	91.3	1.3127	21.7604	-88.4853	20.9683	7.50067	-85.5974	
0.13	4.4	9.4	11.4	14.1	8.7	4.3	3.7	2.5	2.2	7.2	21.8	36.4	30.8	33.6	29.8	27	100	99.9	99.9	99.8	99.9	97.8	99.9	99.9	99.6	91.3	1.3127	21.7604	-88.4853	20.9683	7.50067	-85.5974	
0.14	4.4	9.4	11.4	14.1	8.7	4.3	3.7	2.5	2.2	7.2	21.8	36.4	30.8	33.6	29.8	27	100	99.9	99.9	99.8	99.9	97.8	99.9	99.9	99.6	91.3	1.3127	21.7604	-88.4853	20.9683	7.50067	-85.5974	
0.15	4.4	9.4	11.4	14.1	8.7	4.3	3.7	2.5	2.2	7.2	21.8	36.4	30.8	33.6	29.8	27	100	99.9	99.9	99.8	99.9	97.8	99.9	99.9	99.6	91.3	1.3127	21.7604	-88.4853	20.9683	7.50067	-85.5974	
0.16	4.4	9.4	11.4	14.1	8.7	4.3	3.7	2.5	2.2	7.2	21.8	36.4	30.8	33.6	29.8	27	100	99.9	99.9	99.8	99.9	97.8	99.9	99.9	99.6	91.3	1.3127	21.7604	-88.4853	20.9683	7.50067	-85.5974	
0.171	4.4	9.4	11.4	14.1	8.7	4.3	3.7	2.5	2.2	7.2	21.8	36.4	30.8	33.6	29.8	27	100	99.9	99.9	99.8	99.9	97.8	99.9	99.9	99.6	91.3	1.3127	21.7604	-88.4853	20.9683	7.50067	-85.5974	
0.181	4.4	9.4	11.4	14.1	8.7	4.3	3.7	2.5	2.2	7.2	21.8	36.4	30.8	33.6	29.8	27	100	99.9	99.9	99.8	99.9	97.8	99.9	99.9	99.6	91.3	1.3127	21.7604	-88.4853	20.9683	7.50067	-85.5974	
0.191	4.4	9.4	11.4	14.1	8.7	4.3	3.7	2.5	2.2	7.2	21.8	36.4	30.8	33.6	29.8	27	100	99.9	99.9	99.8	99.9	97.8	99.9	99.9	99.6	91.3	1.3127	21.7604	-88.4853	20.9683	7.50067	-85.5974	
0.201	4.4	9.4	11.4	14.1	8.7	4.3	3.7	2.5	2.2	7.2	21.8	36.4	30.8	33.6	29.8	27	100	99.9	99.9	99.8	99.9	97.8	99.9	99.9	99.6	91.3	1.3127	21.7604	-88.4853	20.9683	7.50067	-85.5974	
0.211	4.4	9.4	11.4	14.1	8.7	4.3	3.7	2.5	2.2	7.2	21.8	36.4	30.8	33.6	29.8	27	100	99.9	99.9	99.8	99.9	97.8	99.9	99.9	99.6	91.3	1.3127	21.7604	-88.4853	20.9683	7.50067	-85.5974	
0.221	4.4	9.4	11.4	14.1	8.7	4.3	3.7	2.5	2.2	7.2	21.8	36.4	30.8	33.6	29.8	27	100	99.9	99.9	99.8	99.9	97.8	99.9	99.9	99.6	91.3	1.3127	21.7604	-88.4853	20.9683	7.50067	-85.5974	
0.231	4.4	9.4	11.4	14.1	8.7	4.3	3.7	2.5	2.2	7.2	21.8	36.4	30.8	33.6	29.8	27	100	99.9	99.9	99.8	99.9	97.8	99.9	99.9	99.6	91.3	1.3127	21.7604	-88.4853	20.9683	7.50067	-85.5974	
0.241	4.4	9.4	11.4	14.1	8.7	4.3	3.7	2.5	2.2	7.2	21.8	36.4	30.8	33.6	29.8	27	100	99.9	99.9	99.8	99.9	97.8	99.9	99.9	99.6	91.3	1.3127	21.7604	-88.4853	20.9683	7.50067	-85.5974	
0.251	4.4	9.4	11.4	14.1	8.7	4.3	3.7	2.5	2.2	7.2	21.8	36.4	30.8	33.6	29.8	27	100	99.9	99.9	99.8	99.9	97.8	99.9	99.9	99.6	91.3	1.3127	21.7604	-88.4853	20.9683	7.50067	-85.5974	
0.261	4.4	9.4	11.4	14.1	8.7	4.3	3.7	2.5	2.2	7.2	21.8	36.4	30.8	33.6	29.8	27	100	99.9	99.9	99.8	99.9	97.8	99.9	99.9	99.6	91.3	1.3127	21.7604	-88.4853	20.9683	7.50067	-85.5974	
0.271	4.4	9.4	11.4	14.1	8.7	4.3	3.7	2.5	2.2	7.2	21.8	36.4	30.8	33.6	29.8	27	100	99.9	99.9	99.8	99.9	98.4	99.5	99.9	99.9	93.3	1.3127	21.7604	-88.4853	21.0676	7.58835	-85.5601	
0.281	4.4	9.4	11.4	14.1	8.7	4.3	3.7	2.5	2.2	7.2	21.8	36.4	30.8	33.6	29.8	27	100	99.9	99.9	99.8	99.9	98.4	99.5	99.9	99.9	93.3	1.3127	21.7604	-88.4853	21.0676	7.58835	-85.5601	
0.29	4.4	9.4	11.4	14.1	8.7	4.3	3.7	2.5	2.2	7.2	21.8	36.4	30.8	33.6	29.8	27	100	99.9	99.9	99.8	99.9	98.4	99.5	99.9	99.9	93.3	1.3127	21.7604	-88.4853	21.0676	7.58835	-85.5601	
0.3	4.4	9.4	11.4	14.1	8.7	4.3	3.7	2.5	2.2	7.2	21.8	36.4	30.8	33.6	29.8	27	100	99.9	99.9	99.8	99.9	98.4	99.5	99.9	99.9	93.3	1.3127	21.7604	-88.4853	21.0676	7.58835	-85.5601	
0.31	4.4	9.4	11.4	14.1	8.7	4.3	3.7	2.5	2.2	7.2	21.8	36.4	30.8	33.6	29.8	27	100	99.9	99.9	99.8	99.9	98.4	99.5	99.9	99.9	93.3	1.3127	21.7604	-88.4853	21.0676	7.58835	-85.5601	
0.32	4.4	9.4	11.4	14.1	8.7	4.3	3.7	2.5	2.2	7.2	21.8	36.4	30.8	33.6	29.8	27	100	99.9	99.9	99.8	99.9	98.4	99.5	99.9	99.9	93.3	1.3127	21.7604	-88.4853	21.0676	7.58835	-85.5601	
0.33	4.4	9.4	11.4	14.1	8.7	4.3	3.7	2.5	2.2	7.2	21.8	36.4	30.8	33.6	29.8	27	100	99.9	99.9	99.8	99.9	98.4	99.5	99.9	99.9	93.3	1.3127	21.7604	-88.4853	21.0676	7.58835	-85.5601	
0.34	4.4	9.4	11.4	14.1	8.7	4.3	3.7	2.5	2.2	7.2	21.8	36.4	30.8	33.6	29.8	27	100	99.9	99.9	99.8	99.9	98.4	99.5	99.9	99.9	93.3	1.3127	21.7604	-88.4853	21.0676	7.58835	-85.5601	
0.35	4.4	9.4	11.4	14.1	8.7	4.3	3.7	2.5	2.2	7.2	21.8	36.4	30.8	33.6	29.8	27	100	99.9	99.9	99.8	99.9	98.4	99.5	99.9	99.9	93.3	1.3127	21.7604	-88.4853	21.0676	7.58835	-85.5601	
0.36	4.4	9.4	11.4	14.1	8.7	4.3	3.7	2.5	2.2	7.2	21.8	36.4	30.8	33.6	29.8	27	100	99.9	99.9	99.8	99.9	98.4	99.5	99.9	99.9	93.3	1.3127	21.7604	-88.4853	21.0676	7.58835	-85.5601	
0.37	4.4	9.4	11.4	14.1	8.7	4.3	3.7	2.5	2.2	7.2	21.8	36.4	30.8	33.6	29.8	27	100	99.9	99.9	99.8	99.9	98.4	99.5	99.9	99.9	93.3	1.3127	21.7604	-88.4853	21.0676	7.58835	-85.5601	
0.38	4.4	9.4	11.4	14.1	8.7	4.3	3.7	2.5	2.2	7.2	21.8	36.4	30.8	33.6	29.8	27	100	99.9	99.9	99.8	99.9	98.4	99.5	99.9	99.9	93.3	1.3127	21.7604	-88.4853	21.0676	7.58835	-85.5601	
0.39	4.4	9.4	11.4	14.1	8.7	4.3	3.7	2.5	2.2	7.2	21.8	36.4	30.8	33.6	29.8	27	100	99.9	99.9	99.8	99.9	98.4	99.5	99.9	99.9	93.3	1.3127	21.7604	-88.4853	21.0676	7.58835	-85.5601	
0.4	4.4	9.4	11.4	14.1	8.7	4.3	3.7	2.5	2.2	7.2	21.8	36.4	30.8	33.6	29.8	27	100	99.9	99.9	99.8	99.9	98.4	99.5	99.9	99.9	93.3	1.3127	21.7604	-88.4853	21.0676	7.58835	-85.5601	
0.41	4.4	9.4	11.4	14.1	8.7	4.3	3.7	2.5	2.2	7.2	21.8	36.4	30.8	33.6	29.8	27	100	99.9	99.9	99.8	99.9	98.4	99.5	99.9	99.9	93.3	1.3127	21.7604	-88.4853	21.0676	7.58835	-85.5601	
0.42	4.4	9.4	11.4	14.1	8.7	4.3	3.7	2.5	2.2	7.2	21.8	36.4	30.8	33.6	29.8	27	100	99.9	99.9	99.8	99.9	98.4	99.5	99.9	99.9	93.3	1.3127	21.7604	-88.4853	21.0676	7.58835	-85.5601	
0.43	4.4	9.4	11.4	14.1	8.7	4.3	3.7	2.5	2.2	7.2	21.8	36.4	30.8	33.6	29.8	27	100	99.9	99.9	99.8	99.9	98.4	99.5	99.9	99.9	93.3	1.3127	21.7604	-88.4853	21.0676	7.58835	-85.5601	
0.44	4.4	9.4	11.4	14.1	8.7	4.3	3.7	2.5	2.2	7.2	21.8	36.4	30.8	33.6	29.8	27	100	99.9	99.9	99.8	99.9	98.4	99.5	99.9	99.9	93.3	1.3127	21.7604	-88.4853	21.0676	7.58835	-85.5601	
0.45	4.4	9.4	11.4	14.1	8.7	4.3	3.7	2.5	2.2	7.2	21.8	36.4	30.8	33.6	29.8	27	100	99.9	99.9	99.8	99.9	98.4	99.5	99.9	99.9	93.3	1.3127	21.7604	-88.4853	21.0676	7.58835	-85.5601	
0.46	4.4	9.4	11.4	14.1	8.7	4.3	3.7	2.5	2.2	7.2	21.8	36.4	30.8	33.6	29.8	27	100	99.9	99.9	99.8	99.9	98.4	99.5	99.9	99.9	93.3	1.3127	21.7604	-88.4853	21.0676	7.58835	-85.5601	
0.47	4.4	9.4	11.4	14.1	8.7	4.3	3.7	2.5	2.2	7.2	21.8	36.4	30.8	33.6	29.8	27	100	99.9	99.9	99.8	99.9	98.4	99.5	99.9	99.9	93.3	1.3127	21.7604	-88.4853	21.0676	7.58835	-85.5601	
0.48	4.4	9.4	11.4	14.1	8.7	4.3	3.7	2.5	2.2	7.2	21.8	36.4	30.8	33.6	29.8	27	100	99.9	99.9	99.8	99.9	98.4	99.5	99.9	99.9	93.3	1.3127	21.7604	-88.4853	21.0676	7.58835	-85.5601	
0.49	4.4	9.4	11.4	14.1	8.7	4.3	3.7	2.5	2.2	7.2	21.8	36.4	30.8	33.6	29.8	27	100	99.9	99.9	99.8	99.9	98.4	99.5	99.9	99.9	93.3	1.3127	21.7604	-88.4853	21.0676	7.58835	-85.5601	
0.5	4.4	9.4	11.4	14.1	8.7	4.3	3.7	2.5	2.2	7.2	21.8	36.4	30.8	33.6	29.8	27	100	99.9	99.9	99.8	99.9	98.4	99.5	99.9	99.9	93.3	1.3127	21.7604	-88.4853	21.0676	7.58835	-85.5601	
0.51	4.4	9.4	11.4	14.1	8.7	4.3	3.7	2.5	2.2	7.2	21.8	36.4	30.8	33.6	29.8	27	100	99.9	99.9	99.8	99.9	98.4	99.5	99.9	99.9	93.3	1.3127	21.7604	-88.4853	21.0676	7.58835	-85.5601	
0.52	4.4	9.4	11.4	14.1	8.7	4.3	3.7	2.5	2.2	7.2	21.8	36.4	30.8	33.6	29.8	27	100	99.9	99.9	99.8	99.9	98.4	99.5	99.9	99.9	93.3	1.3127	21.7604	-88.4853	21.0676	7.58835	-85.5601	
0.53	4.4	9.4	11.4	14.1	8.7	4.3	3.7	2.5	2.2	7.2	21.8	36.4	30.8	33.6	29.8	27	100	99.9	99.9	99.8	99.9	98.4	99.5	99.9	99.9	93.3	1.3127	21.7604	-88.4853	21.0676	7.58835	-85.5601	
0.54	4.4	9.4	11.4	14.1	8.7	4.3	3.7	2.5	2.2	7.2	21.8	36.4	30.8	33.6	29.8	27	100	99.9	99.9	99.8	99.9	98.4	99.5	99.9	99.9	93.3	1.3127	21.7604	-88.4853	21.0676	7.58835	-85.5601	
0.55	4.4	9.4	11.4	14.1	8.7	4.3	3.7	2.5	2.2	7.2	21.8	36.4	30.8	33.6	29.8	27	100	99.9	99.9	99.8	99.9	98.4	99.5	99.9	99.9	93.3	1.3127	21.7604	-88.4853	21.0676	7.58835	-85.5601	
0.56	4.4	9.4	11.4	14.1	8.7	4.3	3.7	2.5	2.2	7.2	21.8	36.4	30.8	33.6	29.8	27	100	99.9	99.9	99.8	99.9	98.4	99.5	99.9	99.9	93.3	1.3127	21.7604	-88.4853	21.0676	7.58835	-85.5601	
0.57	4.4	9.4	11.4	14.1	8.7	4.3	3.7	2.5	2.2	7.2	21.8	36.4	30.8	33.6	29.8	27	100	99.9	99.9	99.8	99.9	98.4	99.5	99.9	99.9	93.3	1.3127	21.7604	-88.4853	21.0676	7.58835	-85.5601	
0.58	4.4	9.4	11.4	14.1	8.7	4.3	3.7	2.5	2.2	7.2	21.8	36.4	30.8	33.6	29.8	27	100	99.9	99.9	99.8	99.9	98.4	99.5	99.9	99.9	93.3	1.3127	21.7604	-88.4853	21.0676	7.58835	-85.5601	
0.59	4.4	9.4	11.4	14.1	8.7	4.3	3.7	2.5	2.2	7.2	21.8	36.4	30.8	33.6	29.8	27	100	99.9	99.9	99.8	99.9	98.4	99.5	99.9	99.9	93.3	1.3127	21.7604	-88.4853	21.0676	7.58835	-85.5601	
0.6	4.4	9.4	11.4	14.1	8.7	4.3	3.7	2.5	2.2	7.2	21.8	36.4	30.8	33.6	29.8	27	100	99.9	99.9	99.8	99.9	98.4	99.5	99.9	99.9	93.3	1.3127	21.7604	-88.4853	21.0676	7.58835	-85.5601	
0.61	4.4	9.4	11.4	14.1	8.7	4.3	3.7	2.5	2.2	7.2	21.8	36.4	30.8	33.6	29.8	27	100	99.9	99.9	99.8	99.9	98.4	99.5	99.9	99.9	93.3	1.3127	21.7604	-88.4853	21.0676	7.58835	-85.5601	
0.62	4.4	9.4	11.4	14.1	8.7	4.3	3.7	2.5	2.2	7.2	21.8	36.4	30.8	33.6	29.8	27	100	99.9	99.9	99.8	99.9	98.4	99.5	99.9	99.9	93.3	1.3127	21.7604	-88.4853	21.0676	7.58835	-85.5601	
0.63	4.4	9.4	11.4	14.1	8.7	4.3	3.7	2.5	2.2	7.2	21.8	36.4	30.8	33.6	29.8	27	100	99.9	99.9	99.8	99.9	98.1	99.9	99.9	99.5	93.6	1.3127	21.7604	-88.4853	20.6506	7.20747	-85.7156	
0.64	4.4	9.4	11.4	14.1	8.7	4.3	3.7	2.5	2.2	7.2	21.8	36.4	30.8	33.6	29.8	27	100	99.9	99.9	99.8	99.9	98.6	99.6	99.9	99.9	93.5	1.3127	21.7604	-88.4853	20.926	7.42579	-85.7694	
0.65	4.4	9.4	11.4	14.1	8.7	4.3	3.7	2.5	2.2	7.2	21.8	36.4	30.8	33.6	29.8	27	100	99.9	99.9	99.8	99.9	98.6	99.6	99.9	99.9	93.5	1.3127	21.7604	-88.4853	20.926	7.42579	-85.7694	
0.66	4.4	9.4	11.4	14.1	8.7	4.3	3.7	2.5	2.2	7.2	21.8	36.4	30.8	33.6	29.8	27	100	99.9	99.9	99.8	99.9	98.6	99.6	99.9	99.9	93.5	1.3127	21.7604	-88.4853	20.926	7.42579	-85.7694	
0.67	4.4	9.4	11.4	14.1	8.7	4.3	3.7	2.5	2.2	7.2	21.8	36.4	30.8	33.6	29.8	27	100	99.9	99.9	99.8	99.9	98.6	99.6	99.9	99.9	93.5	1.3127	21.7604	-88.4853	20.926	7.42579	-85.7694	
0.68	4.4	9.4	11.4	14.1	8.7	4.3	3.7	2.5	2.2	7.2	21.8	36.4	30.8	33.6	29.8	27	100	99.9	99.9	99.8	99.9	98.6	99.6	99.9	99.9	93.5	1.3127	21.7604	-88.4853	20.926	7.42579	-85.7694	
0.69	4.4	9.4	11.4	14.1	8.7	4.3	3.7	2.5	2.2	7.2	21.8	36.4	30.8	33.6	29.8	27	100	99.9	99.9	99.8	99.9	98.6	99.6	99.9	99.9	93.5	1.3127	21.7604	-88.4853	20.926	7.42579	-85.7694	
0.7	4.4	9.4	11.4	14.1	8.7	4.3	3.7	2.5	2.2	7.2	21.8	36.4	30.8	33.6	29.8	27	100	99.9	99.9	99.8	99.9	98.6	99.6	99.9	99.9	93.5	1.3127	21.7604	-88.4853	20.926	7.42579	-85.7694	
0.71	4.4	9.4	11.4	14.1	8.7	4.3	3.7	2.5	2.2	7.2	21.8	36.4	30.8	33.6	29.8	27	100	99.9	99.9	99.8	99.9	98.6	99.6	99.9	99.9	93.5	1.3127	21.7604	-88.4853	20.926	7.42579	-85.7694	
0.72	4.4	9.4	11.4	14.1	8.7	4.3	3.7	2.5	2.2	7.2	21.8	36.4	30.8	33.6	29.8	27	100	99.9	99.9	99.8	99.9	98.6	99.6	99.9	99.9	93.5	1.3127	21.7604	-88.4853	20.926	7.42579	-85.7694	
0.73	4.4	9.4	11.4	14.1	8.7	4.3	3.7	2.5	2.2	7.2	21.8	36.4	30.8	33.6	29.8	27	100	99.9	99.9	99.8	99.9	98.6	99.6	99.9	99.9	93.5	1.3127	21.7604	-88.4853	20.926	7.42579	-85.7694	
0.74	4.4	9.4	11.4	14.1	8.7	4.3	3.7	2.5	2.2	7.2	21.8	36.4	30.8	33.6	29.8	27	100	99.9	99.9	99.8	99.9	98.6	99.6	99.9	99.9	93.5	1.3127	21.7604	-88.4853	20.926	7.42579	-85.7694	
0.75	4.4	9.4	11.4	14.1	8.7	4.3	3.7	2.5	2.2	7.2	21.8	36.4	30.8	33.6	29.8	27	100	99.9	99.9	99.8	99.9	98.6	99.6	99.9	99.9	93.5	1.3127	21.7604	-88.4853	20.926	7.42579	-85.7694	
0.76	4.4	9.4	11.4	14.1	8.7	4.3	3.7	2.5	2.2	7.2	21.8	36.4	30.8	33.6	29.8	27	100	99.9	99.9	99.8	99.9	98.6	99.6	99.9	99.9	93.5	1.3127	21.7604	-88.4853	20.926	7.42579	-85.7694	
0.77	4.4	9.4	11.4	14.1	8.7	4.3	3.7	2.5	2.2	7.2	21.8	36.4	30.8	33.6	29.8	27	100	99.9	99.9	99.8	99.9	98.6	99.6	99.9	99.9	93.5	1.3127	21.7604	-88.4853	20.926	7.42579	-85.7694	
0.78	4.4	9.4	11.4	14.1	8.7	4.3	3.7	2.5	2.2	7.2	21.8	36.4	30.8	33.6	29.8	27	100	99.9	99.9	99.8	99.9	98.6	99.6	99.9	99.9	93.5	1.3127	21.7604	-88.4853	20.926	7.42579	-85.7694	
0.79	4.4	9.4	11.4	14.1	8.7	4.3	3.7	2.5	2.2	7.2	21.8	36.4	30.8	33.6	29.8	27	100	99.9	99.9	99.8	99.9	98.6	99.6	99.9	99.9	93.5	1.3127	21.7604	-88.4853	20.926	7.42579	-85.7694	
0.8	4.4	9.4	11.4	14.1	8.7	4.3	3.7	2.5	2.2	7.2	21.8	36.4	30.8	33.6	29.8	27	100	99.9	99.9	99.8	99.9	98.6	99.6	99.9	99.9	93.5	1.3127	21.7604	-88.4853	20.926	7.42579	-85.7694	
0.81	4.4	9.4	11.4	14.1	8.7	4.3	3.7	2.5	2.2	7.2	21.8	36.4	30.8	33.6	29.8	27	100	99.9	99.9	99.8	99.9	98.6	99.6	99.9	99.9	93.5	1.3127	21.7604	-88.4853	20.926	7.42579	-85.7694	
0.82	4.4	9.4	11.4	14.1	8.7	4.3	3.7	2.5	2.2	7.2	21.8	36.4	30.8	33.6	29.8	27	100	99.9	99.9	99.8	99.9	98.6	99.6	99.9	99.9	93.5	1.3127	21.7604	-88.4853	20.926	7.42579	-85.7694	
0.83	4.4	9.4	11.4	14.1	8.7	4.3	3.7	2.5	2.2	7.2	21.8	36.4	30.8	33.6	29.8	27	100	99.9	99.9	99.8	99.9	98.6	99.6	99.9	99.9	93.5	1.3127	21.7604	-88.4853	20.926	7.42579	-85.7694	
0.84	4.4	9.4	11.4	14.1	8.7	4.3	3.7	2.5	2.2	7.2	21.8	36.4	30.8	33.6	29.8	27	100	99.9	99.9	99.8	99.9	98.6	99.6	99.9	99.9	93.5	1.3127	21.7604	-88.4853	20.926	7.42579	-85.7694	
0.85	4.4	9.4	11.4	14.1	8.7	4.3	3.7	2.5	2.2	7.2	21.8	36.4	30.8	33.6	29.8	27	100	99.9	99.9	99.8	99.9	98.6	99.6	99.9	99.9	93.5	1.3127	21.7604	-88.4853	20.926	7.42579	-85.7694	
0.86	4.4	9.4	11.4	14.1	8.7	4.3	3.7	2.5	2.2	7.2	21.8	36.4	30.8	33.6	29.8	27	100	99.9	99.9	99.8	99.9	98.6	99.6	99.9	99.9	93.5	1.3127	21.7604	-88.4853	20.926	7.42579	-85.7694	
0.87	4.4	9.4	11.4	14.1	8.7	4.3	3.7	2.5	2.2	7.2	21.8	36.4	30.8	33.6	29.8	27	100	99.9	99.9	99.8	99.9	98.6	99.6	99.9	99.9	93.5	1.3127	21.7604	-88.4853	20.926	7.42579	-85.7694	
0.88	4.4	9.4	11.4	14.1	8.7	4.3	3.7	2.5	2.2	7.2	21.8	36.4	30.8	33.6	29.8	27	100	99.9	99.9	99.8	99.9	98.6	99.6	99.9	99.9	93.5	1.3127	21.7604	-88.4853	20.926	7.42579	-85.7694	
0.89	4.4	9.4	11.4	14.1	8.7	4.3	3.7	2.5	2.2	7.2	21.8	36.4	30.8	33.6	29.8	27	100	99.9	99.9	99.8	99.9	98.6	99.6	99.9	99.9	93.5	1.3127	21.7604	-88.4853	20.926	7.42579	-85.7694	
0.9	4.4	9.4	11.4	14.1	8.7	4.3	3.7	2.5	2.2	7.2	21.8	36.4	30.8	33.6	29.8	27	100	99.9	99.9	99.8	99.9	98.6	99.6	99.9	99.9	93.5	1.3127	21.7604	-88.4853	20.926	7.42579	-85.7694	
0.91	4.4	9.4	11.4	14.1	8.7	4.3	3.7	2.5	2.2	7.2	21.8	36.4	30.8	33.6	29.8	27	100	99.9	99.9	99.8	99.9	98.6	99.6	99.9	99.9	93.5	1.3127	21.7604	-88.4853	20.926	7.42579	-85.7694	
0.92	4.4	9.4	11.4	14.1	8.7	4.3	3.7	2.5	2.2	7.2	21.8	36.4	30.8	33.6	29.8	27	100	99.9	99.9	99.8	99.9	98.6	99.6	99.9	99.9	93.5	1.3127	21.7604	-88.4853	20.926	7.42579	-85.7694	
0.93	4.4	9.4	11.4	14.1	8.7	4.3	3.7	2.5	2.2	7.2	21.8	36.4	30.8	33.6	29.8	27	100	99.9	99.9	99.8	99.9	98.6	99.6	99.9	99.9	93.5	1.3127	21.7604	-88.4853	20.926	7.42579	-85.7694	
0.94	4.4	9.4	11.4	14.1	8.7	4.3	3.7	2.5	2.2	7.2	21.8	36.4	30.8	33.6	29.8	27	100	99.9	99.9	99.8	99.9	98.6	99.6	99.9	99.9	93.5	1.3127	21.7604	-88.4853	20.926	7.42579	-85.7694	
0.95	4.4	9.4	11.4	14.1	8.7	4.3	3.7	2.5	2.2	7.2	21.8	36.4	30.8	33.6	29.8	27	100	99.9	99.9	99.8	99.9	98.6	99.6	99.9	99.9	93.5	1.3127	21.7604	-88.4853	20.926	7.42579	-85.7694	
0.96	4.4	9.4	11.4	14.1	8.7	4.3	3.7	2.5	2.2	7.2	21.8	36.4	30.8	33.6	29.8	27	100	99.9	99.9	99.8	99.9	98.6	99.6	99.9	99.9	93.5	1.3127	21.7604	-88.4853	20.926	7.42579	-85.7694	
0.97	4.4	9.4	11.4	14.1	8.7	4.3	3.7	2.5	2.2	7.2	21.8	36.4	30.8	33.6	29.8	27	100	99.9	99.9	99.8	99.9	98.6	99.6	99.9	99.9	93.5	1.3127	21.7604	-88.4853	20.926	7.42579	-85.7694	
0.98	4.4	9.4	11.4	14.1	8.7	4.3	3.7	2.5	2.2	7.2	21.8	36.4	30.8	33.6	29.8	27	100	99.9	99.9	99.8	99.9	98.6	99.6	99.9	99.9	93.5	1.3127	21.7604	-88.4853	20.926	7.42579	-85.7694	
0.99	4.4	9.4	11.4	14.1	8.7	4.3	3.7	2.5	2.2	7.2	21.8	36.4	30.8	33.6	29.8	27	100	99.9	99.9	99.8	99.9	98.6	99.6	99.9	99.9	93.5	1.3127	21.7604	-88.4853	20.926	7.42579	-85.7694	
1	4.4	9.4	11.4	14.1	8.7	4.3	3.7	2.5	2.2	7.2	21.8	36.4	30.8	33.6	29.8	27	100	99.9	99.9	99.8	99.9	98.7	99.9	99.7	99.7	91.3	1.3127	21.7604	-88.4853	20.4723	7.11521	-85.8652	
1.01	4.4	9.4	11.4	14.1	8.7	4.3	3.7	2.5	2.2	7.2	21.8	36.4	30.8	33.6	29.8	27	100	99.9	99.9	99.8	99.9	98.8	99.7	99.7	99.9	91.2	1.3127	21.7604	-88.4853	20.4059	7.47128	-86.1642	
1.02	4.4	9.4	11.4	14.1	8.7	4.3	3.7	2.5	2.2	7.2	21.8	36.4	30.8	33.6	29.8	27	100	99.9	99.9	99.8	99.9	98.8	99.7	99.7	99.9	91.2	1.3127	21.7604	-88.4853	20.4059	7.47128	-86.1642	
1.03	4.4	9.4	11.4	14.1	8.7	4.3	3.7	2.5	2.2	7.2	21.8	36.4	30.8	33.6	29.8	27	100	99.9	99.9	99.8	99.9	98.8	99.7	99.7	99.9	91.2	1.3127	21.7604	-88.4853	20.4059	7.47128	-86.1642	
1.04	4.4	9.4	11.4	14.1	8.7	4.3	3.7	2.5	2.2	7.2	21.8	36.4	30.8	33.6	29.8	27	100	99.9	99.9	99.8	99.9	98.8	99.7	99.7	99.9	91.2	1.3127	21.7604	-88.4853	20.4059	7.47128	-86.1642	
1.05	4.4	9.4	11.4	14.1	8.7	4.3	3.7	2.5	2.2	7.2	21.8	36.4	30.8	33.6	29.8	27	100	99.9	99.9	99.8	99.9	98.8	99.7	99.7	99.9	91.2	1.3127	21.7604	-88.4853	20.4059	7.47128	-86.1642	
1.06	4.4	9.4	11.4	14.1	8.7	4.3	3.7	2.5	2.2	7.2	21.8	36.4	30.8	33.6	29.8	27	100	99.9	99.9	99.8	99.9	98.8	99.7	99.7	99.9	91.2	1.3127	21.7604	-88.4853	20.4059	7.47128	-86.1642	
1.07	4.4	9.4	11.4	14.1	8.7	4.3	3.7	2.5	2.2	7.2	21.8	36.4	30.8	33.6	29.8	27	100	99.9	99.9	99.8	99.9	98.8	99.7	99.7	99.9	91.2	1.3127	21.7604	-88.4853	20.4059	7.47128	-86.1642	
1.08	4.4	9.4	11.4	14.1	8.7	4.3	3.7	2.5	2.2	7.2	21.8	36.4	30.8	33.6	29.8	27	100	99.9	99.9	99.8	99.9	98.8	99.7	99.7	99.9	91.2	1.3127	21.7604	-88.4853	20.4059	7.47128	-86.1642	
1.09	4.4	9.4	11.4	14.1	8.7	4.3	3.7	2.5	2.2	7.2	21.8	36.4	30.8	33.6	29.8	27	100	99.9	99.9	99.8	99.9	98.8	99.7	99.7	99.9	91.2	1.3127	21.7604	-88.4853	20.4059	7.47128	-86.1642	
1.1	4.4	9.4	11.4	14.1	8.7	4.3	3.7	2.5	2.2	7.2	21.8	36.4	30.8	33.6	29.8	27	100	99.9	99.9	99.8	99.9	98.8	99.7	99.7	99.9	91.2	1.3127	21.7604	-88.4853	20.4059	7.47128	-86.1642	
1.11	4.4	9.4	11.4	14.1	8.7	4.3	3.7	2.5	2.2	7.2	21.8	36.4	30.8	33.6	29.8	27	100	99.9	99.9	99.8	99.9	98.8	99.7	99.7	99.9	91.2	1.3127	21.7604	-88.4853	20.4059	7.47128	-86.1642	
1.12	4.4	9.4	11.4	14.1	8.7	4.3	3.7	2.5	2.2	7.2	21.8	36.4	30.8	33.6	29.8	27	100	99.9	99.9	99.8	99.9	98.8	99.7	99.7	99.9	91.2	1.3127	21.7604	-88.4853	20.4059	7.47128	-86.1642	
1.13	4.4	9.4	11.4	14.1	8.7	4.3	3.7	2.5	2.2	7.2	21.8	36.4	30.8	33.6	29.8	27	100	99.9	99.9	99.8	99.9	98.8	99.7	99.7	99.9	91.2	1.3127	21.7604	-88.4853	20.4059	7.47128	-86.1642	
1.14	4.4	9.4	11.4	14.1	8.7	4.3	3.7	2.5	2.2	7.2	21.8	36.4	30.8	33.6	29.8	27	100	99.9	99.9	99.8	99.9	98.8	99.7	99.7	99.9	91.2	1.3127	21.7604	-88.4853	20.4059	7.47128	-86.1642	
1.15	4.4	9.4	11.4	14.1	8.7	4.3	3.7	2.5	2.2	7.2	21.8	36.4	30.8	33.6	29.8	27	100	99.9	99.9	99.8	99.9	98.8	99.7	99.7	99.9	91.2	1.3127	21.7604	-88.4853	20.4059	7.47128	-86.1642	
1.16	4.4	9.4	11.4	14.1	8.7	4.3	3.7	2.5	2.2	7.2	21.8	36.4	30.8	33.6	29.8	27	100	99.9	99.9	99.8	99.9	98.8	99.7	99.7	99.9	91.2	1.3127	21.7604	-88.4853	20.4059	7.47128	-86.1642	
1.17	4.4	9.4	11.4	14.1	8.7	4.3	3.7	2.5	2.2	7.2	21.8	36.4	30.8	33.6	29.8	27	100	99.9	99.9	99.8	99.9	98.8	99.7	99.7	99.9	91.2	1.3127	21.7604	-88.4853	20.4059	7.47128	-86.1642	
1.18	4.4	9.4	11.4	14.1	8.7	4.3	3.7	2.5	2.2	7.2	21.8	36.4	30.8	33.6	29.8	27	100	99.9	99.9	99.8	99.9	98.8	99.7	99.7	99.9	91.2	1.3127	21.7604	-88.4853	20.4059	7.47128	-86.1642	
1.19	4.4	9.4	11.4	14.1	8.7	4.3	3.7	2.5	2.2	7.2	21.8	36.4	30.8	33.6	29.8	27	100	99.9	99.9	99.8	99.9	98.8	99.7	99.7	99.9	91.2	1.3127	21.7604	-88.4853	20.4059	7.47128	-86.1642	
1.2	4.4	9.4	11.4	14.1	8.7	4.3	3.7	2.5	2.2	7.2	21.8	36.4	30.8	33.6	29.8	27	100	99.9	99.9	99.8	99.9	98.8	99.7	99.7	99.9	91.2	1.3127	21.7604	-88.4853	20.4059	7.47128	-86.1642	
1.21	4.4	9.4	11.4	14.1	8.7	4.3	3.7	2.5	2.2	7.2	21.8	36.4	30.8	33.6	29.8	27	100	99.9	99.9	99.8	99.9	98.8	99.7	99.7	99.9	91.2	1.3127	21.7604	-88.4853	20.4059	7.47128	-86.1642	
1.22	4.4	9.4	11.4	14.1	8.7	4.3	3.7	2.5	2.2	7.2	21.8	36.4	30.8	33.6	29.8	27	100	99.9	99.9	99.8	99.9	98.8	99.7	99.7	99.9	91.2	1.3127	21.7604	-88.4853	20.4059	7.47128	-86.1642	
1.23	4.4	9.4	11.4	14.1	8.7	4.3	3.7	2.5	2.2	7.2	21.8	36.4	30.8	33.6	29.8	27	100	99.9	99.9	99.8	99.9	98.8	99.7	99.7	99.9	91.2	1.3127	21.7604	-88.4853	20.4059	7.47128	-86.1642	
1.24	4.4	9.4	11.4	14.1	8.7	4.3	3.7	2.5	2.2	7.2	21.8	36.4	30.8	33.6	29.8	27	100	99.9	99.9	99.8	99.9	98.8	99.7	99.7	99.9	91.2	1.3127	21.7604	-88.4853	20.4059	7.47128	-86.1642	
1.25	4.4	9.4	11.4	14.1	8.7	4.3	3.7	2.5	2.2	7.2	21.8	36.4	30.8	33.6	29.8	27	100	99.9	99.9	99.8	99.9	98.8	99.7	99.7	99.9	91.2	1.3127	21.7604	-88.4853	20.4059	7.47128	-86.1642	
1.26	4.4	9.4	11.4	14.1	8.7	4.3	3.7	2.5	2.2	7.2	21.8	36.4	30.8	33.6	29.8	27	100	99.9	99.9	99.8	99.9	98.8	99.7	99.7	99.9	91.2	1.3127	21.7604	-88.4853	20.4059	7.47128	-86.1642	
1.27	4.4	9.4	11.4	14.1	8.7	4.3	3.7	2.5	2.2	7.2	21.8	36.4	30.8	33.6	29.8	27	100	99.9	99.9	99.8	99.9	98.8	99.7	99.7	99.9	91.2	1.3127	21.7604	-88.4853	20.4059	7.47128	-86.1642	
1.28	4.4	9.4	11.4	14.1	8.7	4.3	3.7	2.5	2.2	7.2	21.8	36.4	30.8	33.6	29.8	27	100	99.9	99.9	99.8	99.9	98.8	99.7	99.7	99.9	91.2	1.3127	21.7604	-88.4853	20.4059	7.47128	-86.1642	
1.29	4.4	9.4	11.4	14.1	8.7	4.3	3.7	2.5	2.2	7.2	21.8	36.4	30.8	33.6	29.8	27	100	99.9	99.9	99.8	99.9	98.8	99.7	99.7	99.9	91.2	1.3127	21.7604	-88.4853	20.4059	7.47128	-86.1642	
1.3	4.4	9.4	11.4	14.1	8.7	4.3	3.7	2.5	2.2	7.2	21.8	36.4	30.8	33.6	29.8	27	100	99.9	99.9	99.8	99.9	98.8	99.7	99.7	99.9	91.2	1.3127	21.7604	-88.4853	20.4059	7.47128	-86.1642	
1.31	4.4	9.4	11.4	14.1	8.7	4.3	3.7	2.5	2.2	7.2	21.8	36.4	30.8	33.6	29.8	27	100	99.9	99.9	99.8	99.9	98.8	99.7	99.7	99.9	91.2	1.3127	21.7604	-88.4853	20.4059	7.47128	-86.1642	
1.32	4.4	9.4	11.4	14.1	8.7	4.3	3.7	2.5	2.2	7.2	21.8	36.4	30.8	33.6	29.8	27	100	99.9	99.9	99.8	99.9	98.8	99.7	99.7	99.9	91.2	1.3127	21.7604	-88.4853	20.4059	7.47128	-86.1642	
1.33	4.4	9.4	11.4	14.1	8.7	4.3	3.7	2.5	2.2	7.2	21.8	36.4	30.8	33.6	29.8	27	100	99.9	99.9	99.8	99.9	98.8	99.7	99.7	99.9	91.2	1.3127	21.7604	-88.4853	20.4059	7.47128	-86.1642	
1.34	4.4	9.4	11.4	14.1	8.7	4.3	3.7	2.5	2.2	7.2	21.8	36.4	30.8	33.6	29.8	27	100	99.9	99.9	99.8	99.9	98.8	99.7	99.7	99.9	91.2	1.3127	21.7604	-88.4853	20.4059	7.47128	-86.1642	
1.35	4.4	9.4	11.4	14.1	8.7	4.3	3.7	2.5	2.2	7.2	21.8	36.4	30.8	33.6	29.8	27	100	99.9	99.9	99.8	99.9	98.8	99.7	99.7	99.9	91.2	1.3127	21.7604	-88.4853	20.4059	7.47128	-86.1642	
1.36	4.4	9.4	11.4	14.1	8.7	4.3	3.7	2.5	2.2	7.2	21.8	36.4	30.8	33.6	29.8	27	100	99.9	99.9	99.8	99.9	98.8	99.7	99.7	99.9	91.2	1.3127	21.7604	-88.4853	20.4059	7.47128	-86.1642	
1.37	4.4	9.4	11.4	14.1	8.7	4.3	3.7	2.5	2.2	7.2	21.8	36.4	30.8	33.6	29.8	27	100	99.9	99.9	99.8	99.9	98.2	99.8	99.9	99.9	92.1	1.3127	21.7604	-88.4853	20.6785	7.68612	-86.1371	
1.38	4.4	9.4	11.4	14.1	8.7	4.3	3.7	2.5	2.2	7.2	21.8	36.4	30.8	33.6	29.8	27	100	99.9	99.9	99.8	99.9	98.6	99.5	99.9	99.9	91.7	1.3127	21.7604	-88.4853	20.2397	7.5439	-86.0694	
1.39	4.4	9.4	11.4	14.1	8.7	4.3	3.7	2.5	2.2	7.2	21.8	36.4	30.8	33.6	29.8	27	100	99.9	99.9	99.8	99.9	98.6	99.5	99.9	99.9	91.7	1.3127	21.7604	-88.4853	20.2397	7.5439	-86.0694	
1.4	4.4	9.4	11.4	14.1	8.7	4.3	3.7	2.5	2.2	7.2	21.8	36.4	30.8	33.6	29.8	27	100	99.9	99.9	99.8	99.9	98.6	99.5	99.9	99.9	91.7	1.3127	21.7604	-88.4853	20.2397	7.5439	-86.0694	
1.41	4.4	9.4	11.4	14.1	8.7	4.3	3.7	2.5	2.2	7.2	21.8	36.4	30.8	33.6	29.8	27	100	99.9	99.9	99.8	99.9	98.6	99.5	99.9	99.9	91.7	1.3127	21.7604	-88.4853	20.2397	7.5439	-86.0694	
1.42	4.4	9.4	11.4	14.1	8.7	4.3	3.7	2.5	2.2	7.2	21.8	36.4	30.8	33.6	29.8	27	100	99.9	99.9	99.8	99.9	98.6	99.5	99.9	99.9	91.7	1.3127	21.7604	-88.4853	20.2397	7.5439	-86.0694	
1.43	4.4	9.4	11.4	14.1	8.7	4.3	3.7	2.5	2.2	7.2	21.8	36.4	30.8	33.6	29.8	27	100	99.9	99.9	99.8	99.9	98.6	99.5	99.9	99.9	91.7	1.3127	21.7604	-88.4853	20.2397	7.5439	-86.0694	
1.44	4.4	9.4	11.4	14.1	8.7	4.3	3.7	2.5	2.2	7.2	21.8	36.4	30.8	33.6	29.8	27	100	99.9	99.9	99.8	99.9	98.6	99.5	99.9	99.9	91.7	1.3127	21.7604	-88.4853	20.2397	7.5439	-86.0694	
1.45	4.4	9.4	11.4	14.1	8.7	4.3	3.7	2.5	2.2	7.2	21.8	36.4	30.8	33.6	29.8	27	100	99.9	99.9	99.8	99.9	98.6	99.5	99.9	99.9	91.7	1.3127	21.7604	-88.4853	20.2397	7.5439	-86.0694	
1.46	4.4	9.4	11.4	14.1	8.7	4.3	3.7	2.5	2.2	7.2	21.8	36.4	30.8	33.6	29.8	27	100	99.9	99.9	99.8	99.9	98.6	99.5	99.9	99.9	91.7	1.3127	21.7604	-88.4853	20.2397	7.5439	-86.0694	
1.47	4.4	9.4	11.4	14.1	8.7	4.3	3.7	2.5	2.2	7.2	21.8	36.4	30.8	33.6	29.8	27	100	99.9	99.9	99.8	99.9	98.6	99.5	99.9	99.9	91.7	1.3127	21.7604	-88.4853	20.2397	7.5439	-86.0694	
1.48	4.4	9.4	11.4	14.1	8.7	4.3	3.7	2.5	2.2	7.2	21.8	36.4	30.8	33.6	29.8	27	100	99.9	99.9	99.8	99.9	98.6	99.5	99.9	99.9	91.7	1.3127	21.7604	-88.4853	20.2397	7.5439	-86.0694	
1.49	4.4	9.4	11.4	14.1	8.7	4.3	3.7	2.5	2.2	7.2	21.8	36.4	30.8	33.6	29.8	27	100	99.9	99.9	99.8	99.9	98.6	99.5	99.9	99.9	91.7	1.3127	21.7604	-88.4853	20.2397	7.5439	-86.0694	
1.5	4.4	9.4	11.4	14.1	8.7	4.3	3.7	2.5	2.2	7.2	21.8	36.4	30.8	33.6	29.8	27	100	99.9	99.9	99.8	99.9	98.6	99.5	99.9	99.9	91.7	1.3127	21.7604	-88.4853	20.2397	7.5439	-86.0694	
1.51	4.4	9.4	11.4	14.1	8.7	4.3	3.7	2.5	2.2	7.2	21.8	36.4	30.8	33.6	29.8	27	100	99.9	99.9	99.8	99.9	98.6	99.5	99.9	99.9	91.7	1.3127	21.7604	-88.4853	20.2397	7.5439	-86.0694	
1.52	4.4	9.4	11.4	14.1	8.7	4.3	3.7	2.5	2.2	7.2	21.8	36.4	30.8	33.6	29.8	27	100	99.9	99.9	99.8	99.9	98.6	99.5	99.9	99.9	91.7	1.3127	21.7604	-88.4853	20.2397	7.5439	-86.0694	
1.53	4.4	9.4	11.4	14.1	8.7	4.3	3.7	2.5	2.2	7.2	21.8	36.4	30.8	33.6	29.8	27	100	99.9	99.9	99.8	99.9	98.6	99.5	99.9	99.9	91.7	1.3127	21.7604	-88.4853	20.2397	7.5439	-86.0694	
1.54	4.4	9.4	11.4	14.1	8.7	4.3	3.7	2.5	2.2	7.2	21.8	36.4	30.8	33.6	29.8	27	100	99.9	99.9	99.8	99.9	98.6	99.5	99.9	99.9	91.7	1.3127	21.7604	-88.4853	20.2397	7.5439	-86.0694	
1.55	4.4	9.4	11.4	14.1	8.7	4.3	3.7	2.5	2.2	7.2	21.8	36.4	30.8	33.6	29.8	27	100	99.9	99.9	99.8	99.9	98.6	99.5	99.9	99.9	91.7	1.3127	21.7604	-88.4853	20.2397	7.5439	-86.0694	
1.56	4.4	9.4	11.4	14.1	8.7	4.3	3.7	2.5	2.2	7.2	21.8	36.4	30.8	33.6	29.8	27	100	99.9	99.9	99.8	99.9	98.6	99.5	99.9	99.9	91.7	1.3127	21.7604	-88.4853	20.2397	7.5439	-86.0694	
1.57	4.4	9.4	11.4	14.1	8.7	4.3	3.7	2.5	2.2	7.2	21.8	36.4	30.8	33.6	29.8	27	100	99.9	99.9	99.8	99.9	98.6	99.5	99.9	99.9	91.7	1.3127	21.7604	-88.4853	20.2397	7.5439	-86.0694	
1.58	4.4	9.4	11.4	14.1	8.7	4.3	3.7	2.5	2.2	7.2	21.8	36.4	30.8	33.6	29.8	27	100	99.9	99.9	99.8	99.9	98.6	99.5	99.9	99.9	91.7	1.3127	21.7604	-88.4853	20.2397	7.5439	-86.0694	
1.59	4.4	9.4	11.4	14.1	8.7	4.3	3.7	2.5	2.2	7.2	21.8	36.4	30.8	33.6	29.8	27	100	99.9	99.9	99.8	99.9	98.6	99.5	99.9	99.9	91.7	1.3127	21.7604	-88.4853	20.2397	7.5439	-86.0694	
1.6	4.4	9.4	11.4	14.1	8.7	4.3	3.7	2.5	2.2	7.2	21.8	36.4	30.8	33.6	29.8	27	100	99.9	99.9	99.8	99.9	98.6	99.5	99.9	99.9	91.7	1.3127	21.7604	-88.4853	20.2397	7.5439	-86.0694	
1.61	4.4	9.4	11.4	14.1	8.7	4.3	3.7	2.5	2.2	7.2	21.8	36.4	30.8	33.6	29.8	27	100	99.9	99.9	99.8	99.9	98.6	99.5	99.9	99.9	91.7	1.3127	21.7604	-88.4853	20.2397	7.5439	-86.0694	
1.62	4.4	9.4	11.4	14.1	8.7	4.3	3.7	2.5	2.2	7.2	21.8	36.4	30.8	33.6	29.8	27	100	99.9	99.9	99.8	99.9	98.6	99.5	99.9	99.9	91.7	1.3127	21.7604	-88.4853	20.2397	7.5439	-86.0694	
1.63	4.4	9.4	11.4	14.1	8.7	4.3	3.7	2.5	2.2	7.2	21.8	36.4	30.8	33.6	29.8	27	100	99.9	99.9	99.8	99.9	98.6	99.5	99.9	99.9	91.7	1.3127	21.7604	-88.4853	20.2397	7.5439	-86.0694	
1.64	4.4	9.4	11.4	14.1	8.7	4.3	3.7	2.5	2.2	7.2	21.8	36.4	30.8	33.6	29.8	27	100	99.9	99.9	99.8	99.9	98.6	99.5	99.9	99.9	91.7	1.3127	21.7604	-88.4853	20.2397	7.5439	-86.0694	
1.65	4.4	9.4	11.4	14.1	8.7	4.3	3.7	2.5	2.2	7.2	21.8	36.4	30.8	33.6	29.8	27	100	99.9	99.9	99.8	99.9	98.6	99.5	99.9	99.9	91.7	1.3127	21.7604	-88.4853	20.2397	7.5439	-86.0694	
1.66	4.4	9.4	11.4	14.1	8.7	4.3	3.7	2.5	2.2	7.2	21.8	36.4	30.8	33.6	29.8	27	100	99.9	99.9	99.8	99.9	98.6	99.5	99.9	99.9	91.7	1.3127	21.7604	-88.4853	20.2397	7.5439	-86.0694	
1.67	4.4	9.4	11.4	14.1	8.7	4.3	3.7	2.5	2.2	7.2	21.8	36.4	30.8	33.6	29.8	27	100	99.9	99.9	99.8	99.9	98.6	99.5	99.9	99.9	91.7	1.3127	21.7604	-88.4853	20.2397	7.5439	-86.0694	
1.68	4.4	9.4	11.4	14.1	8.7	4.3	3.7	2.5	2.2	7.2	21.8	36.4	30.8	33.6	29.8	27	100	99.9	99.9	99.8	99.9	98.6	99.5	99.9	99.9	91.7	1.3127	21.7604	-88.4853	20.2397	7.5439	-86.0694	
1.69	4.4	9.4	11.4	14.1	8.7	4.3	3.7	2.5	2.2	7.2	21.8	36.4	30.8	33.6	29.8	27	100	99.9	99.9	99.8	99.9	98.6	99.5	99.9	99.9	91.7	1.3127	21.7604	-88.4853	20.2397	7.5439	-86.0694	
1.7	4.4	9.4	11.4	14.1	8.7	4.3	3.7	2.5	2.2	7.2	21.8	36.4	30.8	33.6	29.8	27	100	99.9	99.9	99.8	99.9	98.6	99.5	99.9	99.9	91.7	1.3127	21.7604	-88.4853	20.2397	7.5439	-86.0694	
1.71	4.4	9.4	11.4	14.1	8.7	4.3	3.7	2.5	2.2	7.2	21.8	36.4	30.8	33.6	29.8	27	100	99.9	99.9	99.8	99.9	98.6	99.5	99.9	99.9	91.7	1.3127	21.7604	-88.4853	20.2397	7.5439	-86.0694	
1.72	4.4	9.4	11.4	14.1	8.7	4.3	3.7	2.5	2.2	7.2	21.8	36.4	30.8	33.6	29.8	27	100	99.9	99.9	99.8	99.9	98.6	99.5	99.9	99.9	91.7	1.3127	21.7604	-88.4853	20.2397	7.5439	-86.0694	
1.73	4.4	9.4	11.4	14.1	8.7	4.3	3.7	2.5	2.2	7.2	21.8	36.4	30.8	33.6	29.8	27	100	99.9	99.9	99.8	99.9	98.6	99.5	99.9	99.9	91.7	1.3127	21.7604	-88.4853	20.2397	7.5439	-86.0694	
1.74	4.4	9.4	11.4	14.1	8.7	4.3	3.7	2.5	2.2	7.2	21.8	36.4	30.8	33.6	29.8	27	100	99.9	99.9	99.8	99.9	98.4	99.6	99.7	99.9	96.4	1.3127	21.7604	-88.4853	20.7521	7.36618	-85.9944	
1.75	4.4	9.4	11.4	14.1	8.7	4.3	3.7	2.5	2.2	7.2	21.8	36.4	30.8	33.6	29.8	27	100	99.9	99.9	99.8	99.9	98.4	99.6	99.7	99.9	96.4	1.3127	21.7604	-88.4853	20.7521	7.36618	-85.9944	
1.76	4.4	9.4	11.4	14.1	8.7	4.3	3.7	2.5	2.2	7.2	21.8	36.4	30.8	33.6	29.8	27	100	99.9	99.9	99.8	99.9	98.4	99.6	99.7	99.9	96.4	1.3127	21.7604	-88.4853	20.7521	7.36618	-85.9944	
1.77	4.4	9.4	11.4	14.1	8.7	4.3	3.7	2.5	2.2	7.2	21.8	36.4	30.8	33.6	29.8	27	100	99.9	99.9	99.8	99.9	98.4	99.6	99.7	99.9	96.4	1.3127	21.7604	-88.4853	20.7521	7.36618	-85.9944	
1.78	4.4	9.4	11.4	14.1	8.7	4.3	3.7	2.5	2.2	7.2	21.8	36.4	30.8	33.6	29.8	27	100	99.9	99.9	99.8	99.9	98.4	99.6	99.7	99.9	96.4	1.3127	21.7604	-88.4853	20.7521	7.36618	-85.9944	
1.79	4.4	9.4	11.4	14.1	8.7	4.3	3.7	2.5	2.2	7.2	21.8	36.4	30.8	33.6	29.8	27	100	99.9	99.9	99.8	99.9	98.4	99.6	99.7	99.9	96.4	1.3127	21.7604	-88.4853	20.7521	7.36618	-85.9944	
1.8	4.4	9.4	11.4	14.1	8.7	4.3	3.7	2.5	2.2	7.2	21.8	36.4	30.8	33.6	29.8	27	100	99.9	99.9	99.8	99.9	98.4	99.6	99.7	99.9	96.4	1.3127	21.7604	-88.4853	20.7521	7.36618	-85.9944	
1.81	4.4	9.4	11.4	14.1	8.7	4.3	3.7	2.5	2.2	7.2	21.8	36.4	30.8	33.6	29.8	27	100	99.9	99.9	99.8	99.9	98.4	99.6	99.7	99.9	96.4	1.3127	21.7604	-88.4853	20.7521	7.36618	-85.9944	
1.82	4.4	9.4	11.4	14.1	8.7	4.3	3.7	2.5	2.2	7.2	21.8	36.4	30.8	33.6	29.8	27	100	99.9	99.9	99.8	99.9	98.4	99.6	99.7	99.9	96.4	1.3127	21.7604	-88.4853	20.7521	7.36618	-85.9944	
1.83	4.4	9.4	11.4	14.1	8.7	4.3	3.7	2.5	2.2	7.2	21.8	36.4	30.8	33.6	29.8	27	100	99.9	99.9	99.8	99.9	98.4	99.6	99.7	99.9	96.4	1.3127	21.7604	-88.4853	20.7521	7.36618	-85.9944	
1.84	4.4	9.4	11.4	14.1	8.7	4.3	3.7	2.5	2.2	7.2	21.8	36.4	30.8	33.6	29.8	27	100	99.9	99.9	99.8	99.9	98.4	99.6	99.7	99.9	96.4	1.3127	21.7604	-88.4853	20.7521	7.36618	-85.9944	
1.85	4.4	9.4	11.4	14.1	8.7	4.3	3.7	2.5	2.2	7.2	21.8	36.4	30.8	33.6	29.8	27	100	99.9	99.9	99.8	99.9	98.4	99.6	99.7	99.9	96.4	1.3127	21.7604	-88.4853	20.7521	7.36618	-85.9944	
1.86	4.4	9.4	11.4	14.1	8.7	4.3	3.7	2.5	2.2	7.2	21.8	36.4	30.8	33.6	29.8	27	100	99.9	99.9	99.8	99.9	98.4	99.6	99.7	99.9	96.4	1.3127	21.7604	-88.4853	20.7521	7.36618	-85.9944	
1.87	4.4	9.4	11.4	14.1	8.7	4.3	3.7	2.5	2.2	7.2	21.8	36.4	30.8	33.6	29.8	27	100	99.9	99.9	99.8	99.9	98.4	99.6	99.7	99.9	96.4	1.3127	21.7604	-88.4853	20.7521	7.36618	-85.9944	
1.88	4.4	9.4	11.4	14.1	8.7	4.3	3.7	2.5	2.2	7.2	21.8	36.4	30.8	33.6	29.8	27	100	99.9	99.9	99.8	99.9	98.4	99.6	99.7	99.9	96.4	1.3127	21.7604	-88.4853	20.7521	7.36618	-85.9944	
1.89	4.4	9.4	11.4	14.1	8.7	4.3	3.7	2.5	2.2	7.2	21.8	36.4	30.8	33.6	29.8	27	100	99.9	99.9	99.8	99.9	98.4	99.6	99.7	99.9	96.4	1.3127	21.7604	-88.4853	20.7521	7.36618	-85.9944	
1.9	4.4	9.4	11.4	14.1	8.7	4.3	3.7	2.5	2.2	7.2	21.8	36.4	30.8	33.6	29.8	27	100	99.9	99.9	99.8	99.9	98.4	99.6	99.7	99.9	96.4	1.3127	21.7604	-88.4853	20.7521	7.36618	-85.9944	
1.91	4.4	9.4	11.4	14.1	8.7	4.3	3.7	2.5	2.2	7.2	21.8	36.4	30.8	33.6	29.8	27	100	99.9	99.9	99.8	99.9	98.4	99.6	99.7	99.9	96.4	1.3127	21.7604	-88.4853	20.7521	7.36618	-85.9944	
1.92	4.4	9.4	11.4	14.1	8.7	4.3	3.7	2.5	2.2	7.2	21.8	36.4	30.8	33.6	29.8	27	100	99.9	99.9	99.8	99.9	98.4	99.6	99.7	99.9	96.4	1.3127	21.7604	-88.4853	20.7521	7.36618	-85.9944	
1.93	4.4	9.4	11.4	14.1	8.7	4.3	3.7	2.5	2.2	7.2	21.8	36.4	30.8	33.6	29.8	27	100	99.9	99.9	99.8	99.9	98.4	99.6	99.7	99.9	96.4	1.3127	21.7604	-88.4853	20.7521	7.36618	-85.9944	
1.94	4.4	9.4	11.4	14.1	8.7	4.3	3.7	2.5	2.2	7.2	21.8	36.4	30.8	33.6	29.8	27	100	99.9	99.9	99.8	99.9	98.4	99.6	99.7	99.9	96.4	1.3127	21.7604	-88.4853	20.7521	7.36618	-85.9944	
1.95	4.4	9.4	11.4	14.1	8.7	4.3	3.7	2.5	2.2	7.2	21.8	36.4	30.8	33.6	29.8	27	100	99.9	99.9	99.8	99.9	98.4	99.6	99.7	99.9	96.4	1.3127	21.7604	-88.4853	20.7521	7.36618	-85.9944	
1.96	4.4	9.4	11.4	14.1	8.7	4.3	3.7	2.5	2.2	7.2	21.8	36.4	30.8	33.6	29.8	27	100	99.9	99.9	99.8	99.9	98.4	99.6	99.7	99.9	96.4	1.3127	21.7604	-88.4853	20.7521	7.36618	-85.9944	
1.97	4.4	9.4	11.4	14.1	8.7	4.3	3.7	2.5	2.2	7.2	21.8	36.4	30.8	33.6	29.8	27	100	99.9	99.9	99.8	99.9	98.4	99.6	99.7	99.9	96.4	1.3127	21.7604	-88.4853	20.7521	7.36618	-85.9944	
1.98	4.4	9.4	11.4	14.1	8.7	4.3	3.7	2.5	2.2	7.2	21.8	36.4	30.8	33.6	29.8	27	100	99.9	99.9	99.8	99.9	98.4	99.6	99.7	99.9	96.4	1.3127	21.7604	-88.4853	20.7521	7.36618	-85.9944	
1.99	4.4	9.4	11.4	14.1	8.7	4.3	3.7	2.5	2.2	7.2	21.8	36.4	30.8	33.6	29.8	27	100	99.9	99.9	99.8	99.9	98.4	99.6	99.7	99.9	96.4	1.3127	21.7604	-88.4853	20.7521	7.36618	-85.9944	
2	4.4	9.4	11.4	14.1	8.7	4.3	3.7	2.5	2.2	7.2	21.8	36.4	30.8	33.6	29.8	27	100	99.9	99.9	99.8	99.9	98.4	99.6	99.7	99.9	96.4	1.3127	21.7604	-88.4853	20.7521	7.36618	-85.9944	
2.01	4.4	9.4	11.4	14.1	8.7	4.3	3.7	2.5	2.2	7.2	21.8	36.4	30.8	33.6	29.8	27	100	99.9	99.9	99.8	99.9	98.4	99.6	99.7	99.9	96.4	1.3127	21.7604	-88.4853	20.7521	7.36618	-85.9944	
2.02	4.4	9.4	11.4	14.1	8.7	4.3	3.7	2.5	2.2	7.2	21.8	36.4	30.8	33.6	29.8	27	100	99.9	99.9	99.8	99.9	98.4	99.6	99.7	99.9	96.4	1.3127	21.7604	-88.4853	20.7521	7.36618	-85.9944	
2.03	4.4	9.4	11.4	14.1	8.7	4.3	3.7	2.5	2.2	7.2	21.8	36.4	30.8	33.6	29.8	27	100	99.9	99.9	99.8	99.9	98.4	99.6	99.7	99.9	96.4	1.3127	21.7604	-88.4853	20.7521	7.36618	-85.9944	
2.04	4.4	9.4	11.4	14.1	8.7	4.3	3.7	2.5	2.2	7.2	21.8	36.4	30.8	33.6	29.8	27	100	99.9	99.9	99.8	99.9	98.4	99.6	99.7	99.9	96.4	1.3127	21.7604	-88.4853	20.7521	7.36618	-85.9944	
2.05	4.4	9.4	11.4	14.1	8.7	4.3	3.7	2.5	2.2	7.2	21.8	36.4	30.8	33.6	29.8	27	100	99.9	99.9	99.8	99.9	98.4	99.6	99.7	99.9	96.4	1.3127	21.7604	-88.4853	20.7521	7.36618	-85.9944	
2.06	4.4	9.4	11.4	14.1	8.7	4.3	3.7	2.5	2.2	7.2	21.8	36.4	30.8	33.6	29.8	27	100	99.9	99.9	99.8	99.9	98.4	99.6	99.7	99.9	96.4	1.3127	21.7604	-88.4853	20.7521	7.36618	-85.9944	
2.07	4.4	9.4	11.4	14.1	8.7	4.3	3.7	2.5	2.2	7.2	21.8	36.4	30.8	33.6	29.8	27	100	99.9	99.9	99.8	99.9	98.4	99.6	99.7	99.9	96.4	1.3127	21.7604	-88.4853	20.7521	7.36618	-85.9944	
2.08	4.4	9.4	11.4	14.1	8.7	4.3	3.7	2.5	2.2	7.2	21.8	36.4	30.8	33.6	29.8	27	100	99.9	99.9	99.8	99.9	98.4	99.6	99.7	99.9	96.4	1.3127	21.7604	-88.4853	20.7521	7.36618	-85.9944	
2.09	4.4	9.4	11.4	14.1	8.7	4.3	3.7	2.5	2.2	7.2	21.8	36.4	30.8	33.6	29.8	27	100	99.9	99.9	99.8	99.9	98.4	99.6	99.7	99.9	96.4	1.3127	21.7604	-88.4853	20.7521	7.36618	-85.9944	
2.1	4.4	9.4	11.4	14.1	8.7	4.3	3.7	2.5	2.2	7.2	21.8	36.4	30.8	33.6	29.8	27	100	99.9	99.9	99.8	99.9	98.4	99.6	99.7	99.9	96.4	1.3127	21.7604	-88.4853	20.7521	7.36618	-85.9944	
2.11	4.4	9.4	11.4	14.1	8.7	4.3	3.7	2.5	2.2	7.2	21.8	36.4	30.8	33.6	29.8	27	100	99.9	99.9	99.8	99.9	98	99.9	99.9	99.9	95	1.3127	21.7604	-88.4853	20.2387	7.39675	-86.0425	
2.12	4.4	9.4	11.4	14.1	8.7	4.3	3.7	2.5	2.2	7.2	21.8	36.4	30.8	33.6	29.8	27	100	99.9	99.9	99.8	99.9	98	99.9	99.9	99.9	95	1.3127	21.7604	-88.4853	20.2387	7.39675	-86.0425	
2.13	4.4	9.4	11.4	14.1	8.7	4.3	3.7	2.5	2.2	7.2	21.8	36.4	30.8	33.6	29.8	27	100	99.9	99.9	99.8	99.9	98	99.9	99.9	99.9	95	1.3127	21.7604	-88.4853	20.2387	7.39675	-86.0425	
2.14	4.4	9.4	11.4	14.1	8.7	4.3	3.7	2.5	2.2	7.2	21.8	36.4	30.8	33.6	29.8	27	100	99.9	99.9	99.8	99.9	98	99.9	99.9	99.9	95	1.3127	21.7604	-88.4853	20.2387	7.39675	-86.0425	
2.15	4.4	9.4	11.4	14.1	8.7	4.3	3.7	2.5	2.2	7.2	21.8	36.4	30.8	33.6	29.8	27	100	99.9	99.9	99.8	99.9	98	99.9	99.9	99.9	95	1.3127	21.7604	-88.4853	20.2387	7.39675	-86.0425	
2.16	4.4	9.4	11.4	14.1	8.7	4.3	3.7	2.5	2.2	7.2	21.8	36.4	30.8	33.6	29.8	27	100	99.9	99.9	99.8	99.9	98	99.9	99.9	99.9	95	1.3127	21.7604	-88.4853	20.2387	7.39675	-86.0425	
2.17	4.4	9.4	11.4	14.1	8.7	4.3	3.7	2.5	2.2	7.2	21.8	36.4	30.8	33.6	29.8	27	100	99.9	99.9	99.8	99.9	98	99.9	99.9	99.9	95	1.3127	21.7604	-88.4853	20.2387	7.39675	-86.0425	
2.18	4.4	9.4	11.4	14.1	8.7	4.3	3.7	2.5	2.2	7.2	21.8	36.4	30.8	33.6	29.8	27	100	99.9	99.9	99.8	99.9	98	99.9	99.9	99.9	95	1.3127	21.7604	-88.4853	20.2387	7.39675	-86.0425	
2.19	4.4	9.4	11.4	14.1	8.7	4.3	3.7	2.5	2.2	7.2	21.8	36.4	30.8	33.6	29.8	27	100	99.9	99.9	99.8	99.9	98	99.9	99.9	99.9	95	1.3127	21.7604	-88.4853	20.2387	7.39675	-86.0425	
2.2	4.4	9.4	11.4	14.1	8.7	4.3	3.7	2.5	2.2	7.2	21.8	36.4	30.8	33.6	29.8	27	100	99.9	99.9	99.8	99.9	98	99.9	99.9	99.9	95	1.3127	21.7604	-88.4853	20.2387	7.39675	-86.0425	
2.21	4.4	9.4	11.4	14.1	8.7	4.3	3.7	2.5	2.2	7.2	21.8	36.4	30.8	33.6	29.8	27	100	99.9	99.9	99.8	99.9	98	99.9	99.9	99.9	95	1.3127	21.7604	-88.4853	20.2387	7.39675	-86.0425	
2.22	4.4	9.4	11.4	14.1	8.7	4.3	3.7	2.5	2.2	7.2	21.8	36.4	30.8	33.6	29.8	27	100	99.9	99.9	99.8	99.9	98	99.9	99.9	99.9	95	1.3127	21.7604	-88.4853	20.2387	7.39675	-86.0425	
2.23	4.4	9.4	11.4	14.1	8.7	4.3	3.7	2.5	2.2	7.2	21.8	36.4	30.8	33.6	29.8	27	100	99.9	99.9	99.8	99.9	98	99.9	99.9	99.9	95	1.3127	21.7604	-88.4853	20.2387	7.39675	-86.0425	
2.24	4.4	9.4	11.4	14.1	8.7	4.3	3.7	2.5	2.2	7.2	21.8	36.4	30.8	33.6	29.8	27	100	99.9	99.9	99.8	99.9	98	99.9	99.9	99.9	95	1.3127	21.7604	-88.4853	20.2387	7.39675	-86.0425	
2.25	4.4	9.4	11.4	14.1	8.7	4.3	3.7	2.5	2.2	7.2	21.8	36.4	30.8	33.6	29.8	27	100	99.9	99.9	99.8	99.9	98	99.9	99.9	99.9	95	1.3127	21.7604	-88.4853	20.2387	7.39675	-86.0425	
2.26	4.4	9.4	11.4	14.1	8.7	4.3	3.7	2.5	2.2	7.2	21.8	36.4	30.8	33.6	29.8	27	100	99.9	99.9	99.8	99.9	98	99.9	99.9	99.9	95	1.3127	21.7604	-88.4853	20.2387	7.39675	-86.0425	
2.27	4.4	9.4	11.4	14.1	8.7	4.3	3.7	2.5	2.2	7.2	21.8	36.4	30.8	33.6	29.8	27	100	99.9	99.9	99.8	99.9	98	99.9	99.9	99.9	95	1.3127	21.7604	-88.4853	20.2387	7.39675	-86.0425	
2.28	4.4	9.4	11.4	14.1	8.7	4.3	3.7	2.5	2.2	7.2	21.8	36.4	30.8	33.6	29.8	27	100	99.9	99.9	99.8	99.9	98	99.9	99.9	99.9	95	1.3127	21.7604	-88.4853	20.2387	7.39675	-86.0425	
2.29	4.4	9.4	11.4	14.1	8.7	4.3	3.7	2.5	2.2	7.2	21.8	36.4	30.8	33.6	29.8	27	100	99.9	99.9	99.8	99.9	98	99.9	99.9	99.9	95	1.3127	21.7604	-88.4853	20.2387	7.39675	-86.0425	
2.3	4.4	9.4	11.4	14.1	8.7	4.3	3.7	2.5	2.2	7.2	21.8	36.4	30.8	33.6	29.8	27	100	99.9	99.9	99.8	99.9	98	99.9	99.9	99.9	95	1.3127	21.7604	-88.4853	20.2387	7.39675	-86.0425	
2.31	4.4	9.4	11.4	14.1	8.7	4.3	3.7	2.5	2.2	7.2	21.8	36.4	30.8	33.6	29.8	27	100	99.9	99.9	99.8	99.9	98	99.9	99.9	99.9	95	1.3127	21.7604	-88.4853	20.2387	7.39675	-86.0425	
2.32	4.4	9.4	11.4	14.1	8.7	4.3	3.7	2.5	2.2	7.2	21.8	36.4	30.8	33.6	29.8	27	100	99.9	99.9	99.8	99.9	98	99.9	99.9	99.9	95	1.3127	21.7604	-88.4853	20.2387	7.39675	-86.0425	
2.33	4.4	9.4	11.4	14.1	8.7	4.3	3.7	2.5	2.2	7.2	21.8	36.4	30.8	33.6	29.8	27	100	99.9	99.9	99.8	99.9	98	99.9	99.9	99.9	95	1.3127	21.7604	-88.4853	20.2387	7.39675	-86.0425	
2.34	4.4	9.4	11.4	14.1	8.7	4.3	3.7	2.5	2.2	7.2	21.8	36.4	30.8	33.6	29.8	27	100	99.9	99.9	99.8	99.9	98	99.9	99.9	99.9	95	1.3127	21.7604	-88.4853	20.2387	7.39675	-86.0425	
2.35	4.4	9.4	11.4	14.1	8.7	4.3	3.7	2.5	2.2	7.2	21.8	36.4	30.8	33.6	29.8	27	100	99.9	99.9	99.8	99.9	98	99.9	99.9	99.9	95	1.3127	21.7604	-88.4853	20.2387	7.39675	-86.0425	
2.36	4.4	9.4	11.4	14.1	8.7	4.3	3.7	2.5	2.2	7.2	21.8	36.4	30.8	33.6	29.8	27	100	99.9	99.9	99.8	99.9	98	99.9	99.9	99.9	95	1.3127	21.7604	-88.4853	20.2387	7.39675	-86.0425	
2.37	4.4	9.4	11.4	14.1	8.7	4.3	3.7	2.5	2.2	7.2	21.8	36.4	30.8	33.6	29.8	27	100	99.9	99.9	99.8	99.9	98	99.9	99.9	99.9	95	1.3127	21.7604	-88.4853	20.2387	7.39675	-86.0425	
2.38	4.4	9.4	11.4	14.1	8.7	4.3	3.7	2.5	2.2	7.2	21.8	36.4	30.8	33.6	29.8	27	100	99.9	99.9	99.8	99.9	98	99.9	99.9	99.9	95	1.3127	21.7604	-88.4853	20.2387	7.39675	-86.0425	
2.39	4.4	9.4	11.4	14.1	8.7	4.3	3.7	2.5	2.2	7.2	21.8	36.4	30.8	33.6	29.8	27	100	99.9	99.9	99.8	99.9	98	99.9	99.9	99.9	95	1.3127	21.7604	-88.4853	20.2387	7.39675	-86.0425	
2.4	4.4	9.4	11.4	14.1	8.7	4.3	3.7	2.5	2.2	7.2	21.8	36.4	30.8	33.6	29.8	27	100	99.9	99.9	99.8	99.9	98	99.9	99.9	99.9	95	1.3127	21.7604	-88.4853	20.2387	7.39675	-86.0425	
2.41	4.4	9.4	11.4	14.1	8.7	4.3	3.7	2.5	2.2	7.2	21.8	36.4	30.8	33.6	29.8	27	100	99.9	99.9	99.8	99.9	98	99.9	99.9	99.9	95	1.3127	21.7604	-88.4853	20.2387	7.39675	-86.0425	
2.42	4.4	9.4	11.4	14.1	8.7	4.3	3.7	2.5	2.2	7.2	21.8	36.4	30.8	33.6	29.8	27	100	99.9	99.9	99.8	99.9	98	99.9	99.9	99.9	95	1.3127	21.7604	-88.4853	20.2387	7.39675	-86.0425	
2.43	4.4	9.4	11.4	14.1	8.7	4.3	3.7	2.5	2.2	7.2	21.8	36.4	30.8	33.6	29.8	27	100	99.9	99.9	99.8	99.9	98	99.9	99.9	99.9	95	1.3127	21.7604	-88.4853	20.2387	7.39675	-86.0425	
2.44	4.4	9.4	11.4	14.1	8.7	4.3	3.7	2.5	2.2	7.2	21.8	36.4	30.8	33.6	29.8	27	100	99.9	99.9	99.8	99.9	98	99.9	99.9	99.9	95	1.3127	21.7604	-88.4853	20.2387	7.39675	-86.0425	
2.45	4.4	9.4	11.4	14.1	8.7	4.3	3.7	2.5	2.2	7.2	21.8	36.4	30.8	33.6	29.8	27	100	99.9	99.9	99.8	99.9	98	99.9	99.9	99.9	95	1.3127	21.7604	-88.4853	20.2387	7.39675	-86.0425	
2.46	4.4	9.4	11.4	14.1	8.7	4.3	3.7	2.5	2.2	7.2	21.8	36.4	30.8	33.6	29.8	27	100	99.9	99.9	99.8	99.9	98	99.9	99.9	99.9	95	1.3127	21.7604	-88.4853	20.2387	7.39675	-86.0425	
2.47	4.4	9.4	11.4	14.1	8.7	4.3	3.7	2.5	2.2	7.2	21.8	36.4	30.8	33.6	29.8	27	100	99.9	99.9	99.8	99.9	98	99.9	99.9	99.9	95	1.3127	21.7604	-88.4853	20.2387	7.39675	-86.0425	
2.48	4.4	9.4	11.4	14.1	8.7	4.3	3.7	2.5	2.2	7.2	21.8	36.4	30.8	33.6	29.8	27	100	99.9	99.9	99.8	99.9	99.6	99.7	99.7	99.9	94.5	1.3127	21.7604	-88.4853	20.7375	7.40323	-85.9957	
2.49	4.4	9.4	11.4	14.1	8.7	4.3	3.7	2.5	2.2	7.2	21.8	36.4	30.8	33.6	29.8	27	100	99.9	99.9	99.8	99.9	99.6	99.7	99.7	99.9	94.5	1.3127	21.7604	-88.4853	20.7375	7.40323	-85.9957	
2.5	4.4	9.4	11.4	14.1	8.7	4.3	3.7	2.5	2.2	7.2	21.8	36.4	30.8	33.6	29.8	27	100	99.9	99.9	99.8	99.9	99.6	99.7	99.7	99.9	94.5	1.3127	21.7604	-88.4853	20.7375	7.40323	-85.9957	
2.51	4.4	9.4	11.4	14.1	8.7	4.3	3.7	2.5	2.2	7.2	21.8	36.4	30.8	33.6	29.8	27	100	99.9	99.9	99.8	99.9	99.6	99.7	99.7	99.9	94.5	1.3127	21.7604	-88.4853	20.7375	7.40323	-85.9957	
2.52	4.4	9.4	11.4	14.1	8.7	4.3	3.7	2.5	2.2	7.2	21.8	36.4	30.8	33.6	29.8	27	100	99.9	99.9	99.8	99.9	99.6	99.7	99.7	99.9	94.5	1.3127	21.7604	-88.4853	20.7375	7.40323	-85.9957	
2.53	4.4	9.4	11.4	14.1	8.7	4.3	3.7	2.5	2.2	7.2	21.8	36.4	30.8	33.6	29.8	27	100	99.9	99.9	99.8	99.9	99.6	99.7	99.7	99.9	94.5	1.3127	21.7604	-88.4853	20.7375	7.40323	-85.9957	
2.54	4.4	9.4	11.4	14.1	8.7	4.3	3.7	2.5	2.2	7.2	21.8	36.4	30.8	33.6	29.8	27	100	99.9	99.9	99.8	99.9	99.6	99.7	99.7	99.9	94.5	1.3127	21.7604	-88.4853	20.7375	7.40323	-85.9957	
2.55	4.4	9.4	11.4	14.1	8.7	4.3	3.7	2.5	2.2	7.2	21.8	36.4	30.8	33.6	29.8	27	100	99.9	99.9	99.8	99.9	99.6	99.7	99.7	99.9	94.5	1.3127	21.7604	-88.4853	20.7375	7.40323	-85.9957	
2.56	4.4	9.4	11.4	14.1	8.7	4.3	3.7	2.5	2.2	7.2	21.8	36.4	30.8	33.6	29.8	27	100	99.9	99.9	99.8	99.9	99.6	99.7	99.7	99.9	94.5	1.3127	21.7604	-88.4853	20.7375	7.40323	-85.9957	
2.57	4.4	9.4	11.4	14.1	8.7	4.3	3.7	2.5	2.2	7.2	21.8	36.4	30.8	33.6	29.8	27	100	99.9	99.9	99.8	99.9	99.6	99.7	99.7	99.9	94.5	1.3127	21.7604	-88.4853	20.7375	7.40323	-85.9957	
2.58	4.4	9.4	11.4	14.1	8.7	4.3	3.7	2.5	2.2	7.2	21.8	36.4	30.8	33.6	29.8	27	100	99.9	99.9	99.8	99.9	99.6	99.7	99.7	99.9	94.5	1.3127	21.7604	-88.4853	20.7375	7.40323	-85.9957	
2.59	4.4	9.4	11.4	14.1	8.7	4.3	3.7	2.5	2.2	7.2	21.8	36.4	30.8	33.6	29.8	27	100	99.9	99.9	99.8	99.9	99.6	99.7	99.7	99.9	94.5	1.3127	21.7604	-88.4853	20.7375	7.40323	-85.9957	
2.6	4.4	9.4	11.4	14.1	8.7	4.3	3.7	2.5	2.2	7.2	21.8	36.4	30.8	33.6	29.8	27	100	99.9	99.9	99.8	99.9	99.6	99.7	99.7	99.9	94.5	1.3127	21.7604	-88.4853	20.7375	7.40323	-85.9957	
2.61	4.4	9.4	11.4	14.1	8.7	4.3	3.7	2.5	2.2	7.2	21.8	36.4	30.8	33.6	29.8	27	100	99.9	99.9	99.8	99.9	99.6	99.7	99.7	99.9	94.5	1.3127	21.7604	-88.4853	20.7375	7.40323	-85.9957	
2.62	4.4	9.4	11.4	14.1	8.7	4.3	3.7	2.5	2.2	7.2	21.8	36.4	30.8	33.6	29.8	27	100	99.9	99.9	99.8	99.9	99.6	99.7	99.7	99.9	94.5	1.3127	21.7604	-88.4853	20.7375	7.40323	-85.9957	
2.63	4.4	9.4	11.4	14.1	8.7	4.3	3.7	2.5	2.2	7.2	21.8	36.4	30.8	33.6	29.8	27	100	99.9	99.9	99.8	99.9	99.6	99.7	99.7	99.9	94.5	1.3127	21.7604	-88.4853	20.7375	7.40323	-85.9957	
2.64	4.4	9.4	11.4	14.1	8.7	4.3	3.7	2.5	2.2	7.2	21.8	36.4	30.8	33.6	29.8	27	100	99.9	99.9	99.8	99.9	99.6	99.7	99.7	99.9	94.5	1.3127	21.7604	-88.4853	20.7375	7.40323	-85.9957	
2.65	4.4	9.4	11.4	14.1	8.7	4.3	3.7	2.5	2.2	7.2	21.8	36.4	30.8	33.6	29.8	27	100	99.9	99.9	99.8	99.9	99.6	99.7	99.7	99.9	94.5	1.3127	21.7604	-88.4853	20.7375	7.40323	-85.9957	
2.66	4.4	9.4	11.4	14.1	8.7	4.3	3.7	2.5	2.2	7.2	21.8	36.4	30.8	33.6	29.8	27	100	99.9	99.9	99.8	99.9	99.6	99.7	99.7	99.9	94.5	1.3127	21.7604	-88.4853	20.7375	7.40323	-85.9957	
2.67	4.4	9.4	11.4	14.1	8.7	4.3	3.7	2.5	2.2	7.2	21.8	36.4	30.8	33.6	29.8	27	100	99.9	99.9	99.8	99.9	99.6	99.7	99.7	99.9	94.5	1.3127	21.7604	-88.4853	20.7375	7.40323	-85.9957	
2.68	4.4	9.4	11.4	14.1	8.7	4.3	3.7	2.5	2.2	7.2	21.8	36.4	30.8	33.6	29.8	27	100	99.9	99.9	99.8	99.9	99.6	99.7	99.7	99.9	94.5	1.3127	21.7604	-88.4853	20.7375	7.40323	-85.9957	
2.69	4.4	9.4	11.4	14.1	8.7	4.3	3.7	2.5	2.2	7.2	21.8	36.4	30.8	33.6	29.8	27	100	99.9	99.9	99.8	99.9	99.6	99.7	99.7	99.9	94.5	1.3127	21.7604	-88.4853	20.7375	7.40323	-85.9957	
2.7	4.4	9.4	11.4	14.1	8.7	4.3	3.7	2.5	2.2	7.2	21.8	36.4	30.8	33.6	29.8	27	100	99.9	99.9	99.8	99.9	99.6	99.7	99.7	99.9	94.5	1.3127	21.7604	-88.4853	20.7375	7.40323	-85.9957	
2.71	4.4	9.4	11.4	14.1	8.7	4.3	3.7	2.5	2.2	7.2	21.8	36.4	30.8	33.6	29.8	27	100	99.9	99.9	99.8	99.9	99.6	99.7	99.7	99.9	94.5	1.3127	21.7604	-88.4853	20.7375	7.40323	-85.9957	
2.72	4.4	9.4	11.4	14.1	8.7	4.3	3.7	2.5	2.2	7.2	21.8	36.4	30.8	33.6	29.8	27	100	99.9	99.9	99.8	99.9	99.6	99.7	99.7	99.9	94.5	1.3127	21.7604	-88.4853	20.7375	7.40323	-85.9957	
2.73	4.4	9.4	11.4	14.1	8.7	4.3	3.7	2.5	2.2	7.2	21.8	36.4	30.8	33.6	29.8	27	100	99.9	99.9	99.8	99.9	99.6	99.7	99.7	99.9	94.5	1.3127	21.7604	-88.4853	20.7375	7.40323	-85.9957	
2.74	4.4	9.4	11.4	14.1	8.7	4.3	3.7	2.5	2.2	7.2	21.8	36.4	30.8	33.6	29.8	27	100	99.9	99.9	99.8	99.9	99.6	99.7	99.7	99.9	94.5	1.3127	21.7604	-88.4853	20.7375	7.40323	-85.9957	
2.75	4.4	9.4	11.4	14.1	8.7	4.3	3.7	2.5	2.2	7.2	21.8	36.4	30.8	33.6	29.8	27	100	99.9	99.9	99.8	99.9	99.6	99.7	99.7	99.9	94.5	1.3127	21.7604	-88.4853	20.7375	7.40323	-85.9957	
2.76	4.4	9.4	11.4	14.1	8.7	4.3	3.7	2.5	2.2	7.2	21.8	36.4	30.8	33.6	29.8	27	100	99.9	99.9	99.8	99.9	99.6	99.7	99.7	99.9	94.5	1.3127	21.7604	-88.4853	20.7375	7.40323	-85.9957	
2.77	4.4	9.4	11.4	14.1	8.7	4.3	3.7	2.5	2.2	7.2	21.8	36.4	30.8	33.6	29.8	27	100	99.9	99.9	99.8	99.9	99.6	99.7	99.7	99.9	94.5	1.3127	21.7604	-88.4853	20.7375	7.40323	-85.9957	
2.78	4.4	9.4	11.4	14.1	8.7	4.3	3.7	2.5	2.2	7.2	21.8	36.4	30.8	33.6	29.8	27	100	99.9	99.9	99.8	99.9	99.6	99.7	99.7	99.9	94.5	1.3127	21.7604	-88.4853	20.7375	7.40323	-85.9957	
2.79	4.4	9.4	11.4	14.1	8.7	4.3	3.7	2.5	2.2	7.2	21.8	36.4	30.8	33.6	29.8	27	100	99.9	99.9	99.8	99.9	99.6	99.7	99.7	99.9	94.5	1.3127	21.7604	-88.4853	20.7375	7.40323	-85.9957	
2.8	4.4	9.4	11.4	14.1	8.7	4.3	3.7	2.5	2.2	7.2	21.8	36.4	30.8	33.6	29.8	27	100	99.9	99.9	99.8	99.9	99.6	99.7	99.7	99.9	94.5	1.3127	21.7604	-88.4853	20.7375	7.40323	-85.9957	
2.81	4.4	9.4	11.4	14.1	8.7	4.3	3.7	2.5	2.2	7.2	21.8	36.4	30.8	33.6	29.8	27	100	99.9	99.9	99.8	99.9	99.6	99.7	99.7	99.9	94.5	1.3127	21.7604	-88.4853	20.7375	7.40323	-85.9957	
2.82	4.4	9.4	11.4	14.1	8.7	4.3	3.7	2.5	2.2	7.2	21.8	36.4	30.8	33.6	29.8	27	100	99.9	99.9	99.8	99.9	99.6	99.7	99.7	99.9	94.5	1.3127	21.7604	-88.4853	20.7375	7.40323	-85.9957	
2.83	4.4	9.4	11.4	14.1	8.7	4.3	3.7	2.5	2.2	7.2	21.8	36.4	30.8	33.6	29.8	27	100	99.9	99.9	99.8	99.9	99.6	99.7	99.7	99.9	94.5	1.3127	21.7604	-88.4853	20.7375	7.40323	-85.9957	
2.84	4.4	9.4	11.4	14.1	8.7	4.3	3.7	2.5	2.2	7.2	21.8	36.4	30.8	33.6	29.8	27	100	99.9	99.9	99.8	99.9	99.6	99.7	99.7	99.9	94.5	1.3127	21.7604	-88.4853	20.7375	7.40323	-85.9957	
2.85	3.6	9.3	11.4	13.9	8.7	4.3	3.4	2.5	2.6	7.2	0	0	0	0	29.8	0	0	0	0	0	0	98	99.9	99.9	99.8	94.3	7.58756	20.8028	-93.062	20.6049	7.3926	-85.9755	
2.86	3.6	9.3	11.4	13.9	8.7	4.3	3.4	2.5	2.6	7.2	0	0	0	0	29.8	0	0	0	0	0	0	98	99.9	99.9	99.8	94.3	7.58756	20.8028	-93.062	20.6049	7.3926	-85.9755	
2.87	3.6	9.3	11.4	13.9	8.7	4.3	3.4	2.5	2.6	7.2	0	0	0	0	29.8	0	0	0	0	0	0	98	99.9	99.9	99.8	94.3	7.58756	20.8028	-93.062	20.6049	7.3926	-85.9755	
2.88	3.6	9.3	11.4	13.9	8.7	4.3	3.4	2.5	2.6	7.2	0	0	0	0	29.8	0	0	0	0	0	0	98	99.9	99.9	99.8	94.3	7.58756	20.8028	-93.062	20.6049	7.3926	-85.9755	
2.89	3.6	9.3	11.4	13.9	8.7	4.3	3.4	2.5	2.6	7.2	0	0	0	0	29.8	0	0	0	0	0	0	98	99.9	99.9	99.8	94.3	7.58756	20.8028	-93.062	20.6049	7.3926	-85.9755	
2.9	3.6	9.3	11.4	13.9	8.7	4.3	3.4	2.5	2.6	7.2	0	0	0	0	29.8	0	0	0	0	0	0	98	99.9	99.9	99.8	94.3	7.58756	20.8028	-93.062	20.6049	7.3926	-85.9755	
2.91	3.6	9.3	11.4	13.9	8.7	4.3	3.4	2.5	2.6	7.2	0	0	0	0	29.8	0	0	0	0	0	0	98	99.9	99.9	99.8	94.3	7.58756	20.8028	-93.062	20.6049	7.3926	-85.9755	
2.92	3.6	9.3	11.4	13.9	8.7	4.3	3.4	2.5	2.6	7.2	0	0	0	0	29.8	0	0	0	0	0	0	98	99.9	99.9	99.8	94.3	7.58756	20.8028	-93.062	20.6049	7.3926	-85.9755	
2.93	3.6	9.3	11.4	13.9	8.7	4.3	3.4	2.5	2.6	7.2	0	0	0	0	29.8	0	0	0	0	0	0	98	99.9	99.9	99.8	94.3	7.58756	20.8028	-93.062	20.6049	7.3926	-85.9755	
2.94	3.6	9.3	11.4	13.9	8.7	4.3	3.4	2.5	2.6	7.2	0	0	0	0	29.8	0	0	0	0	0	0	98	99.9	99.9	99.8	94.3	7.58756	20.8028	-93.062	20.6049	7.3926	-85.9755	
2.95	3.6	9.3	11.4	13.9	8.7	4.3	3.4	2.5	2.6	7.2	0	0	0	0	29.8	0	0	0	0	0	0	98	99.9	99.9	99.8	94.3	7.58756	20.8028	-93.062	20.6049	7.3926	-85.9755	
2.96	3.6	9.3	11.4	13.9	8.7	4.3	3.4	2.5	2.6	7.2	0	0	0	0	29.8	0	0	0	0	0	0	98	99.9	99.9	99.8	94.3	7.58756	20.8028	-93.062	20.6049	7.3926	-85.9755	
2.97	3.6	9.3	11.4	13.9	8.7	4.3	3.4	2.5	2.6	7.2	0	0	0	0	29.8	0	0	0	0	0	0	98	99.9	99.9	99.8	94.3	7.58756	20.8028	-93.062	20.6049	7.3926	-85.9755	
2.98	3.6	9.3	11.4	13.9	8.7	4.3	3.4	2.5	2.6	7.2	0	0	0	0	29.8	0	0	0	0	0	0	98	99.9	99.9	99.8	94.3	7.58756	20.8028	-93.062	20.6049	7.3926	-85.9755	
2.99	3.6	9.3	11.4	13.9	8.7	4.3	3.4	2.5	2.6	7.2	0	0	0	0	29.8	0	0	0	0	0	0	98	99.9	99.9	99.8	94.3	7.58756	20.8028	-93.062	20.6049	7.3926	-85.9755	
3	3.6	9.3	11.4	13.9	8.7	4.3	3.4	2.5	2.6	7.2	0	0	0	0	29.8	0	0	0	0	0	0	98	99.9	99.9	99.8	94.3	7.58756	20.8028	-93.062	20.6049	7.3926	-85.9755	
3.01	3.6	9.3	11.4	13.9	8.7	4.3	3.4	2.5	2.6	7.2	0	0	0	0	29.8	0	0	0	0	0	0	98	99.9	99.9	99.8	94.3	7.58756	20.8028	-93.062	20.6049	7.3926	-85.9755	
3.02	3.6	9.3	11.4	13.9	8.7	4.3	3.4	2.5	2.6	7.2	0	0	0	0	29.8	0	0	0	0	0	0	98	99.9	99.9	99.8	94.3	7.58756	20.8028	-93.062	20.6049	7.3926	-85.9755	
3.03	3.6	9.3	11.4	13.9	8.7	4.3	3.4	2.5	2.6	7.2	0	0	0	0	29.8	0	0	0	0	0	0	98	99.9	99.9	99.8	94.3	7.58756	20.8028	-93.062	20.6049	7.3926	-85.9755	
3.04	3.6	9.3	11.4	13.9	8.7	4.3	3.4	2.5	2.6	7.2	0	0	0	0	29.8	0	0	0	0	0	0	98	99.9	99.9	99.8	94.3	7.58756	20.8028	-93.062	20.6049	7.3926	-85.9755	
3.05	3.6	9.3	11.4	13.9	8.7	4.3	3.4	2.5	2.6	7.2	0	0	0	0	29.8	0	0	0	0	0	0	98	99.9	99.9	99.8	94.3	7.58756	20.8028	-93.062	20.6049	7.3926	-85.9755	
3.06	3.6	9.3	11.4	13.9	8.7	4.3	3.4	2.5	2.6	7.2	0	0	0	0	29.8	0	0	0	0	0	0	98	99.9	99.9	99.8	94.3	7.58756	20.8028	-93.062	20.6049	7.3926	-85.9755	
3.07	3.6	9.3	11.4	13.9	8.7	4.3	3.4	2.5	2.6	7.2	0	0	0	0	29.8	0	0	0	0	0	0	98	99.9	99.9	99.8	94.3	7.58756	20.8028	-93.062	20.6049	7.3926	-85.9755	
3.08	3.6	9.3	11.4	13.9	8.7	4.3	3.4	2.5	2.6	7.2	0	0	0	0	29.8	0	0	0	0	0	0	98	99.9	99.9	99.8	94.3	7.58756	20.8028	-93.062	20.6049	7.3926	-85.9755	
3.09	3.6	9.3	11.4	13.9	8.7	4.3	3.4	2.5	2.6	7.2	0	0	0	0	29.8	0	0	0	0	0	0	98	99.9	99.9	99.8	94.3	7.58756	20.8028	-93.062	20.6049	7.3926	-85.9755	
3.1	3.6	9.3	11.4	13.9	8.7	4.3	3.4	2.5	2.6	7.2	0	0	0	0	29.8	0	0	0	0	0	0	98	99.9	99.9	99.8	94.3	7.58756	20.8028	-93.062	20.6049	7.3926	-85.9755	
3.11	3.6	9.3	11.4	13.9	8.7	4.3	3.4	2.5	2.6	7.2	0	0	0	0	29.8	0	0	0	0	0	0	98	99.9	99.9	99.8	94.3	7.58756	20.8028	-93.062	20.6049	7.3926	-85.9755	
3.12	3.6	9.3	11.4	13.9	8.7	4.3	3.4	2.5	2.6	7.2	0	0	0	0	29.8	0	0	0	0	0	0	98	99.9	99.9	99.8	94.3	7.58756	20.8028	-93.062	20.6049	7.3926	-85.9755	
3.13	3.6	9.3	11.4	13.9	8.7	4.3	3.4	2.5	2.6	7.2	0	0	0	0	29.8	0	0	0	0	0	0	98	99.9	99.9	99.8	94.3	7.58756	20.8028	-93.062	20.6049	7.3926	-85.9755	
3.14	3.6	9.3	11.4	13.9	8.7	4.3	3.4	2.5	2.6	7.2	0	0	0	0	29.8	0	0	0	0	0	0	98	99.9	99.9	99.8	94.3	7.58756	20.8028	-93.062	20.6049	7.3926	-85.9755	
3.15	3.6	9.3	11.4	13.9	8.7	4.3	3.4	2.5	2.6	7.2	0	0	0	0	29.8	0	0	0	0	0	0	98	99.9	99.9	99.8	94.3	7.58756	20.8028	-93.062	20.6049	7.3926	-85.9755	
