Hora de inicio de la toma de datos: 11:40:22
AT(s)	F1.1	F1.2	F2.1	F2.2	F3.1	F3.2	F4.1	F4.2	F5.1	F5.2	ABD1	ABD2	ABD3	ABD4	PA	TCO	P1	P2	P3	P4	P5	P6	P7	P8	P9	P10	HRoll	HPitch	HYaw	WRoll	WPitch	WYaw	
0.01	6.5	0	3.3	9	0	0	1.9	0	0	7.8	73.4	84.9	38.8	61.85	35.3	34	99.9	99.9	99.9	99.9	99.9	77.4	99.9	99.9	99.8	96.1	-18.8371	-6.78501	174.982	4.63817	8.54164	-143.307	
0.02	6.5	0	3.3	9	0	0	1.9	0	0	7.8	73.4	84.9	38.8	61.85	35.3	34	99.9	99.9	99.9	99.9	99.9	77.4	99.9	99.9	99.8	96.1	-18.8371	-6.78501	174.982	4.63817	8.54164	-143.307	
0.03	6.5	0	3.3	9	0	0	1.9	0	0	7.8	73.4	84.9	38.8	61.85	35.3	34	99.9	99.9	99.9	99.9	99.9	77.4	99.9	99.9	99.8	96.1	-18.8371	-6.78501	174.982	4.63817	8.54164	-143.307	
0.04	6.8	0	2.9	9	0	0	1.8	0	0.1	8.1	73.2	85.4	38.5	61.95	35	34.5	100	99.9	99.9	99.9	99.9	77.9	99.7	99.9	99.9	95.2	-18.8215	-6.44099	175.037	4.66247	8.31566	-143.328	
0.05	6.8	0	2.9	9	0	0	1.8	0	0.1	8.1	73.2	85.4	38.5	61.95	35	34.5	100	99.9	99.9	99.9	99.9	77.9	99.7	99.9	99.9	95.2	-18.8215	-6.44099	175.037	4.66247	8.31566	-143.328	
0.06	6.8	0	2.9	9	0	0	1.8	0	0.1	8.1	73.2	85.4	38.5	61.95	35	34.5	100	99.9	99.9	99.9	99.9	77.9	99.7	99.9	99.9	95.2	-18.8215	-6.44099	175.037	4.66247	8.31566	-143.328	
0.07	6.8	0	2.9	9	0	0	1.8	0	0.1	8.1	73.2	85.4	38.5	61.95	35	34.5	100	99.9	99.9	99.9	99.9	77.9	99.7	99.9	99.9	95.2	-18.8215	-6.44099	175.037	4.66247	8.31566	-143.328	
0.08	6.8	0	2.9	9	0	0	1.8	0	0.1	8.1	73.2	85.4	38.5	61.95	35	34.5	100	99.9	99.9	99.9	99.9	77.9	99.7	99.9	99.9	95.2	-18.8215	-6.44099	175.037	4.66247	8.31566	-143.328	
0.09	6.8	0	2.9	9	0	0	1.8	0	0.1	8.1	73.2	85.4	38.5	61.95	35	34.5	100	99.9	99.9	99.9	99.9	77.9	99.7	99.9	99.9	95.2	-18.8215	-6.44099	175.037	4.66247	8.31566	-143.328	
0.1	6.8	0	2.9	9	0	0	1.8	0	0.1	8.1	73.2	85.4	38.5	61.95	35	34.5	100	99.9	99.9	99.9	99.9	77.9	99.7	99.9	99.9	95.2	-18.8215	-6.44099	175.037	4.66247	8.31566	-143.328	
0.11	6.8	0	2.9	9	0	0	1.8	0	0.1	8.1	73.2	85.4	38.5	61.95	35	34.5	100	99.9	99.9	99.9	99.9	77.9	99.7	99.9	99.9	95.2	-18.8215	-6.44099	175.037	4.66247	8.31566	-143.328	
0.12	6.8	0	2.9	9	0	0	1.8	0	0.1	8.1	73.2	85.4	38.5	61.95	35	34.5	100	99.9	99.9	99.9	99.9	77.9	99.7	99.9	99.9	95.2	-18.8215	-6.44099	175.037	4.66247	8.31566	-143.328	
0.13	6.8	0	2.9	9	0	0	1.8	0	0.1	8.1	73.2	85.4	38.5	61.95	35	34.5	100	99.9	99.9	99.9	99.9	77.9	99.7	99.9	99.9	95.2	-18.8215	-6.44099	175.037	4.66247	8.31566	-143.328	
0.14	6.8	0	2.9	9	0	0	1.8	0	0.1	8.1	73.2	85.4	38.5	61.95	35	34.5	100	99.9	99.9	99.9	99.9	77.9	99.7	99.9	99.9	95.2	-18.8215	-6.44099	175.037	4.66247	8.31566	-143.328	
0.15	6.8	0	2.9	9	0	0	1.8	0	0.1	8.1	73.2	85.4	38.5	61.95	35	34.5	100	99.9	99.9	99.9	99.9	77.9	99.7	99.9	99.9	95.2	-18.8215	-6.44099	175.037	4.66247	8.31566	-143.328	
0.16	6.8	0	2.9	9	0	0	1.8	0	0.1	8.1	73.2	85.4	38.5	61.95	35	34.5	100	99.9	99.9	99.9	99.9	77.9	99.7	99.9	99.9	95.2	-18.8215	-6.44099	175.037	4.66247	8.31566	-143.328	
0.171	6.8	0	2.9	9	0	0	1.8	0	0.1	8.1	73.2	85.4	38.5	61.95	35	34.5	100	99.9	99.9	99.9	99.9	77.9	99.7	99.9	99.9	95.2	-18.8215	-6.44099	175.037	4.66247	8.31566	-143.328	
0.181	6.8	0	2.9	9	0	0	1.8	0	0.1	8.1	73.2	85.4	38.5	61.95	35	34.5	100	99.9	99.9	99.9	99.9	77.9	99.7	99.9	99.9	95.2	-18.8215	-6.44099	175.037	4.66247	8.31566	-143.328	
0.191	6.8	0	2.9	9	0	0	1.8	0	0.1	8.1	73.2	85.4	38.5	61.95	35	34.5	100	99.9	99.9	99.9	99.9	77.9	99.7	99.9	99.9	95.2	-18.8215	-6.44099	175.037	4.66247	8.31566	-143.328	
0.201	6.8	0	2.9	9	0	0	1.8	0	0.1	8.1	73.2	85.4	38.5	61.95	35	34.5	100	99.9	99.9	99.9	99.9	77.9	99.7	99.9	99.9	95.2	-18.8215	-6.44099	175.037	4.66247	8.31566	-143.328	
0.211	6.8	0	2.9	9	0	0	1.8	0	0.1	8.1	73.2	85.4	38.5	61.95	35	34.5	100	99.9	99.9	99.9	99.9	77.9	99.7	99.9	99.9	95.2	-18.8215	-6.44099	175.037	4.66247	8.31566	-143.328	
0.221	6.8	0	2.9	9	0	0	1.8	0	0.1	8.1	73.2	85.4	38.5	61.95	35	34.5	100	99.9	99.9	99.9	99.9	77.9	99.7	99.9	99.9	95.2	-18.8215	-6.44099	175.037	4.66247	8.31566	-143.328	
0.231	6.8	0	2.9	9	0	0	1.8	0	0.1	8.1	73.2	85.4	38.5	61.95	35	34.5	100	99.9	99.9	99.9	99.9	77.9	99.7	99.9	99.9	95.2	-18.8215	-6.44099	175.037	4.66247	8.31566	-143.328	
0.241	6.8	0	2.9	9	0	0	1.8	0	0.1	8.1	73.2	85.4	38.5	61.95	35	34.5	100	99.9	99.9	99.9	99.9	77.9	99.7	99.9	99.9	95.2	-18.8215	-6.44099	175.037	4.66247	8.31566	-143.328	
0.251	6.8	0	2.9	9	0	0	1.8	0	0.1	8.1	73.2	85.4	38.5	61.95	35	34.5	100	99.9	99.9	99.9	99.9	77.9	99.7	99.9	99.9	95.2	-18.8215	-6.44099	175.037	4.66247	8.31566	-143.328	
0.261	6.8	0	2.9	9	0	0	1.8	0	0.1	8.1	73.2	85.4	38.5	61.95	35	34.5	100	99.9	99.9	99.9	99.9	77.9	99.7	99.9	99.9	95.2	-18.8215	-6.44099	175.037	4.66247	8.31566	-143.328	
0.271	6.8	0	2.9	9	0	0	1.8	0	0.1	8.1	73.2	85.4	38.5	61.95	35	34.5	100	99.9	99.9	99.9	99.9	77.9	99.7	99.9	99.9	95.2	-18.8215	-6.44099	175.037	4.66247	8.31566	-143.328	
0.281	6.8	0	2.9	9	0	0	1.8	0	0.1	8.1	73.2	85.4	38.5	61.95	35	34.5	100	99.9	99.9	99.9	99.9	77.9	99.7	99.9	99.9	95.2	-18.8215	-6.44099	175.037	4.66247	8.31566	-143.328	
0.29	6.8	0	2.9	9	0	0	1.8	0	0.1	8.1	73.2	85.4	38.5	61.95	35	34.5	100	99.9	99.9	99.9	99.9	77.9	99.7	99.9	99.9	95.2	-18.8215	-6.44099	175.037	4.66247	8.31566	-143.328	
0.3	6.8	0	2.9	9	0	0	1.8	0	0.1	8.1	73.2	85.4	38.5	61.95	35	34.5	100	99.9	99.9	99.9	99.9	77.9	99.7	99.9	99.9	95.2	-18.8215	-6.44099	175.037	4.66247	8.31566	-143.328	
0.31	6.8	0	2.9	9	0	0	1.8	0	0.1	8.1	73.2	85.4	38.5	61.95	35	34.5	100	99.9	99.9	99.9	99.9	77.9	99.7	99.9	99.9	95.2	-18.8215	-6.44099	175.037	4.66247	8.31566	-143.328	
0.32	6.8	0	2.9	9	0	0	1.8	0	0.1	8.1	73.2	85.4	38.5	61.95	35	34.5	100	99.9	99.9	99.9	99.9	77.9	99.7	99.9	99.9	95.2	-18.8215	-6.44099	175.037	4.66247	8.31566	-143.328	
0.33	6.8	0	2.9	9	0	0	1.8	0	0.1	8.1	73.2	85.4	38.5	61.95	35	34.5	100	99.9	99.9	99.9	99.9	77.9	99.7	99.9	99.9	95.2	-18.8215	-6.44099	175.037	4.66247	8.31566	-143.328	
0.34	6.8	0	2.9	9	0	0	1.8	0	0.1	8.1	73.2	85.4	38.5	61.95	35	34.5	100	99.9	99.9	99.9	99.9	77.9	99.7	99.9	99.9	95.2	-18.8215	-6.44099	175.037	4.66247	8.31566	-143.328	
0.35	6.8	0	2.9	9	0	0	1.8	0	0.1	8.1	73.2	85.4	38.5	61.95	35	34.5	100	99.9	99.9	99.9	99.9	77.9	99.7	99.9	99.9	95.2	-18.8215	-6.44099	175.037	4.66247	8.31566	-143.328	
0.36	6.8	0	2.9	9	0	0	1.8	0	0.1	8.1	73.2	85.4	38.5	61.95	35	34.5	100	99.9	99.9	99.9	99.9	77.9	99.7	99.9	99.9	95.2	-18.8215	-6.44099	175.037	4.66247	8.31566	-143.328	
0.37	6.8	0	2.9	9	0	0	1.8	0	0.1	8.1	73.2	85.4	38.5	61.95	35	34.5	100	99.9	99.9	99.9	99.9	77.9	99.7	99.9	99.9	95.2	-18.8215	-6.44099	175.037	4.66247	8.31566	-143.328	
0.38	6.8	0	2.9	9	0	0	1.8	0	0.1	8.1	73.2	85.4	38.5	61.95	35	34.5	100	99.9	99.9	99.9	99.9	77.9	99.7	99.9	99.9	95.2	-18.8215	-6.44099	175.037	4.66247	8.31566	-143.328	
0.39	6.8	0	2.9	9	0	0	1.8	0	0.1	8.1	73.2	85.4	38.5	61.95	35	34.5	100	99.9	99.9	99.9	99.9	77.9	99.7	99.9	99.9	95.2	-18.8215	-6.44099	175.037	4.66247	8.31566	-143.328	
0.4	6.9	0	3.7	9	0	0	1.8	0	0	8.2	72.8	84.6	38.9	61.75	35.3	34.3	99.9	99.9	99.9	99.9	99.9	81.2	99.9	99.7	99.9	95.4	-19.0624	-6.25989	175.079	4.13479	8.51197	-143.376	
0.41	6.6	0	3.6	8.9	0	0	1.9	0	0	8.4	73.2	84.4	38.3	61.35	34.2	34.3	99.9	99.9	99.9	99.9	99.9	79.7	99.9	99.8	99.7	95.9	-18.9313	-6.27422	175.06	4.25198	8.33399	-143.319	
0.42	6.6	0	3.6	8.9	0	0	1.9	0	0	8.4	73.2	84.4	38.3	61.35	34.2	34.3	99.9	99.9	99.9	99.9	99.9	79.7	99.9	99.8	99.7	95.9	-18.9313	-6.27422	175.06	4.25198	8.33399	-143.319	
0.43	6.6	0	3.6	8.9	0	0	1.9	0	0	8.4	73.2	84.4	38.3	61.35	34.2	34.3	99.9	99.9	99.9	99.9	99.9	79.7	99.9	99.8	99.7	95.9	-18.9313	-6.27422	175.06	4.25198	8.33399	-143.319	
0.44	6.6	0	3.6	8.9	0	0	1.9	0	0	8.4	73.2	84.4	38.3	61.35	34.2	34.3	99.9	99.9	99.9	99.9	99.9	79.7	99.9	99.8	99.7	95.9	-18.9313	-6.27422	175.06	4.25198	8.33399	-143.319	
0.45	6.6	0	3.6	8.9	0	0	1.9	0	0	8.4	73.2	84.4	38.3	61.35	34.2	34.3	99.9	99.9	99.9	99.9	99.9	79.7	99.9	99.8	99.7	95.9	-18.9313	-6.27422	175.06	4.25198	8.33399	-143.319	
0.46	6.6	0	3.6	8.9	0	0	1.9	0	0	8.4	73.2	84.4	38.3	61.35	34.2	34.3	99.9	99.9	99.9	99.9	99.9	79.7	99.9	99.8	99.7	95.9	-18.9313	-6.27422	175.06	4.25198	8.33399	-143.319	
0.47	6.6	0	3.6	8.9	0	0	1.9	0	0	8.4	73.2	84.4	38.3	61.35	34.2	34.3	99.9	99.9	99.9	99.9	99.9	79.7	99.9	99.8	99.7	95.9	-18.9313	-6.27422	175.06	4.25198	8.33399	-143.319	
0.48	6.6	0	3.6	8.9	0	0	1.9	0	0	8.4	73.2	84.4	38.3	61.35	34.2	34.3	99.9	99.9	99.9	99.9	99.9	79.7	99.9	99.8	99.7	95.9	-18.9313	-6.27422	175.06	4.25198	8.33399	-143.319	
0.49	6.6	0	3.6	8.9	0	0	1.9	0	0	8.4	73.2	84.4	38.3	61.35	34.2	34.3	99.9	99.9	99.9	99.9	99.9	79.7	99.9	99.8	99.7	95.9	-18.9313	-6.27422	175.06	4.25198	8.33399	-143.319	
0.5	6.6	0	3.6	8.9	0	0	1.9	0	0	8.4	73.2	84.4	38.3	61.35	34.2	34.3	99.9	99.9	99.9	99.9	99.9	79.7	99.9	99.8	99.7	95.9	-18.9313	-6.27422	175.06	4.25198	8.33399	-143.319	
0.51	6.6	0	3.6	8.9	0	0	1.9	0	0	8.4	73.2	84.4	38.3	61.35	34.2	34.3	99.9	99.9	99.9	99.9	99.9	79.7	99.9	99.8	99.7	95.9	-18.9313	-6.27422	175.06	4.25198	8.33399	-143.319	
0.52	6.6	0	3.6	8.9	0	0	1.9	0	0	8.4	73.2	84.4	38.3	61.35	34.2	34.3	99.9	99.9	99.9	99.9	99.9	79.7	99.9	99.8	99.7	95.9	-18.9313	-6.27422	175.06	4.25198	8.33399	-143.319	
0.53	6.6	0	3.6	8.9	0	0	1.9	0	0	8.4	73.2	84.4	38.3	61.35	34.2	34.3	99.9	99.9	99.9	99.9	99.9	79.7	99.9	99.8	99.7	95.9	-18.9313	-6.27422	175.06	4.25198	8.33399	-143.319	
0.54	6.6	0	3.6	8.9	0	0	1.9	0	0	8.4	73.2	84.4	38.3	61.35	34.2	34.3	99.9	99.9	99.9	99.9	99.9	79.7	99.9	99.8	99.7	95.9	-18.9313	-6.27422	175.06	4.25198	8.33399	-143.319	
0.55	6.6	0	3.6	8.9	0	0	1.9	0	0	8.4	73.2	84.4	38.3	61.35	34.2	34.3	99.9	99.9	99.9	99.9	99.9	79.7	99.9	99.8	99.7	95.9	-18.9313	-6.27422	175.06	4.25198	8.33399	-143.319	
0.56	6.6	0	3.6	8.9	0	0	1.9	0	0	8.4	73.2	84.4	38.3	61.35	34.2	34.3	99.9	99.9	99.9	99.9	99.9	79.7	99.9	99.8	99.7	95.9	-18.9313	-6.27422	175.06	4.25198	8.33399	-143.319	
0.57	6.6	0	3.6	8.9	0	0	1.9	0	0	8.4	73.2	84.4	38.3	61.35	34.2	34.3	99.9	99.9	99.9	99.9	99.9	79.7	99.9	99.8	99.7	95.9	-18.9313	-6.27422	175.06	4.25198	8.33399	-143.319	
0.58	6.6	0	3.6	8.9	0	0	1.9	0	0	8.4	73.2	84.4	38.3	61.35	34.2	34.3	99.9	99.9	99.9	99.9	99.9	79.7	99.9	99.8	99.7	95.9	-18.9313	-6.27422	175.06	4.25198	8.33399	-143.319	
0.59	6.6	0	3.6	8.9	0	0	1.9	0	0	8.4	73.2	84.4	38.3	61.35	34.2	34.3	99.9	99.9	99.9	99.9	99.9	79.7	99.9	99.8	99.7	95.9	-18.9313	-6.27422	175.06	4.25198	8.33399	-143.319	
0.6	6.6	0	3.6	8.9	0	0	1.9	0	0	8.4	73.2	84.4	38.3	61.35	34.2	34.3	99.9	99.9	99.9	99.9	99.9	79.7	99.9	99.8	99.7	95.9	-18.9313	-6.27422	175.06	4.25198	8.33399	-143.319	
0.61	6.6	0	3.6	8.9	0	0	1.9	0	0	8.4	73.2	84.4	38.3	61.35	34.2	34.3	99.9	99.9	99.9	99.9	99.9	79.7	99.9	99.8	99.7	95.9	-18.9313	-6.27422	175.06	4.25198	8.33399	-143.319	
0.62	6.6	0	3.6	8.9	0	0	1.9	0	0	8.4	73.2	84.4	38.3	61.35	34.2	34.3	99.9	99.9	99.9	99.9	99.9	79.7	99.9	99.8	99.7	95.9	-18.9313	-6.27422	175.06	4.25198	8.33399	-143.319	
0.63	6.6	0	3.6	8.9	0	0	1.9	0	0	8.4	73.2	84.4	38.3	61.35	34.2	34.3	99.9	99.9	99.9	99.9	99.9	79.7	99.9	99.8	99.7	95.9	-18.9313	-6.27422	175.06	4.25198	8.33399	-143.319	
0.64	6.6	0	3.6	8.9	0	0	1.9	0	0	8.4	73.2	84.4	38.3	61.35	34.2	34.3	99.9	99.9	99.9	99.9	99.9	79.7	99.9	99.8	99.7	95.9	-18.9313	-6.27422	175.06	4.25198	8.33399	-143.319	
0.65	6.6	0	3.6	8.9	0	0	1.9	0	0	8.4	73.2	84.4	38.3	61.35	34.2	34.3	99.9	99.9	99.9	99.9	99.9	79.7	99.9	99.8	99.7	95.9	-18.9313	-6.27422	175.06	4.25198	8.33399	-143.319	
0.66	6.6	0	3.6	8.9	0	0	1.9	0	0	8.4	73.2	84.4	38.3	61.35	34.2	34.3	99.9	99.9	99.9	99.9	99.9	79.7	99.9	99.8	99.7	95.9	-18.9313	-6.27422	175.06	4.25198	8.33399	-143.319	
0.67	6.6	0	3.6	8.9	0	0	1.9	0	0	8.4	73.2	84.4	38.3	61.35	34.2	34.3	99.9	99.9	99.9	99.9	99.9	79.7	99.9	99.8	99.7	95.9	-18.9313	-6.27422	175.06	4.25198	8.33399	-143.319	
0.68	6.6	0	3.6	8.9	0	0	1.9	0	0	8.4	73.2	84.4	38.3	61.35	34.2	34.3	99.9	99.9	99.9	99.9	99.9	79.7	99.9	99.8	99.7	95.9	-18.9313	-6.27422	175.06	4.25198	8.33399	-143.319	
0.69	6.6	0	3.6	8.9	0	0	1.9	0	0	8.4	73.2	84.4	38.3	61.35	34.2	34.3	99.9	99.9	99.9	99.9	99.9	79.7	99.9	99.8	99.7	95.9	-18.9313	-6.27422	175.06	4.25198	8.33399	-143.319	
0.7	6.6	0	3.6	8.9	0	0	1.9	0	0	8.4	73.2	84.4	38.3	61.35	34.2	34.3	99.9	99.9	99.9	99.9	99.9	79.7	99.9	99.8	99.7	95.9	-18.9313	-6.27422	175.06	4.25198	8.33399	-143.319	
0.71	6.6	0	3.6	8.9	0	0	1.9	0	0	8.4	73.2	84.4	38.3	61.35	34.2	34.3	99.9	99.9	99.9	99.9	99.9	79.7	99.9	99.8	99.7	95.9	-18.9313	-6.27422	175.06	4.25198	8.33399	-143.319	
0.72	6.6	0	3.6	8.9	0	0	1.9	0	0	8.4	73.2	84.4	38.3	61.35	34.2	34.3	99.9	99.9	99.9	99.9	99.9	79.7	99.9	99.8	99.7	95.9	-18.9313	-6.27422	175.06	4.25198	8.33399	-143.319	
0.73	6.6	0	3.6	8.9	0	0	1.9	0	0	8.4	73.2	84.4	38.3	61.35	34.2	34.3	99.9	99.9	99.9	99.9	99.9	79.7	99.9	99.8	99.7	95.9	-18.9313	-6.27422	175.06	4.25198	8.33399	-143.319	
0.74	6.6	0	3.6	8.9	0	0	1.9	0	0	8.4	73.2	84.4	38.3	61.35	34.2	34.3	99.9	99.9	99.9	99.9	99.9	79.7	99.9	99.8	99.7	95.9	-18.9313	-6.27422	175.06	4.25198	8.33399	-143.319	
0.75	6.6	0	3.6	8.9	0	0	1.9	0	0	8.4	73.2	84.4	38.3	61.35	34.2	34.3	99.9	99.9	99.9	99.9	99.9	79.7	99.9	99.8	99.7	95.9	-18.9313	-6.27422	175.06	4.25198	8.33399	-143.319	
0.76	6.6	0	3.6	8.9	0	0	1.9	0	0	8.4	73.2	84.4	38.3	61.35	34.2	34.3	99.9	99.9	99.9	99.9	99.9	79.7	99.9	99.8	99.7	95.9	-18.9313	-6.27422	175.06	4.25198	8.33399	-143.319	
0.77	6.7	0	3.8	8.9	0	0	1.8	0	0	8.8	72.9	84.2	38.6	61.4	34.7	34.6	100	99.9	99.9	99.9	99.9	81.8	99.9	99.9	99.6	94.8	-19.149	-6.01696	175.082	3.68772	8.38736	-143.412	
0.78	6.7	0	3.8	8.9	0	0	1.8	0	0	8.8	72.9	84.2	38.6	61.4	34.7	34.6	100	99.9	99.9	99.9	99.9	81.8	99.9	99.9	99.6	94.8	-19.149	-6.01696	175.082	3.68772	8.38736	-143.412	
0.79	6.7	0	3.8	8.9	0	0	1.8	0	0	8.8	72.9	84.2	38.6	61.4	34.7	34.6	100	99.9	99.9	99.9	99.9	81.8	99.9	99.9	99.6	94.8	-19.149	-6.01696	175.082	3.68772	8.38736	-143.412	
0.8	6.7	0	3.8	8.9	0	0	1.8	0	0	8.8	72.9	84.2	38.6	61.4	34.7	34.6	100	99.9	99.9	99.9	99.9	81.8	99.9	99.9	99.6	94.8	-19.149	-6.01696	175.082	3.68772	8.38736	-143.412	
0.81	6.7	0	3.8	8.9	0	0	1.8	0	0	8.8	72.9	84.2	38.6	61.4	34.7	34.6	100	99.9	99.9	99.9	99.9	81.8	99.9	99.9	99.6	94.8	-19.149	-6.01696	175.082	3.68772	8.38736	-143.412	
0.82	6.7	0	3.8	8.9	0	0	1.8	0	0	8.8	72.9	84.2	38.6	61.4	34.7	34.6	100	99.9	99.9	99.9	99.9	81.8	99.9	99.9	99.6	94.8	-19.149	-6.01696	175.082	3.68772	8.38736	-143.412	
0.83	6.7	0	3.8	8.9	0	0	1.8	0	0	8.8	72.9	84.2	38.6	61.4	34.7	34.6	100	99.9	99.9	99.9	99.9	81.8	99.9	99.9	99.6	94.8	-19.149	-6.01696	175.082	3.68772	8.38736	-143.412	
0.84	6.7	0	3.8	8.9	0	0	1.8	0	0	8.8	72.9	84.2	38.6	61.4	34.7	34.6	100	99.9	99.9	99.9	99.9	81.8	99.9	99.9	99.6	94.8	-19.149	-6.01696	175.082	3.68772	8.38736	-143.412	
0.85	6.7	0	3.8	8.9	0	0	1.8	0	0	8.8	72.9	84.2	38.6	61.4	34.7	34.6	100	99.9	99.9	99.9	99.9	81.8	99.9	99.9	99.6	94.8	-19.149	-6.01696	175.082	3.68772	8.38736	-143.412	
0.86	6.7	0	3.8	8.9	0	0	1.8	0	0	8.8	72.9	84.2	38.6	61.4	34.7	34.6	100	99.9	99.9	99.9	99.9	81.8	99.9	99.9	99.6	94.8	-19.149	-6.01696	175.082	3.68772	8.38736	-143.412	
0.87	6.7	0	3.8	8.9	0	0	1.8	0	0	8.8	72.9	84.2	38.6	61.4	34.7	34.6	100	99.9	99.9	99.9	99.9	81.8	99.9	99.9	99.6	94.8	-19.149	-6.01696	175.082	3.68772	8.38736	-143.412	
0.88	6.7	0	3.8	8.9	0	0	1.8	0	0	8.8	72.9	84.2	38.6	61.4	34.7	34.6	100	99.9	99.9	99.9	99.9	81.8	99.9	99.9	99.6	94.8	-19.149	-6.01696	175.082	3.68772	8.38736	-143.412	
0.89	6.7	0	3.8	8.9	0	0	1.8	0	0	8.8	72.9	84.2	38.6	61.4	34.7	34.6	100	99.9	99.9	99.9	99.9	81.8	99.9	99.9	99.6	94.8	-19.149	-6.01696	175.082	3.68772	8.38736	-143.412	
0.9	6.7	0	3.8	8.9	0	0	1.8	0	0	8.8	72.9	84.2	38.6	61.4	34.7	34.6	100	99.9	99.9	99.9	99.9	81.8	99.9	99.9	99.6	94.8	-19.149	-6.01696	175.082	3.68772	8.38736	-143.412	
0.91	6.7	0	3.8	8.9	0	0	1.8	0	0	8.8	72.9	84.2	38.6	61.4	34.7	34.6	100	99.9	99.9	99.9	99.9	81.8	99.9	99.9	99.6	94.8	-19.149	-6.01696	175.082	3.68772	8.38736	-143.412	
0.92	6.7	0	3.8	8.9	0	0	1.8	0	0	8.8	72.9	84.2	38.6	61.4	34.7	34.6	100	99.9	99.9	99.9	99.9	81.8	99.9	99.9	99.6	94.8	-19.149	-6.01696	175.082	3.68772	8.38736	-143.412	
0.93	6.7	0	3.8	8.9	0	0	1.8	0	0	8.8	72.9	84.2	38.6	61.4	34.7	34.6	100	99.9	99.9	99.9	99.9	81.8	99.9	99.9	99.6	94.8	-19.149	-6.01696	175.082	3.68772	8.38736	-143.412	
0.94	6.7	0	3.8	8.9	0	0	1.8	0	0	8.8	72.9	84.2	38.6	61.4	34.7	34.6	100	99.9	99.9	99.9	99.9	81.8	99.9	99.9	99.6	94.8	-19.149	-6.01696	175.082	3.68772	8.38736	-143.412	
0.95	6.7	0	3.8	8.9	0	0	1.8	0	0	8.8	72.9	84.2	38.6	61.4	34.7	34.6	100	99.9	99.9	99.9	99.9	81.8	99.9	99.9	99.6	94.8	-19.149	-6.01696	175.082	3.68772	8.38736	-143.412	
0.96	6.7	0	3.8	8.9	0	0	1.8	0	0	8.8	72.9	84.2	38.6	61.4	34.7	34.6	100	99.9	99.9	99.9	99.9	81.8	99.9	99.9	99.6	94.8	-19.149	-6.01696	175.082	3.68772	8.38736	-143.412	
0.97	6.7	0	3.8	8.9	0	0	1.8	0	0	8.8	72.9	84.2	38.6	61.4	34.7	34.6	100	99.9	99.9	99.9	99.9	81.8	99.9	99.9	99.6	94.8	-19.149	-6.01696	175.082	3.68772	8.38736	-143.412	
0.98	6.7	0	3.8	8.9	0	0	1.8	0	0	8.8	72.9	84.2	38.6	61.4	34.7	34.6	100	99.9	99.9	99.9	99.9	81.8	99.9	99.9	99.6	94.8	-19.149	-6.01696	175.082	3.68772	8.38736	-143.412	
0.99	6.7	0	3.8	8.9	0	0	1.8	0	0	8.8	72.9	84.2	38.6	61.4	34.7	34.6	100	99.9	99.9	99.9	99.9	81.8	99.9	99.9	99.6	94.8	-19.149	-6.01696	175.082	3.68772	8.38736	-143.412	
1	6.7	0	3.8	8.9	0	0	1.8	0	0	8.8	72.9	84.2	38.6	61.4	34.7	34.6	100	99.9	99.9	99.9	99.9	81.8	99.9	99.9	99.6	94.8	-19.149	-6.01696	175.082	3.68772	8.38736	-143.412	
1.01	6.7	0	3.8	8.9	0	0	1.8	0	0	8.8	72.9	84.2	38.6	61.4	34.7	34.6	100	99.9	99.9	99.9	99.9	81.8	99.9	99.9	99.6	94.8	-19.149	-6.01696	175.082	3.68772	8.38736	-143.412	
1.02	6.7	0	3.8	8.9	0	0	1.8	0	0	8.8	72.9	84.2	38.6	61.4	34.7	34.6	100	99.9	99.9	99.9	99.9	81.8	99.9	99.9	99.6	94.8	-19.149	-6.01696	175.082	3.68772	8.38736	-143.412	
1.03	6.7	0	3.8	8.9	0	0	1.8	0	0	8.8	72.9	84.2	38.6	61.4	34.7	34.6	100	99.9	99.9	99.9	99.9	81.8	99.9	99.9	99.6	94.8	-19.149	-6.01696	175.082	3.68772	8.38736	-143.412	
1.04	6.7	0	3.8	8.9	0	0	1.8	0	0	8.8	72.9	84.2	38.6	61.4	34.7	34.6	100	99.9	99.9	99.9	99.9	81.8	99.9	99.9	99.6	94.8	-19.149	-6.01696	175.082	3.68772	8.38736	-143.412	
1.05	6.7	0	3.8	8.9	0	0	1.8	0	0	8.8	72.9	84.2	38.6	61.4	34.7	34.6	100	99.9	99.9	99.9	99.9	81.8	99.9	99.9	99.6	94.8	-19.149	-6.01696	175.082	3.68772	8.38736	-143.412	
1.06	6.7	0	3.8	8.9	0	0	1.8	0	0	8.8	72.9	84.2	38.6	61.4	34.7	34.6	100	99.9	99.9	99.9	99.9	81.8	99.9	99.9	99.6	94.8	-19.149	-6.01696	175.082	3.68772	8.38736	-143.412	
1.07	6.7	0	3.8	8.9	0	0	1.8	0	0	8.8	72.9	84.2	38.6	61.4	34.7	34.6	100	99.9	99.9	99.9	99.9	81.8	99.9	99.9	99.6	94.8	-19.149	-6.01696	175.082	3.68772	8.38736	-143.412	
1.08	6.7	0	3.8	8.9	0	0	1.8	0	0	8.8	72.9	84.2	38.6	61.4	34.7	34.6	100	99.9	99.9	99.9	99.9	81.8	99.9	99.9	99.6	94.8	-19.149	-6.01696	175.082	3.68772	8.38736	-143.412	
1.09	6.7	0	3.8	8.9	0	0	1.8	0	0	8.8	72.9	84.2	38.6	61.4	34.7	34.6	100	99.9	99.9	99.9	99.9	81.8	99.9	99.9	99.6	94.8	-19.149	-6.01696	175.082	3.68772	8.38736	-143.412	
1.1	6.7	0	3.8	8.9	0	0	1.8	0	0	8.8	72.9	84.2	38.6	61.4	34.7	34.6	100	99.9	99.9	99.9	99.9	81.8	99.9	99.9	99.6	94.8	-19.149	-6.01696	175.082	3.68772	8.38736	-143.412	
1.11	6.7	0	3.8	8.9	0	0	1.8	0	0	8.8	72.9	84.2	38.6	61.4	34.7	34.6	100	99.9	99.9	99.9	99.9	81.8	99.9	99.9	99.6	94.8	-19.149	-6.01696	175.082	3.68772	8.38736	-143.412	
1.12	6.7	0	3.8	8.9	0	0	1.8	0	0	8.8	72.9	84.2	38.6	61.4	34.7	34.6	100	99.9	99.9	99.9	99.9	81.8	99.9	99.9	99.6	94.8	-19.149	-6.01696	175.082	3.68772	8.38736	-143.412	
1.13	6.7	0	3.8	8.9	0	0	1.8	0	0	8.8	72.9	84.2	38.6	61.4	34.7	34.6	100	99.9	99.9	99.9	99.9	81.8	99.9	99.9	99.6	94.8	-19.149	-6.01696	175.082	3.68772	8.38736	-143.412	
1.14	6.6	0	3.9	8.9	0	0	1.8	0	0	8.9	72.9	84.1	38.4	61.25	34.7	34.3	99.9	99.9	99.9	99.9	99.9	81.4	99.7	99.9	99.9	95.3	-19.1572	-5.89658	175.093	3.52559	8.5331	-143.414	
1.15	6.6	0	3.9	8.9	0	0	1.8	0	0	8.9	72.9	84.1	38.4	61.25	34.7	34.3	99.9	99.9	99.9	99.9	99.9	81.4	99.7	99.9	99.9	95.3	-19.1572	-5.89658	175.093	3.52559	8.5331	-143.414	
1.16	6.6	0	3.9	8.9	0	0	1.8	0	0	8.9	72.9	84.1	38.4	61.25	34.7	34.3	99.9	99.9	99.9	99.9	99.9	81.4	99.7	99.9	99.9	95.3	-19.1572	-5.89658	175.093	3.52559	8.5331	-143.414	
1.17	6.6	0	3.9	8.9	0	0	1.8	0	0	8.9	72.9	84.1	38.4	61.25	34.7	34.3	99.9	99.9	99.9	99.9	99.9	81.4	99.7	99.9	99.9	95.3	-19.1572	-5.89658	175.093	3.52559	8.5331	-143.414	
1.18	6.6	0	3.9	8.9	0	0	1.8	0	0	8.9	72.9	84.1	38.4	61.25	34.7	34.3	99.9	99.9	99.9	99.9	99.9	81.4	99.7	99.9	99.9	95.3	-19.1572	-5.89658	175.093	3.52559	8.5331	-143.414	
1.19	6.6	0	3.9	8.9	0	0	1.8	0	0	8.9	72.9	84.1	38.4	61.25	34.7	34.3	99.9	99.9	99.9	99.9	99.9	81.4	99.7	99.9	99.9	95.3	-19.1572	-5.89658	175.093	3.52559	8.5331	-143.414	
1.2	6.6	0	3.9	8.9	0	0	1.8	0	0	8.9	72.9	84.1	38.4	61.25	34.7	34.3	99.9	99.9	99.9	99.9	99.9	81.4	99.7	99.9	99.9	95.3	-19.1572	-5.89658	175.093	3.52559	8.5331	-143.414	
1.21	6.6	0	3.9	8.9	0	0	1.8	0	0	8.9	72.9	84.1	38.4	61.25	34.7	34.3	99.9	99.9	99.9	99.9	99.9	81.4	99.7	99.9	99.9	95.3	-19.1572	-5.89658	175.093	3.52559	8.5331	-143.414	
1.22	6.6	0	3.9	8.9	0	0	1.8	0	0	8.9	72.9	84.1	38.4	61.25	34.7	34.3	99.9	99.9	99.9	99.9	99.9	81.4	99.7	99.9	99.9	95.3	-19.1572	-5.89658	175.093	3.52559	8.5331	-143.414	
1.23	6.6	0	3.9	8.9	0	0	1.8	0	0	8.9	72.9	84.1	38.4	61.25	34.7	34.3	99.9	99.9	99.9	99.9	99.9	81.4	99.7	99.9	99.9	95.3	-19.1572	-5.89658	175.093	3.52559	8.5331	-143.414	
1.24	6.6	0	3.9	8.9	0	0	1.8	0	0	8.9	72.9	84.1	38.4	61.25	34.7	34.3	99.9	99.9	99.9	99.9	99.9	81.4	99.7	99.9	99.9	95.3	-19.1572	-5.89658	175.093	3.52559	8.5331	-143.414	
1.25	6.6	0	3.9	8.9	0	0	1.8	0	0	8.9	72.9	84.1	38.4	61.25	34.7	34.3	99.9	99.9	99.9	99.9	99.9	81.4	99.7	99.9	99.9	95.3	-19.1572	-5.89658	175.093	3.52559	8.5331	-143.414	
1.26	6.6	0	3.9	8.9	0	0	1.8	0	0	8.9	72.9	84.1	38.4	61.25	34.7	34.3	99.9	99.9	99.9	99.9	99.9	81.4	99.7	99.9	99.9	95.3	-19.1572	-5.89658	175.093	3.52559	8.5331	-143.414	
1.27	6.6	0	3.9	8.9	0	0	1.8	0	0	8.9	72.9	84.1	38.4	61.25	34.7	34.3	99.9	99.9	99.9	99.9	99.9	81.4	99.7	99.9	99.9	95.3	-19.1572	-5.89658	175.093	3.52559	8.5331	-143.414	
1.28	6.6	0	3.9	8.9	0	0	1.8	0	0	8.9	72.9	84.1	38.4	61.25	34.7	34.3	99.9	99.9	99.9	99.9	99.9	81.4	99.7	99.9	99.9	95.3	-19.1572	-5.89658	175.093	3.52559	8.5331	-143.414	
1.29	6.6	0	3.9	8.9	0	0	1.8	0	0	8.9	72.9	84.1	38.4	61.25	34.7	34.3	99.9	99.9	99.9	99.9	99.9	81.4	99.7	99.9	99.9	95.3	-19.1572	-5.89658	175.093	3.52559	8.5331	-143.414	
1.3	6.6	0	3.9	8.9	0	0	1.8	0	0	8.9	72.9	84.1	38.4	61.25	34.7	34.3	99.9	99.9	99.9	99.9	99.9	81.4	99.7	99.9	99.9	95.3	-19.1572	-5.89658	175.093	3.52559	8.5331	-143.414	
1.31	6.6	0	3.9	8.9	0	0	1.8	0	0	8.9	72.9	84.1	38.4	61.25	34.7	34.3	99.9	99.9	99.9	99.9	99.9	81.4	99.7	99.9	99.9	95.3	-19.1572	-5.89658	175.093	3.52559	8.5331	-143.414	
1.32	6.6	0	3.9	8.9	0	0	1.8	0	0	8.9	72.9	84.1	38.4	61.25	34.7	34.3	99.9	99.9	99.9	99.9	99.9	81.4	99.7	99.9	99.9	95.3	-19.1572	-5.89658	175.093	3.52559	8.5331	-143.414	
1.33	6.6	0	3.9	8.9	0	0	1.8	0	0	8.9	72.9	84.1	38.4	61.25	34.7	34.3	99.9	99.9	99.9	99.9	99.9	81.4	99.7	99.9	99.9	95.3	-19.1572	-5.89658	175.093	3.52559	8.5331	-143.414	
1.34	6.6	0	3.9	8.9	0	0	1.8	0	0	8.9	72.9	84.1	38.4	61.25	34.7	34.3	99.9	99.9	99.9	99.9	99.9	81.4	99.7	99.9	99.9	95.3	-19.1572	-5.89658	175.093	3.52559	8.5331	-143.414	
1.35	6.6	0	3.9	8.9	0	0	1.8	0	0	8.9	72.9	84.1	38.4	61.25	34.7	34.3	99.9	99.9	99.9	99.9	99.9	81.4	99.7	99.9	99.9	95.3	-19.1572	-5.89658	175.093	3.52559	8.5331	-143.414	
1.36	6.6	0	3.9	8.9	0	0	1.8	0	0	8.9	72.9	84.1	38.4	61.25	34.7	34.3	99.9	99.9	99.9	99.9	99.9	81.4	99.7	99.9	99.9	95.3	-19.1572	-5.89658	175.093	3.52559	8.5331	-143.414	
1.37	6.6	0	3.9	8.9	0	0	1.8	0	0	8.9	72.9	84.1	38.4	61.25	34.7	34.3	99.9	99.9	99.9	99.9	99.9	81.4	99.7	99.9	99.9	95.3	-19.1572	-5.89658	175.093	3.52559	8.5331	-143.414	
1.38	6.6	0	3.9	8.9	0	0	1.8	0	0	8.9	72.9	84.1	38.4	61.25	34.7	34.3	99.9	99.9	99.9	99.9	99.9	81.4	99.7	99.9	99.9	95.3	-19.1572	-5.89658	175.093	3.52559	8.5331	-143.414	
1.39	6.6	0	3.9	8.9	0	0	1.8	0	0	8.9	72.9	84.1	38.4	61.25	34.7	34.3	99.9	99.9	99.9	99.9	99.9	81.4	99.7	99.9	99.9	95.3	-19.1572	-5.89658	175.093	3.52559	8.5331	-143.414	
1.4	6.6	0	3.9	8.9	0	0	1.8	0	0	8.9	72.9	84.1	38.4	61.25	34.7	34.3	99.9	99.9	99.9	99.9	99.9	81.4	99.7	99.9	99.9	95.3	-19.1572	-5.89658	175.093	3.52559	8.5331	-143.414	
1.41	6.6	0	3.9	8.9	0	0	1.8	0	0	8.9	72.9	84.1	38.4	61.25	34.7	34.3	99.9	99.9	99.9	99.9	99.9	81.4	99.7	99.9	99.9	95.3	-19.1572	-5.89658	175.093	3.52559	8.5331	-143.414	
1.42	6.6	0	3.9	8.9	0	0	1.8	0	0	8.9	72.9	84.1	38.4	61.25	34.7	34.3	99.9	99.9	99.9	99.9	99.9	81.4	99.7	99.9	99.9	95.3	-19.1572	-5.89658	175.093	3.52559	8.5331	-143.414	
1.43	6.6	0	3.9	8.9	0	0	1.8	0	0	8.9	72.9	84.1	38.4	61.25	34.7	34.3	99.9	99.9	99.9	99.9	99.9	81.4	99.7	99.9	99.9	95.3	-19.1572	-5.89658	175.093	3.52559	8.5331	-143.414	
1.44	6.6	0	3.9	8.9	0	0	1.8	0	0	8.9	72.9	84.1	38.4	61.25	34.7	34.3	99.9	99.9	99.9	99.9	99.9	81.4	99.7	99.9	99.9	95.3	-19.1572	-5.89658	175.093	3.52559	8.5331	-143.414	
1.45	6.6	0	3.9	8.9	0	0	1.8	0	0	8.9	72.9	84.1	38.4	61.25	34.7	34.3	99.9	99.9	99.9	99.9	99.9	81.4	99.7	99.9	99.9	95.3	-19.1572	-5.89658	175.093	3.52559	8.5331	-143.414	
1.46	6.6	0	3.9	8.9	0	0	1.8	0	0	8.9	72.9	84.1	38.4	61.25	34.7	34.3	99.9	99.9	99.9	99.9	99.9	81.4	99.7	99.9	99.9	95.3	-19.1572	-5.89658	175.093	3.52559	8.5331	-143.414	
1.47	6.6	0	3.9	8.9	0	0	1.8	0	0	8.9	72.9	84.1	38.4	61.25	34.7	34.3	99.9	99.9	99.9	99.9	99.9	81.4	99.7	99.9	99.9	95.3	-19.1572	-5.89658	175.093	3.52559	8.5331	-143.414	
1.48	6.6	0	3.9	8.9	0	0	1.8	0	0	8.9	72.9	84.1	38.4	61.25	34.7	34.3	99.9	99.9	99.9	99.9	99.9	81.4	99.7	99.9	99.9	95.3	-19.1572	-5.89658	175.093	3.52559	8.5331	-143.414	
1.49	6.6	0	3.9	8.9	0	0	1.8	0	0	8.9	72.9	84.1	38.4	61.25	34.7	34.3	99.9	99.9	99.9	99.9	99.9	81.4	99.7	99.9	99.9	95.3	-19.1572	-5.89658	175.093	3.52559	8.5331	-143.414	
1.5	6.6	0	3.9	8.9	0	0	1.8	0	0	8.9	72.9	84.1	38.4	61.25	34.7	34.3	99.9	99.9	99.9	99.9	99.9	81.4	99.7	99.9	99.9	95.3	-19.1572	-5.89658	175.093	3.52559	8.5331	-143.414	
1.51	6.7	0	4.5	8.9	0	0	2	0	0	9.1	73	83.6	38.2	60.9	34.8	34.1	100	99.9	99.9	99.9	99.9	86.3	99.7	99.9	99.9	95.6	-19.3368	-5.71863	175.117	2.59593	8.41714	-143.52	
1.52	6.7	0	4.5	8.9	0	0	2	0	0	9.1	73	83.6	38.2	60.9	34.8	34.1	100	99.9	99.9	99.9	99.9	86.3	99.7	99.9	99.9	95.6	-19.3368	-5.71863	175.117	2.59593	8.41714	-143.52	
1.53	6.7	0	4.5	8.9	0	0	2	0	0	9.1	73	83.6	38.2	60.9	34.8	34.1	100	99.9	99.9	99.9	99.9	86.3	99.7	99.9	99.9	95.6	-19.3368	-5.71863	175.117	2.59593	8.41714	-143.52	
1.54	6.7	0	4.5	8.9	0	0	2	0	0	9.1	73	83.6	38.2	60.9	34.8	34.1	100	99.9	99.9	99.9	99.9	86.3	99.7	99.9	99.9	95.6	-19.3368	-5.71863	175.117	2.59593	8.41714	-143.52	
1.55	6.7	0	4.5	8.9	0	0	2	0	0	9.1	73	83.6	38.2	60.9	34.8	34.1	100	99.9	99.9	99.9	99.9	86.3	99.7	99.9	99.9	95.6	-19.3368	-5.71863	175.117	2.59593	8.41714	-143.52	
1.56	6.7	0	4.5	8.9	0	0	2	0	0	9.1	73	83.6	38.2	60.9	34.8	34.1	100	99.9	99.9	99.9	99.9	86.3	99.7	99.9	99.9	95.6	-19.3368	-5.71863	175.117	2.59593	8.41714	-143.52	
1.57	6.7	0	4.5	8.9	0	0	2	0	0	9.1	73	83.6	38.2	60.9	34.8	34.1	100	99.9	99.9	99.9	99.9	86.3	99.7	99.9	99.9	95.6	-19.3368	-5.71863	175.117	2.59593	8.41714	-143.52	
1.58	6.7	0	4.5	8.9	0	0	2	0	0	9.1	73	83.6	38.2	60.9	34.8	34.1	100	99.9	99.9	99.9	99.9	86.3	99.7	99.9	99.9	95.6	-19.3368	-5.71863	175.117	2.59593	8.41714	-143.52	
1.59	6.7	0	4.5	8.9	0	0	2	0	0	9.1	73	83.6	38.2	60.9	34.8	34.1	100	99.9	99.9	99.9	99.9	86.3	99.7	99.9	99.9	95.6	-19.3368	-5.71863	175.117	2.59593	8.41714	-143.52	
1.6	6.7	0	4.5	8.9	0	0	2	0	0	9.1	73	83.6	38.2	60.9	34.8	34.1	100	99.9	99.9	99.9	99.9	86.3	99.7	99.9	99.9	95.6	-19.3368	-5.71863	175.117	2.59593	8.41714	-143.52	
1.61	6.7	0	4.5	8.9	0	0	2	0	0	9.1	73	83.6	38.2	60.9	34.8	34.1	100	99.9	99.9	99.9	99.9	86.3	99.7	99.9	99.9	95.6	-19.3368	-5.71863	175.117	2.59593	8.41714	-143.52	
1.62	6.7	0	4.5	8.9	0	0	2	0	0	9.1	73	83.6	38.2	60.9	34.8	34.1	100	99.9	99.9	99.9	99.9	86.3	99.7	99.9	99.9	95.6	-19.3368	-5.71863	175.117	2.59593	8.41714	-143.52	
1.63	6.7	0	4.5	8.9	0	0	2	0	0	9.1	73	83.6	38.2	60.9	34.8	34.1	100	99.9	99.9	99.9	99.9	86.3	99.7	99.9	99.9	95.6	-19.3368	-5.71863	175.117	2.59593	8.41714	-143.52	
1.64	6.7	0	4.5	8.9	0	0	2	0	0	9.1	73	83.6	38.2	60.9	34.8	34.1	100	99.9	99.9	99.9	99.9	86.3	99.7	99.9	99.9	95.6	-19.3368	-5.71863	175.117	2.59593	8.41714	-143.52	
1.65	6.7	0	4.5	8.9	0	0	2	0	0	9.1	73	83.6	38.2	60.9	34.8	34.1	100	99.9	99.9	99.9	99.9	86.3	99.7	99.9	99.9	95.6	-19.3368	-5.71863	175.117	2.59593	8.41714	-143.52	
1.66	6.7	0	4.5	8.9	0	0	2	0	0	9.1	73	83.6	38.2	60.9	34.8	34.1	100	99.9	99.9	99.9	99.9	86.3	99.7	99.9	99.9	95.6	-19.3368	-5.71863	175.117	2.59593	8.41714	-143.52	
1.67	6.7	0	4.5	8.9	0	0	2	0	0	9.1	73	83.6	38.2	60.9	34.8	34.1	100	99.9	99.9	99.9	99.9	86.3	99.7	99.9	99.9	95.6	-19.3368	-5.71863	175.117	2.59593	8.41714	-143.52	
1.68	6.7	0	4.5	8.9	0	0	2	0	0	9.1	73	83.6	38.2	60.9	34.8	34.1	100	99.9	99.9	99.9	99.9	86.3	99.7	99.9	99.9	95.6	-19.3368	-5.71863	175.117	2.59593	8.41714	-143.52	
