Hora de inicio de la toma de datos: 12:04:00
AT(s)	F1.1	F1.2	F2.1	F2.2	F3.1	F3.2	F4.1	F4.2	F5.1	F5.2	ABD1	ABD2	ABD3	ABD4	PA	TCO	P1	P2	P3	P4	P5	P6	P7	P8	P9	P10	HRoll	HPitch	HYaw	WRoll	WPitch	WYaw	
0.01	4.6	0	7.7	6.4	4.2	0	2.2	0	0	0	0	10.1	8.2	9.15	23.5	26.9	99.9	99.9	99.9	93	99.9	98.7	99.9	99.8	99.5	99.8	-14.9566	-15.9183	37.9268	0.454021	11.0813	86.6889	
0.02	4.6	0	7.7	6.4	4.2	0	2.2	0	0	0	0	10.1	8.2	9.15	23.5	26.9	99.9	99.9	99.9	93	99.9	98.7	99.9	99.8	99.5	99.8	-14.9566	-15.9183	37.9268	0.454021	11.0813	86.6889	
0.03	4.6	0	7.7	6.4	4.2	0	2.2	0	0	0	0	10.1	8.2	9.15	23.5	26.9	99.9	99.9	99.9	93	99.9	98.7	99.9	99.8	99.5	99.8	-14.9566	-15.9183	37.9268	0.454021	11.0813	86.6889	
0.04	4.6	0	7.7	6.4	4.2	0	2.2	0	0	0	0	10.1	8.2	9.15	23.5	26.9	99.9	99.9	99.9	93	99.9	98.7	99.9	99.8	99.5	99.8	-14.9566	-15.9183	37.9268	0.454021	11.0813	86.6889	
0.05	4.6	0	7.7	6.4	4.2	0	2.2	0	0	0	0	10.1	8.2	9.15	23.5	26.9	99.9	99.9	99.9	93	99.9	98.7	99.9	99.8	99.5	99.8	-14.9566	-15.9183	37.9268	0.454021	11.0813	86.6889	
0.06	4.6	0	7.7	6.4	4.2	0	2.2	0	0	0	0	10.1	8.2	9.15	23.5	26.9	99.9	99.9	99.9	93	99.9	98.7	99.9	99.8	99.5	99.8	-14.9566	-15.9183	37.9268	0.454021	11.0813	86.6889	
0.07	4.6	0	7.7	6.4	4.2	0	2.2	0	0	0	0	10.1	8.2	9.15	23.5	26.9	99.9	99.9	99.9	93	99.9	98.7	99.9	99.8	99.5	99.8	-14.9566	-15.9183	37.9268	0.454021	11.0813	86.6889	
0.08	4.6	0	7.7	6.4	4.2	0	2.2	0	0	0	0	10.1	8.2	9.15	23.5	26.9	99.9	99.9	99.9	93	99.9	98.7	99.9	99.8	99.5	99.8	-14.9566	-15.9183	37.9268	0.454021	11.0813	86.6889	
0.09	4.6	0	7.7	6.4	4.2	0	2.2	0	0	0	0	10.1	8.2	9.15	23.5	26.9	99.9	99.9	99.9	93	99.9	98.7	99.9	99.8	99.5	99.8	-14.9566	-15.9183	37.9268	0.454021	11.0813	86.6889	
0.1	4.6	0	7.7	6.4	4.2	0	2.2	0	0	0	0	10.1	8.2	9.15	23.5	26.9	99.9	99.9	99.9	93	99.9	98.7	99.9	99.8	99.5	99.8	-14.9566	-15.9183	37.9268	0.454021	11.0813	86.6889	
0.11	4.6	0	7.7	6.4	4.2	0	2.2	0	0	0	0	10.1	8.2	9.15	23.5	26.9	99.9	99.9	99.9	93	99.9	98.7	99.9	99.8	99.5	99.8	-14.9566	-15.9183	37.9268	0.454021	11.0813	86.6889	
0.12	4.6	0	7.7	6.4	4.2	0	2.2	0	0	0	0	10.1	8.2	9.15	23.5	26.9	99.9	99.9	99.9	93	99.9	98.7	99.9	99.8	99.5	99.8	-14.9566	-15.9183	37.9268	0.454021	11.0813	86.6889	
0.13	4.6	0	7.7	6.4	4.2	0	2.2	0	0	0	0	10.1	8.2	9.15	23.5	26.9	99.9	99.9	99.9	93	99.9	98.7	99.9	99.8	99.5	99.8	-14.9566	-15.9183	37.9268	0.454021	11.0813	86.6889	
0.14	4.6	0	7.7	6.4	4.2	0	2.2	0	0	0	0	10.1	8.2	9.15	23.5	26.9	99.9	99.9	99.9	93	99.9	98.7	99.9	99.8	99.5	99.8	-14.9566	-15.9183	37.9268	0.454021	11.0813	86.6889	
0.15	4.6	0	7.7	6.4	4.2	0	2.2	0	0	0	0	10.1	8.2	9.15	23.5	26.9	99.9	99.9	99.9	93	99.9	98.7	99.9	99.8	99.5	99.8	-14.9566	-15.9183	37.9268	0.454021	11.0813	86.6889	
0.16	4.6	0	7.7	6.4	4.2	0	2.2	0	0	0	0	10.1	8.2	9.15	23.5	26.9	99.9	99.9	99.9	93	99.9	98.7	99.9	99.8	99.5	99.8	-14.9566	-15.9183	37.9268	0.454021	11.0813	86.6889	
0.171	4.6	0	7.7	6.4	4.2	0	2.2	0	0	0	0	10.1	8.2	9.15	23.5	26.9	99.9	99.9	99.9	93	99.9	98.7	99.9	99.8	99.5	99.8	-14.9566	-15.9183	37.9268	0.454021	11.0813	86.6889	
0.181	4.6	0	7.7	6.4	4.2	0	2.2	0	0	0	0	10.1	8.2	9.15	23.5	26.9	99.9	99.9	99.9	93	99.9	98.7	99.9	99.8	99.5	99.8	-14.9566	-15.9183	37.9268	0.454021	11.0813	86.6889	
0.191	4.6	0	7.7	6.4	4.2	0	2.2	0	0	0	0	10.1	8.2	9.15	23.5	26.9	99.9	99.9	99.9	93	99.9	98.7	99.9	99.8	99.5	99.8	-14.9566	-15.9183	37.9268	0.454021	11.0813	86.6889	
0.201	4.6	0	7.7	6.4	4.2	0	2.2	0	0	0	0	10.1	8.2	9.15	23.5	26.9	99.9	99.9	99.9	93	99.9	98.7	99.9	99.8	99.5	99.8	-14.9566	-15.9183	37.9268	0.454021	11.0813	86.6889	
0.211	4.6	0	7.7	6.4	4.2	0	2.2	0	0	0	0	10.1	8.2	9.15	23.5	26.9	99.9	99.9	99.9	93	99.9	98.7	99.9	99.8	99.5	99.8	-14.9566	-15.9183	37.9268	0.454021	11.0813	86.6889	
0.221	4.3	0	7.5	6.7	4	0	2.1	0	0	0	0	8.2	8.4	8.3	23.5	27	100	99.9	99.9	96.4	99.9	97.8	99.6	99.9	99.9	99.9	-15.6337	-15.3188	38.2287	0.549937	10.9627	85.9938	
0.231	4.3	0	7.5	6.7	4	0	2.1	0	0	0	0	8.2	8.4	8.3	23.5	27	100	99.9	99.9	96.4	99.9	97.8	99.6	99.9	99.9	99.9	-15.6337	-15.3188	38.2287	0.549937	10.9627	85.9938	
0.241	4.3	0	7.5	6.7	4	0	2.1	0	0	0	0	8.2	8.4	8.3	23.5	27	100	99.9	99.9	96.4	99.9	97.8	99.6	99.9	99.9	99.9	-15.6337	-15.3188	38.2287	0.549937	10.9627	85.9938	
0.251	4.3	0	7.5	6.7	4	0	2.1	0	0	0	0	8.2	8.4	8.3	23.5	27	100	99.9	99.9	96.4	99.9	97.8	99.6	99.9	99.9	99.9	-15.6337	-15.3188	38.2287	0.549937	10.9627	85.9938	
0.261	4.3	0	7.5	6.7	4	0	2.1	0	0	0	0	8.2	8.4	8.3	23.5	27	100	99.9	99.9	96.4	99.9	97.8	99.6	99.9	99.9	99.9	-15.6337	-15.3188	38.2287	0.549937	10.9627	85.9938	
0.271	4.3	0	7.5	6.7	4	0	2.1	0	0	0	0	8.2	8.4	8.3	23.5	27	100	99.9	99.9	96.4	99.9	97.8	99.6	99.9	99.9	99.9	-15.6337	-15.3188	38.2287	0.549937	10.9627	85.9938	
0.281	4.3	0	7.5	6.7	4	0	2.1	0	0	0	0	8.2	8.4	8.3	23.5	27	100	99.9	99.9	96.4	99.9	97.8	99.6	99.9	99.9	99.9	-15.6337	-15.3188	38.2287	0.549937	10.9627	85.9938	
0.29	4.3	0	7.5	6.7	4	0	2.1	0	0	0	0	8.2	8.4	8.3	23.5	27	100	99.9	99.9	96.4	99.9	97.8	99.6	99.9	99.9	99.9	-15.6337	-15.3188	38.2287	0.549937	10.9627	85.9938	
0.3	4.3	0	7.5	6.7	4	0	2.1	0	0	0	0	8.2	8.4	8.3	23.5	27	100	99.9	99.9	96.4	99.9	97.8	99.6	99.9	99.9	99.9	-15.6337	-15.3188	38.2287	0.549937	10.9627	85.9938	
0.31	4.3	0	7.5	6.7	4	0	2.1	0	0	0	0	8.2	8.4	8.3	23.5	27	100	99.9	99.9	96.4	99.9	97.8	99.6	99.9	99.9	99.9	-15.6337	-15.3188	38.2287	0.549937	10.9627	85.9938	
0.32	4.3	0	7.5	6.7	4	0	2.1	0	0	0	0	8.2	8.4	8.3	23.5	27	100	99.9	99.9	96.4	99.9	97.8	99.6	99.9	99.9	99.9	-15.6337	-15.3188	38.2287	0.549937	10.9627	85.9938	
0.33	4.3	0	7.5	6.7	4	0	2.1	0	0	0	0	8.2	8.4	8.3	23.5	27	100	99.9	99.9	96.4	99.9	97.8	99.6	99.9	99.9	99.9	-15.6337	-15.3188	38.2287	0.549937	10.9627	85.9938	
0.34	4.3	0	7.5	6.7	4	0	2.1	0	0	0	0	8.2	8.4	8.3	23.5	27	100	99.9	99.9	96.4	99.9	97.8	99.6	99.9	99.9	99.9	-15.6337	-15.3188	38.2287	0.549937	10.9627	85.9938	
0.35	4.3	0	7.5	6.7	4	0	2.1	0	0	0	0	8.2	8.4	8.3	23.5	27	100	99.9	99.9	96.4	99.9	97.8	99.6	99.9	99.9	99.9	-15.6337	-15.3188	38.2287	0.549937	10.9627	85.9938	
0.36	4.3	0	7.5	6.7	4	0	2.1	0	0	0	0	8.2	8.4	8.3	23.5	27	100	99.9	99.9	96.4	99.9	97.8	99.6	99.9	99.9	99.9	-15.6337	-15.3188	38.2287	0.549937	10.9627	85.9938	
0.37	4.3	0	7.5	6.7	4	0	2.1	0	0	0	0	8.2	8.4	8.3	23.5	27	100	99.9	99.9	96.4	99.9	97.8	99.6	99.9	99.9	99.9	-15.6337	-15.3188	38.2287	0.549937	10.9627	85.9938	
0.38	4.3	0	7.5	6.7	4	0	2.1	0	0	0	0	8.2	8.4	8.3	23.5	27	100	99.9	99.9	96.4	99.9	97.8	99.6	99.9	99.9	99.9	-15.6337	-15.3188	38.2287	0.549937	10.9627	85.9938	
0.39	4.3	0	7.5	6.7	4	0	2.1	0	0	0	0	8.2	8.4	8.3	23.5	27	100	99.9	99.9	96.4	99.9	97.8	99.6	99.9	99.9	99.9	-15.6337	-15.3188	38.2287	0.549937	10.9627	85.9938	
0.4	4.3	0	7.5	6.7	4	0	2.1	0	0	0	0	8.2	8.4	8.3	23.5	27	100	99.9	99.9	96.4	99.9	97.8	99.6	99.9	99.9	99.9	-15.6337	-15.3188	38.2287	0.549937	10.9627	85.9938	
0.41	4.3	0	7.5	6.7	4	0	2.1	0	0	0	0	8.2	8.4	8.3	23.5	27	100	99.9	99.9	96.4	99.9	97.8	99.6	99.9	99.9	99.9	-15.6337	-15.3188	38.2287	0.549937	10.9627	85.9938	
0.42	4.3	0	7.5	6.7	4	0	2.1	0	0	0	0	8.2	8.4	8.3	23.5	27	100	99.9	99.9	96.4	99.9	97.8	99.6	99.9	99.9	99.9	-15.6337	-15.3188	38.2287	0.549937	10.9627	85.9938	
0.43	4.3	0	7.5	6.7	4	0	2.1	0	0	0	0	8.2	8.4	8.3	23.5	27	100	99.9	99.9	96.4	99.9	97.8	99.6	99.9	99.9	99.9	-15.6337	-15.3188	38.2287	0.549937	10.9627	85.9938	
0.44	4.3	0	7.5	6.7	4	0	2.1	0	0	0	0	8.2	8.4	8.3	23.5	27	100	99.9	99.9	96.4	99.9	97.8	99.6	99.9	99.9	99.9	-15.6337	-15.3188	38.2287	0.549937	10.9627	85.9938	
0.45	4.3	0	7.5	6.7	4	0	2.1	0	0	0	0	8.2	8.4	8.3	23.5	27	100	99.9	99.9	96.4	99.9	97.8	99.6	99.9	99.9	99.9	-15.6337	-15.3188	38.2287	0.549937	10.9627	85.9938	
0.46	4.3	0	7.5	6.7	4	0	2.1	0	0	0	0	8.2	8.4	8.3	23.5	27	100	99.9	99.9	96.4	99.9	97.8	99.6	99.9	99.9	99.9	-15.6337	-15.3188	38.2287	0.549937	10.9627	85.9938	
0.47	4.3	0	7.5	6.7	4	0	2.1	0	0	0	0	8.2	8.4	8.3	23.5	27	100	99.9	99.9	96.4	99.9	97.8	99.6	99.9	99.9	99.9	-15.6337	-15.3188	38.2287	0.549937	10.9627	85.9938	
0.48	4.3	0	7.5	6.7	4	0	2.1	0	0	0	0	8.2	8.4	8.3	23.5	27	100	99.9	99.9	96.4	99.9	97.8	99.6	99.9	99.9	99.9	-15.6337	-15.3188	38.2287	0.549937	10.9627	85.9938	
0.49	4.3	0	7.5	6.7	4	0	2.1	0	0	0	0	8.2	8.4	8.3	23.5	27	100	99.9	99.9	96.4	99.9	97.8	99.6	99.9	99.9	99.9	-15.6337	-15.3188	38.2287	0.549937	10.9627	85.9938	
0.5	4.3	0	7.5	6.7	4	0	2.1	0	0	0	0	8.2	8.4	8.3	23.5	27	100	99.9	99.9	96.4	99.9	97.8	99.6	99.9	99.9	99.9	-15.6337	-15.3188	38.2287	0.549937	10.9627	85.9938	
0.51	4.3	0	7.5	6.7	4	0	2.1	0	0	0	0	8.2	8.4	8.3	23.5	27	100	99.9	99.9	96.4	99.9	97.8	99.6	99.9	99.9	99.9	-15.6337	-15.3188	38.2287	0.549937	10.9627	85.9938	
0.52	4.3	0	7.5	6.7	4	0	2.1	0	0	0	0	8.2	8.4	8.3	23.5	27	100	99.9	99.9	96.4	99.9	97.8	99.6	99.9	99.9	99.9	-15.6337	-15.3188	38.2287	0.549937	10.9627	85.9938	
0.53	4.3	0	7.5	6.7	4	0	2.1	0	0	0	0	8.2	8.4	8.3	23.5	27	100	99.9	99.9	96.4	99.9	97.8	99.6	99.9	99.9	99.9	-15.6337	-15.3188	38.2287	0.549937	10.9627	85.9938	
0.54	4.3	0	7.5	6.7	4	0	2.1	0	0	0	0	8.2	8.4	8.3	23.5	27	100	99.9	99.9	96.4	99.9	97.8	99.6	99.9	99.9	99.9	-15.6337	-15.3188	38.2287	0.549937	10.9627	85.9938	
0.55	4.3	0	7.5	6.7	4	0	2.1	0	0	0	0	8.2	8.4	8.3	23.5	27	100	99.9	99.9	96.4	99.9	97.8	99.6	99.9	99.9	99.9	-15.6337	-15.3188	38.2287	0.549937	10.9627	85.9938	
0.56	4.3	0	7.5	6.7	4	0	2.1	0	0	0	0	8.2	8.4	8.3	23.5	27	100	99.9	99.9	96.4	99.9	97.8	99.6	99.9	99.9	99.9	-15.6337	-15.3188	38.2287	0.549937	10.9627	85.9938	
0.57	4.3	0	7.5	6.7	4	0	2.1	0	0	0	0	8.2	8.4	8.3	23.5	27	100	99.9	99.9	96.4	99.9	97.8	99.6	99.9	99.9	99.9	-15.6337	-15.3188	38.2287	0.549937	10.9627	85.9938	
0.58	4.3	0	7.5	6.7	4	0	2.1	0	0	0	0	8.2	8.4	8.3	23.5	27	100	99.9	99.9	96.4	99.9	97.8	99.6	99.9	99.9	99.9	-15.6337	-15.3188	38.2287	0.549937	10.9627	85.9938	
0.59	3.2	0	7.1	6.3	3.7	0	2.2	0	0	0	0	6.1	10.3	8.2	23.1	26.7	100	88.6	99.9	96.5	99.9	97.8	99.5	99.7	99.9	99.9	-14.9082	-16.667	38.3611	0.625987	11.9421	86.0696	
0.6	3.2	0	7.1	6.3	3.7	0	2.2	0	0	0	0	6.1	10.3	8.2	23.1	26.7	100	88.6	99.9	96.5	99.9	97.8	99.5	99.7	99.9	99.9	-14.9082	-16.667	38.3611	0.625987	11.9421	86.0696	
0.61	3.2	0	7.1	6.3	3.7	0	2.2	0	0	0	0	6.1	10.3	8.2	23.1	26.7	100	88.6	99.9	96.5	99.9	97.8	99.5	99.7	99.9	99.9	-14.9082	-16.667	38.3611	0.625987	11.9421	86.0696	
0.62	3.2	0	7.1	6.3	3.7	0	2.2	0	0	0	0	6.1	10.3	8.2	23.1	26.7	100	88.6	99.9	96.5	99.9	97.8	99.5	99.7	99.9	99.9	-14.9082	-16.667	38.3611	0.625987	11.9421	86.0696	
0.63	3.2	0	7.1	6.3	3.7	0	2.2	0	0	0	0	6.1	10.3	8.2	23.1	26.7	100	88.6	99.9	96.5	99.9	97.8	99.5	99.7	99.9	99.9	-14.9082	-16.667	38.3611	0.625987	11.9421	86.0696	
0.64	3.2	0	7.1	6.3	3.7	0	2.2	0	0	0	0	6.1	10.3	8.2	23.1	26.7	100	88.6	99.9	96.5	99.9	97.8	99.5	99.7	99.9	99.9	-14.9082	-16.667	38.3611	0.625987	11.9421	86.0696	
0.65	3.2	0	7.1	6.3	3.7	0	2.2	0	0	0	0	6.1	10.3	8.2	23.1	26.7	100	88.6	99.9	96.5	99.9	97.8	99.5	99.7	99.9	99.9	-14.9082	-16.667	38.3611	0.625987	11.9421	86.0696	
0.66	3.2	0	7.1	6.3	3.7	0	2.2	0	0	0	0	6.1	10.3	8.2	23.1	26.7	100	88.6	99.9	96.5	99.9	97.8	99.5	99.7	99.9	99.9	-14.9082	-16.667	38.3611	0.625987	11.9421	86.0696	
0.67	3.2	0	7.1	6.3	3.7	0	2.2	0	0	0	0	6.1	10.3	8.2	23.1	26.7	100	88.6	99.9	96.5	99.9	97.8	99.5	99.7	99.9	99.9	-14.9082	-16.667	38.3611	0.625987	11.9421	86.0696	
0.68	3.2	0	7.1	6.3	3.7	0	2.2	0	0	0	0	6.1	10.3	8.2	23.1	26.7	100	88.6	99.9	96.5	99.9	97.8	99.5	99.7	99.9	99.9	-14.9082	-16.667	38.3611	0.625987	11.9421	86.0696	
0.69	3.2	0	7.1	6.3	3.7	0	2.2	0	0	0	0	6.1	10.3	8.2	23.1	26.7	100	88.6	99.9	96.5	99.9	97.8	99.5	99.7	99.9	99.9	-14.9082	-16.667	38.3611	0.625987	11.9421	86.0696	
0.7	3.2	0	7.1	6.3	3.7	0	2.2	0	0	0	0	6.1	10.3	8.2	23.1	26.7	100	88.6	99.9	96.5	99.9	97.8	99.5	99.7	99.9	99.9	-14.9082	-16.667	38.3611	0.625987	11.9421	86.0696	
0.71	3.2	0	7.1	6.3	3.7	0	2.2	0	0	0	0	6.1	10.3	8.2	23.1	26.7	100	88.6	99.9	96.5	99.9	97.8	99.5	99.7	99.9	99.9	-14.9082	-16.667	38.3611	0.625987	11.9421	86.0696	
0.72	3.2	0	7.1	6.3	3.7	0	2.2	0	0	0	0	6.1	10.3	8.2	23.1	26.7	100	88.6	99.9	96.5	99.9	97.8	99.5	99.7	99.9	99.9	-14.9082	-16.667	38.3611	0.625987	11.9421	86.0696	
0.73	3.2	0	7.1	6.3	3.7	0	2.2	0	0	0	0	6.1	10.3	8.2	23.1	26.7	100	88.6	99.9	96.5	99.9	97.8	99.5	99.7	99.9	99.9	-14.9082	-16.667	38.3611	0.625987	11.9421	86.0696	
0.74	3.2	0	7.1	6.3	3.7	0	2.2	0	0	0	0	6.1	10.3	8.2	23.1	26.7	100	88.6	99.9	96.5	99.9	97.8	99.5	99.7	99.9	99.9	-14.9082	-16.667	38.3611	0.625987	11.9421	86.0696	
0.75	3.2	0	7.1	6.3	3.7	0	2.2	0	0	0	0	6.1	10.3	8.2	23.1	26.7	100	88.6	99.9	96.5	99.9	97.8	99.5	99.7	99.9	99.9	-14.9082	-16.667	38.3611	0.625987	11.9421	86.0696	
0.76	3.2	0	7.1	6.3	3.7	0	2.2	0	0	0	0	6.1	10.3	8.2	23.1	26.7	100	88.6	99.9	96.5	99.9	97.8	99.5	99.7	99.9	99.9	-14.9082	-16.667	38.3611	0.625987	11.9421	86.0696	
0.77	3.2	0	7.1	6.3	3.7	0	2.2	0	0	0	0	6.1	10.3	8.2	23.1	26.7	100	88.6	99.9	96.5	99.9	97.8	99.5	99.7	99.9	99.9	-14.9082	-16.667	38.3611	0.625987	11.9421	86.0696	
0.78	3.2	0	7.1	6.3	3.7	0	2.2	0	0	0	0	6.1	10.3	8.2	23.1	26.7	100	88.6	99.9	96.5	99.9	97.8	99.5	99.7	99.9	99.9	-14.9082	-16.667	38.3611	0.625987	11.9421	86.0696	
0.79	3.2	0	7.1	6.3	3.7	0	2.2	0	0	0	0	6.1	10.3	8.2	23.1	26.7	100	88.6	99.9	96.5	99.9	97.8	99.5	99.7	99.9	99.9	-14.9082	-16.667	38.3611	0.625987	11.9421	86.0696	
0.8	3.2	0	7.1	6.3	3.7	0	2.2	0	0	0	0	6.1	10.3	8.2	23.1	26.7	100	88.6	99.9	96.5	99.9	97.8	99.5	99.7	99.9	99.9	-14.9082	-16.667	38.3611	0.625987	11.9421	86.0696	
0.81	3.2	0	7.1	6.3	3.7	0	2.2	0	0	0	0	6.1	10.3	8.2	23.1	26.7	100	88.6	99.9	96.5	99.9	97.8	99.5	99.7	99.9	99.9	-14.9082	-16.667	38.3611	0.625987	11.9421	86.0696	
0.82	3.2	0	7.1	6.3	3.7	0	2.2	0	0	0	0	6.1	10.3	8.2	23.1	26.7	100	88.6	99.9	96.5	99.9	97.8	99.5	99.7	99.9	99.9	-14.9082	-16.667	38.3611	0.625987	11.9421	86.0696	
0.83	3.2	0	7.1	6.3	3.7	0	2.2	0	0	0	0	6.1	10.3	8.2	23.1	26.7	100	88.6	99.9	96.5	99.9	97.8	99.5	99.7	99.9	99.9	-14.9082	-16.667	38.3611	0.625987	11.9421	86.0696	
0.84	3.2	0	7.1	6.3	3.7	0	2.2	0	0	0	0	6.1	10.3	8.2	23.1	26.7	100	88.6	99.9	96.5	99.9	97.8	99.5	99.7	99.9	99.9	-14.9082	-16.667	38.3611	0.625987	11.9421	86.0696	
0.85	3.2	0	7.1	6.3	3.7	0	2.2	0	0	0	0	6.1	10.3	8.2	23.1	26.7	100	88.6	99.9	96.5	99.9	97.8	99.5	99.7	99.9	99.9	-14.9082	-16.667	38.3611	0.625987	11.9421	86.0696	
0.86	3.2	0	7.1	6.3	3.7	0	2.2	0	0	0	0	6.1	10.3	8.2	23.1	26.7	100	88.6	99.9	96.5	99.9	97.8	99.5	99.7	99.9	99.9	-14.9082	-16.667	38.3611	0.625987	11.9421	86.0696	
0.87	3.2	0	7.1	6.3	3.7	0	2.2	0	0	0	0	6.1	10.3	8.2	23.1	26.7	100	88.6	99.9	96.5	99.9	97.8	99.5	99.7	99.9	99.9	-14.9082	-16.667	38.3611	0.625987	11.9421	86.0696	
0.88	3.2	0	7.1	6.3	3.7	0	2.2	0	0	0	0	6.1	10.3	8.2	23.1	26.7	100	88.6	99.9	96.5	99.9	97.8	99.5	99.7	99.9	99.9	-14.9082	-16.667	38.3611	0.625987	11.9421	86.0696	
0.89	3.2	0	7.1	6.3	3.7	0	2.2	0	0	0	0	6.1	10.3	8.2	23.1	26.7	100	88.6	99.9	96.5	99.9	97.8	99.5	99.7	99.9	99.9	-14.9082	-16.667	38.3611	0.625987	11.9421	86.0696	
0.9	3.2	0	7.1	6.3	3.7	0	2.2	0	0	0	0	6.1	10.3	8.2	23.1	26.7	100	88.6	99.9	96.5	99.9	97.8	99.5	99.7	99.9	99.9	-14.9082	-16.667	38.3611	0.625987	11.9421	86.0696	
0.91	3.2	0	7.1	6.3	3.7	0	2.2	0	0	0	0	6.1	10.3	8.2	23.1	26.7	100	88.6	99.9	96.5	99.9	97.8	99.5	99.7	99.9	99.9	-14.9082	-16.667	38.3611	0.625987	11.9421	86.0696	
0.92	3.2	0	7.1	6.3	3.7	0	2.2	0	0	0	0	6.1	10.3	8.2	23.1	26.7	100	88.6	99.9	96.5	99.9	97.8	99.5	99.7	99.9	99.9	-14.9082	-16.667	38.3611	0.625987	11.9421	86.0696	
0.93	3.2	0	7.1	6.3	3.7	0	2.2	0	0	0	0	6.1	10.3	8.2	23.1	26.7	100	88.6	99.9	96.5	99.9	97.8	99.5	99.7	99.9	99.9	-14.9082	-16.667	38.3611	0.625987	11.9421	86.0696	
0.94	3.2	0	7.1	6.3	3.7	0	2.2	0	0	0	0	6.1	10.3	8.2	23.1	26.7	100	88.6	99.9	96.5	99.9	97.8	99.5	99.7	99.9	99.9	-14.9082	-16.667	38.3611	0.625987	11.9421	86.0696	
0.95	3.2	0	7.1	6.3	3.7	0	2.2	0	0	0	0	6.1	10.3	8.2	23.1	26.7	100	88.6	99.9	96.5	99.9	97.8	99.5	99.7	99.9	99.9	-14.9082	-16.667	38.3611	0.625987	11.9421	86.0696	
0.96	2.8	0	7.2	6.5	3.2	0	2.1	0	0	0	0	4.6	12.8	8.7	23.2	26.6	100	93.7	99.9	96.5	99.9	98.4	99.6	99.7	99.9	99.9	-15.2574	-15.9346	38.5096	0.476975	11.1617	85.648	
0.97	2.8	0	7.2	6.5	3.2	0	2.1	0	0	0	0	4.6	12.8	8.7	23.2	26.6	100	93.7	99.9	96.5	99.9	98.4	99.6	99.7	99.9	99.9	-15.2574	-15.9346	38.5096	0.476975	11.1617	85.648	
0.98	2.8	0	7.2	6.5	3.2	0	2.1	0	0	0	0	4.6	12.8	8.7	23.2	26.6	100	93.7	99.9	96.5	99.9	98.4	99.6	99.7	99.9	99.9	-15.2574	-15.9346	38.5096	0.476975	11.1617	85.648	
0.99	2.8	0	7.2	6.5	3.2	0	2.1	0	0	0	0	4.6	12.8	8.7	23.2	26.6	100	93.7	99.9	96.5	99.9	98.4	99.6	99.7	99.9	99.9	-15.2574	-15.9346	38.5096	0.476975	11.1617	85.648	
1	2.8	0	7.2	6.5	3.2	0	2.1	0	0	0	0	4.6	12.8	8.7	23.2	26.6	100	93.7	99.9	96.5	99.9	98.4	99.6	99.7	99.9	99.9	-15.2574	-15.9346	38.5096	0.476975	11.1617	85.648	
1.01	2.8	0	7.2	6.5	3.2	0	2.1	0	0	0	0	4.6	12.8	8.7	23.2	26.6	100	93.7	99.9	96.5	99.9	98.4	99.6	99.7	99.9	99.9	-15.2574	-15.9346	38.5096	0.476975	11.1617	85.648	
1.02	2.8	0	7.2	6.5	3.2	0	2.1	0	0	0	0	4.6	12.8	8.7	23.2	26.6	100	93.7	99.9	96.5	99.9	98.4	99.6	99.7	99.9	99.9	-15.2574	-15.9346	38.5096	0.476975	11.1617	85.648	
1.03	2.8	0	7.2	6.5	3.2	0	2.1	0	0	0	0	4.6	12.8	8.7	23.2	26.6	100	93.7	99.9	96.5	99.9	98.4	99.6	99.7	99.9	99.9	-15.2574	-15.9346	38.5096	0.476975	11.1617	85.648	
1.04	2.8	0	7.2	6.5	3.2	0	2.1	0	0	0	0	4.6	12.8	8.7	23.2	26.6	100	93.7	99.9	96.5	99.9	98.4	99.6	99.7	99.9	99.9	-15.2574	-15.9346	38.5096	0.476975	11.1617	85.648	
1.05	2.8	0	7.2	6.5	3.2	0	2.1	0	0	0	0	4.6	12.8	8.7	23.2	26.6	100	93.7	99.9	96.5	99.9	98.4	99.6	99.7	99.9	99.9	-15.2574	-15.9346	38.5096	0.476975	11.1617	85.648	
1.06	2.8	0	7.2	6.5	3.2	0	2.1	0	0	0	0	4.6	12.8	8.7	23.2	26.6	100	93.7	99.9	96.5	99.9	98.4	99.6	99.7	99.9	99.9	-15.2574	-15.9346	38.5096	0.476975	11.1617	85.648	
1.07	2.8	0	7.2	6.5	3.2	0	2.1	0	0	0	0	4.6	12.8	8.7	23.2	26.6	100	93.7	99.9	96.5	99.9	98.4	99.6	99.7	99.9	99.9	-15.2574	-15.9346	38.5096	0.476975	11.1617	85.648	
1.08	2.8	0	7.2	6.5	3.2	0	2.1	0	0	0	0	4.6	12.8	8.7	23.2	26.6	100	93.7	99.9	96.5	99.9	98.4	99.6	99.7	99.9	99.9	-15.2574	-15.9346	38.5096	0.476975	11.1617	85.648	
1.09	2.8	0	7.2	6.5	3.2	0	2.1	0	0	0	0	4.6	12.8	8.7	23.2	26.6	100	93.7	99.9	96.5	99.9	98.4	99.6	99.7	99.9	99.9	-15.2574	-15.9346	38.5096	0.476975	11.1617	85.648	
1.1	2.8	0	7.2	6.5	3.2	0	2.1	0	0	0	0	4.6	12.8	8.7	23.2	26.6	100	93.7	99.9	96.5	99.9	98.4	99.6	99.7	99.9	99.9	-15.2574	-15.9346	38.5096	0.476975	11.1617	85.648	
1.11	2.8	0	7.2	6.5	3.2	0	2.1	0	0	0	0	4.6	12.8	8.7	23.2	26.6	100	93.7	99.9	96.5	99.9	98.4	99.6	99.7	99.9	99.9	-15.2574	-15.9346	38.5096	0.476975	11.1617	85.648	
1.12	2.8	0	7.2	6.5	3.2	0	2.1	0	0	0	0	4.6	12.8	8.7	23.2	26.6	100	93.7	99.9	96.5	99.9	98.4	99.6	99.7	99.9	99.9	-15.2574	-15.9346	38.5096	0.476975	11.1617	85.648	
1.13	2.8	0	7.2	6.5	3.2	0	2.1	0	0	0	0	4.6	12.8	8.7	23.2	26.6	100	93.7	99.9	96.5	99.9	98.4	99.6	99.7	99.9	99.9	-15.2574	-15.9346	38.5096	0.476975	11.1617	85.648	
1.14	2.8	0	7.2	6.5	3.2	0	2.1	0	0	0	0	4.6	12.8	8.7	23.2	26.6	100	93.7	99.9	96.5	99.9	98.4	99.6	99.7	99.9	99.9	-15.2574	-15.9346	38.5096	0.476975	11.1617	85.648	
1.15	2.8	0	7.2	6.5	3.2	0	2.1	0	0	0	0	4.6	12.8	8.7	23.2	26.6	100	93.7	99.9	96.5	99.9	98.4	99.6	99.7	99.9	99.9	-15.2574	-15.9346	38.5096	0.476975	11.1617	85.648	
1.16	2.8	0	7.2	6.5	3.2	0	2.1	0	0	0	0	4.6	12.8	8.7	23.2	26.6	100	93.7	99.9	96.5	99.9	98.4	99.6	99.7	99.9	99.9	-15.2574	-15.9346	38.5096	0.476975	11.1617	85.648	
1.17	2.8	0	7.2	6.5	3.2	0	2.1	0	0	0	0	4.6	12.8	8.7	23.2	26.6	100	93.7	99.9	96.5	99.9	98.4	99.6	99.7	99.9	99.9	-15.2574	-15.9346	38.5096	0.476975	11.1617	85.648	
1.18	2.8	0	7.2	6.5	3.2	0	2.1	0	0	0	0	4.6	12.8	8.7	23.2	26.6	100	93.7	99.9	96.5	99.9	98.4	99.6	99.7	99.9	99.9	-15.2574	-15.9346	38.5096	0.476975	11.1617	85.648	
1.19	2.8	0	7.2	6.5	3.2	0	2.1	0	0	0	0	4.6	12.8	8.7	23.2	26.6	100	93.7	99.9	96.5	99.9	98.4	99.6	99.7	99.9	99.9	-15.2574	-15.9346	38.5096	0.476975	11.1617	85.648	
1.2	2.8	0	7.2	6.5	3.2	0	2.1	0	0	0	0	4.6	12.8	8.7	23.2	26.6	100	93.7	99.9	96.5	99.9	98.4	99.6	99.7	99.9	99.9	-15.2574	-15.9346	38.5096	0.476975	11.1617	85.648	
1.21	2.8	0	7.2	6.5	3.2	0	2.1	0	0	0	0	4.6	12.8	8.7	23.2	26.6	100	93.7	99.9	96.5	99.9	98.4	99.6	99.7	99.9	99.9	-15.2574	-15.9346	38.5096	0.476975	11.1617	85.648	
1.22	2.8	0	7.2	6.5	3.2	0	2.1	0	0	0	0	4.6	12.8	8.7	23.2	26.6	100	93.7	99.9	96.5	99.9	98.4	99.6	99.7	99.9	99.9	-15.2574	-15.9346	38.5096	0.476975	11.1617	85.648	
1.23	2.8	0	7.2	6.5	3.2	0	2.1	0	0	0	0	4.6	12.8	8.7	23.2	26.6	100	93.7	99.9	96.5	99.9	98.4	99.6	99.7	99.9	99.9	-15.2574	-15.9346	38.5096	0.476975	11.1617	85.648	
1.24	2.8	0	7.2	6.5	3.2	0	2.1	0	0	0	0	4.6	12.8	8.7	23.2	26.6	100	93.7	99.9	96.5	99.9	98.4	99.6	99.7	99.9	99.9	-15.2574	-15.9346	38.5096	0.476975	11.1617	85.648	
1.25	2.8	0	7.2	6.5	3.2	0	2.1	0	0	0	0	4.6	12.8	8.7	23.2	26.6	100	93.7	99.9	96.5	99.9	98.4	99.6	99.7	99.9	99.9	-15.2574	-15.9346	38.5096	0.476975	11.1617	85.648	
1.26	2.8	0	7.2	6.5	3.2	0	2.1	0	0	0	0	4.6	12.8	8.7	23.2	26.6	100	93.7	99.9	96.5	99.9	98.4	99.6	99.7	99.9	99.9	-15.2574	-15.9346	38.5096	0.476975	11.1617	85.648	
1.27	2.8	0	7.2	6.5	3.2	0	2.1	0	0	0	0	4.6	12.8	8.7	23.2	26.6	100	93.7	99.9	96.5	99.9	98.4	99.6	99.7	99.9	99.9	-15.2574	-15.9346	38.5096	0.476975	11.1617	85.648	
1.28	2.8	0	7.2	6.5	3.2	0	2.1	0	0	0	0	4.6	12.8	8.7	23.2	26.6	100	93.7	99.9	96.5	99.9	98.4	99.6	99.7	99.9	99.9	-15.2574	-15.9346	38.5096	0.476975	11.1617	85.648	
1.29	2.8	0	7.2	6.5	3.2	0	2.1	0	0	0	0	4.6	12.8	8.7	23.2	26.6	100	93.7	99.9	96.5	99.9	98.4	99.6	99.7	99.9	99.9	-15.2574	-15.9346	38.5096	0.476975	11.1617	85.648	
1.3	2.8	0	7.2	6.5	3.2	0	2.1	0	0	0	0	4.6	12.8	8.7	23.2	26.6	100	93.7	99.9	96.5	99.9	98.4	99.6	99.7	99.9	99.9	-15.2574	-15.9346	38.5096	0.476975	11.1617	85.648	
1.31	2.8	0	7.2	6.5	3.2	0	2.1	0	0	0	0	4.6	12.8	8.7	23.2	26.6	100	93.7	99.9	96.5	99.9	98.4	99.6	99.7	99.9	99.9	-15.2574	-15.9346	38.5096	0.476975	11.1617	85.648	
1.32	2.8	0	7.2	6.5	3.2	0	2.1	0	0	0	0	4.6	12.8	8.7	23.2	26.6	100	93.7	99.9	96.5	99.9	98.4	99.6	99.7	99.9	99.9	-15.2574	-15.9346	38.5096	0.476975	11.1617	85.648	
1.33	2.4	0	7.3	6.4	2.9	0	1.9	0	0	0	0	5	11.6	8.3	23.2	26.9	100	95.8	99.9	96.4	99.9	98.2	99.9	99.9	99.6	99.8	-15.177	-15.9357	38.7011	0.7386	11.3977	85.5543	
1.34	2.4	0	7.3	6.4	2.9	0	1.9	0	0	0	0	5	11.6	8.3	23.2	26.9	100	95.8	99.9	96.4	99.9	98.2	99.9	99.9	99.6	99.8	-15.177	-15.9357	38.7011	0.7386	11.3977	85.5543	
1.35	2.4	0	7.3	6.4	2.9	0	1.9	0	0	0	0	5	11.6	8.3	23.2	26.9	100	95.8	99.9	96.4	99.9	98.2	99.9	99.9	99.6	99.8	-15.177	-15.9357	38.7011	0.7386	11.3977	85.5543	
1.36	2.4	0	7.3	6.4	2.9	0	1.9	0	0	0	0	5	11.6	8.3	23.2	26.9	100	95.8	99.9	96.4	99.9	98.2	99.9	99.9	99.6	99.8	-15.177	-15.9357	38.7011	0.7386	11.3977	85.5543	
1.37	2.4	0	7.3	6.4	2.9	0	1.9	0	0	0	0	5	11.6	8.3	23.2	26.9	100	95.8	99.9	96.4	99.9	98.2	99.9	99.9	99.6	99.8	-15.177	-15.9357	38.7011	0.7386	11.3977	85.5543	
1.38	2.4	0	7.3	6.4	2.9	0	1.9	0	0	0	0	5	11.6	8.3	23.2	26.9	100	95.8	99.9	96.4	99.9	98.2	99.9	99.9	99.6	99.8	-15.177	-15.9357	38.7011	0.7386	11.3977	85.5543	
1.39	2.4	0	7.3	6.4	2.9	0	1.9	0	0	0	0	5	11.6	8.3	23.2	26.9	100	95.8	99.9	96.4	99.9	98.2	99.9	99.9	99.6	99.8	-15.177	-15.9357	38.7011	0.7386	11.3977	85.5543	
1.4	2.4	0	7.3	6.4	2.9	0	1.9	0	0	0	0	5	11.6	8.3	23.2	26.9	100	95.8	99.9	96.4	99.9	98.2	99.9	99.9	99.6	99.8	-15.177	-15.9357	38.7011	0.7386	11.3977	85.5543	
1.41	2.4	0	7.3	6.4	2.9	0	1.9	0	0	0	0	5	11.6	8.3	23.2	26.9	100	95.8	99.9	96.4	99.9	98.2	99.9	99.9	99.6	99.8	-15.177	-15.9357	38.7011	0.7386	11.3977	85.5543	
1.42	2.4	0	7.3	6.4	2.9	0	1.9	0	0	0	0	5	11.6	8.3	23.2	26.9	100	95.8	99.9	96.4	99.9	98.2	99.9	99.9	99.6	99.8	-15.177	-15.9357	38.7011	0.7386	11.3977	85.5543	
1.43	2.4	0	7.3	6.4	2.9	0	1.9	0	0	0	0	5	11.6	8.3	23.2	26.9	100	95.8	99.9	96.4	99.9	98.2	99.9	99.9	99.6	99.8	-15.177	-15.9357	38.7011	0.7386	11.3977	85.5543	
1.44	2.4	0	7.3	6.4	2.9	0	1.9	0	0	0	0	5	11.6	8.3	23.2	26.9	100	95.8	99.9	96.4	99.9	98.2	99.9	99.9	99.6	99.8	-15.177	-15.9357	38.7011	0.7386	11.3977	85.5543	
1.45	2.4	0	7.3	6.4	2.9	0	1.9	0	0	0	0	5	11.6	8.3	23.2	26.9	100	95.8	99.9	96.4	99.9	98.2	99.9	99.9	99.6	99.8	-15.177	-15.9357	38.7011	0.7386	11.3977	85.5543	
1.46	2.4	0	7.3	6.4	2.9	0	1.9	0	0	0	0	5	11.6	8.3	23.2	26.9	100	95.8	99.9	96.4	99.9	98.2	99.9	99.9	99.6	99.8	-15.177	-15.9357	38.7011	0.7386	11.3977	85.5543	
1.47	2.4	0	7.3	6.4	2.9	0	1.9	0	0	0	0	5	11.6	8.3	23.2	26.9	100	95.8	99.9	96.4	99.9	98.2	99.9	99.9	99.6	99.8	-15.177	-15.9357	38.7011	0.7386	11.3977	85.5543	
1.48	2.4	0	7.3	6.4	2.9	0	1.9	0	0	0	0	5	11.6	8.3	23.2	26.9	100	95.8	99.9	96.4	99.9	98.2	99.9	99.9	99.6	99.8	-15.177	-15.9357	38.7011	0.7386	11.3977	85.5543	
1.49	2.4	0	7.3	6.4	2.9	0	1.9	0	0	0	0	5	11.6	8.3	23.2	26.9	100	95.8	99.9	96.4	99.9	98.2	99.9	99.9	99.6	99.8	-15.177	-15.9357	38.7011	0.7386	11.3977	85.5543	
1.5	2.4	0	7.3	6.4	2.9	0	1.9	0	0	0	0	5	11.6	8.3	23.2	26.9	100	95.8	99.9	96.4	99.9	98.2	99.9	99.9	99.6	99.8	-15.177	-15.9357	38.7011	0.7386	11.3977	85.5543	
1.51	2.4	0	7.3	6.4	2.9	0	1.9	0	0	0	0	5	11.6	8.3	23.2	26.9	100	95.8	99.9	96.4	99.9	98.2	99.9	99.9	99.6	99.8	-15.177	-15.9357	38.7011	0.7386	11.3977	85.5543	
1.52	2.4	0	7.3	6.4	2.9	0	1.9	0	0	0	0	5	11.6	8.3	23.2	26.9	100	95.8	99.9	96.4	99.9	98.2	99.9	99.9	99.6	99.8	-15.177	-15.9357	38.7011	0.7386	11.3977	85.5543	
1.53	2.4	0	7.3	6.4	2.9	0	1.9	0	0	0	0	5	11.6	8.3	23.2	26.9	100	95.8	99.9	96.4	99.9	98.2	99.9	99.9	99.6	99.8	-15.177	-15.9357	38.7011	0.7386	11.3977	85.5543	
1.54	2.4	0	7.3	6.4	2.9	0	1.9	0	0	0	0	5	11.6	8.3	23.2	26.9	100	95.8	99.9	96.4	99.9	98.2	99.9	99.9	99.6	99.8	-15.177	-15.9357	38.7011	0.7386	11.3977	85.5543	
1.55	2.4	0	7.3	6.4	2.9	0	1.9	0	0	0	0	5	11.6	8.3	23.2	26.9	100	95.8	99.9	96.4	99.9	98.2	99.9	99.9	99.6	99.8	-15.177	-15.9357	38.7011	0.7386	11.3977	85.5543	
1.56	2.4	0	7.3	6.4	2.9	0	1.9	0	0	0	0	5	11.6	8.3	23.2	26.9	100	95.8	99.9	96.4	99.9	98.2	99.9	99.9	99.6	99.8	-15.177	-15.9357	38.7011	0.7386	11.3977	85.5543	
1.57	2.4	0	7.3	6.4	2.9	0	1.9	0	0	0	0	5	11.6	8.3	23.2	26.9	100	95.8	99.9	96.4	99.9	98.2	99.9	99.9	99.6	99.8	-15.177	-15.9357	38.7011	0.7386	11.3977	85.5543	
1.58	2.4	0	7.3	6.4	2.9	0	1.9	0	0	0	0	5	11.6	8.3	23.2	26.9	100	95.8	99.9	96.4	99.9	98.2	99.9	99.9	99.6	99.8	-15.177	-15.9357	38.7011	0.7386	11.3977	85.5543	
1.59	2.4	0	7.3	6.4	2.9	0	1.9	0	0	0	0	5	11.6	8.3	23.2	26.9	100	95.8	99.9	96.4	99.9	98.2	99.9	99.9	99.6	99.8	-15.177	-15.9357	38.7011	0.7386	11.3977	85.5543	
1.6	2.4	0	7.3	6.4	2.9	0	1.9	0	0	0	0	5	11.6	8.3	23.2	26.9	100	95.8	99.9	96.4	99.9	98.2	99.9	99.9	99.6	99.8	-15.177	-15.9357	38.7011	0.7386	11.3977	85.5543	
1.61	2.4	0	7.3	6.4	2.9	0	1.9	0	0	0	0	5	11.6	8.3	23.2	26.9	100	95.8	99.9	96.4	99.9	98.2	99.9	99.9	99.6	99.8	-15.177	-15.9357	38.7011	0.7386	11.3977	85.5543	
1.62	2.4	0	7.3	6.4	2.9	0	1.9	0	0	0	0	5	11.6	8.3	23.2	26.9	100	95.8	99.9	96.4	99.9	98.2	99.9	99.9	99.6	99.8	-15.177	-15.9357	38.7011	0.7386	11.3977	85.5543	
1.63	2.4	0	7.3	6.4	2.9	0	1.9	0	0	0	0	5	11.6	8.3	23.2	26.9	100	95.8	99.9	96.4	99.9	98.2	99.9	99.9	99.6	99.8	-15.177	-15.9357	38.7011	0.7386	11.3977	85.5543	
1.64	2.4	0	7.3	6.4	2.9	0	1.9	0	0	0	0	5	11.6	8.3	23.2	26.9	100	95.8	99.9	96.4	99.9	98.2	99.9	99.9	99.6	99.8	-15.177	-15.9357	38.7011	0.7386	11.3977	85.5543	
1.65	2.4	0	7.3	6.4	2.9	0	1.9	0	0	0	0	5	11.6	8.3	23.2	26.9	100	95.8	99.9	96.4	99.9	98.2	99.9	99.9	99.6	99.8	-15.177	-15.9357	38.7011	0.7386	11.3977	85.5543	
1.66	2.4	0	7.3	6.4	2.9	0	1.9	0	0	0	0	5	11.6	8.3	23.2	26.9	100	95.8	99.9	96.4	99.9	98.2	99.9	99.9	99.6	99.8	-15.177	-15.9357	38.7011	0.7386	11.3977	85.5543	
1.67	2.4	0	7.3	6.4	2.9	0	1.9	0	0	0	0	5	11.6	8.3	23.2	26.9	100	95.8	99.9	96.4	99.9	98.2	99.9	99.9	99.6	99.8	-15.177	-15.9357	38.7011	0.7386	11.3977	85.5543	
1.68	2.4	0	7.3	6.4	2.9	0	1.9	0	0	0	0	5	11.6	8.3	23.2	26.9	100	95.8	99.9	96.4	99.9	98.2	99.9	99.9	99.6	99.8	-15.177	-15.9357	38.7011	0.7386	11.3977	85.5543	
1.69	2.4	0	7.3	6.4	2.9	0	1.9	0	0	0	0	5	11.6	8.3	23.2	26.9	100	95.8	99.9	96.4	99.9	98.2	99.9	99.9	99.6	99.8	-15.177	-15.9357	38.7011	0.7386	11.3977	85.5543	
1.7	2.1	0	7.2	6.3	2.7	0	1.9	0	0	0	0	6.4	11.9	9.15	23.1	26.5	99.9	88.3	99.9	96.6	99.9	98.6	99.7	99.5	99.9	99.9	-15.0689	-16.1419	38.9211	-0.268348	10.4273	84.8442	
1.71	2.1	0	7.2	6.3	2.7	0	1.9	0	0	0	0	6.4	11.9	9.15	23.1	26.5	99.9	88.3	99.9	96.6	99.9	98.6	99.7	99.5	99.9	99.9	-15.0689	-16.1419	38.9211	-0.268348	10.4273	84.8442	
1.72	2.1	0	7.2	6.3	2.7	0	1.9	0	0	0	0	6.4	11.9	9.15	23.1	26.5	99.9	88.3	99.9	96.6	99.9	98.6	99.7	99.5	99.9	99.9	-15.0689	-16.1419	38.9211	-0.268348	10.4273	84.8442	
1.73	2.1	0	7.2	6.3	2.7	0	1.9	0	0	0	0	6.4	11.9	9.15	23.1	26.5	99.9	88.3	99.9	96.6	99.9	98.6	99.7	99.5	99.9	99.9	-15.0689	-16.1419	38.9211	-0.268348	10.4273	84.8442	
1.74	2.1	0	7.2	6.3	2.7	0	1.9	0	0	0	0	6.4	11.9	9.15	23.1	26.5	99.9	88.3	99.9	96.6	99.9	98.6	99.7	99.5	99.9	99.9	-15.0689	-16.1419	38.9211	-0.268348	10.4273	84.8442	
1.75	2.1	0	7.2	6.3	2.7	0	1.9	0	0	0	0	6.4	11.9	9.15	23.1	26.5	99.9	88.3	99.9	96.6	99.9	98.6	99.7	99.5	99.9	99.9	-15.0689	-16.1419	38.9211	-0.268348	10.4273	84.8442	
1.76	2.1	0	7.2	6.3	2.7	0	1.9	0	0	0	0	6.4	11.9	9.15	23.1	26.5	99.9	88.3	99.9	96.6	99.9	98.6	99.7	99.5	99.9	99.9	-15.0689	-16.1419	38.9211	-0.268348	10.4273	84.8442	
1.77	2.1	0	7.2	6.3	2.7	0	1.9	0	0	0	0	6.4	11.9	9.15	23.1	26.5	99.9	88.3	99.9	96.6	99.9	98.6	99.7	99.5	99.9	99.9	-15.0689	-16.1419	38.9211	-0.268348	10.4273	84.8442	
1.78	2.1	0	7.2	6.3	2.7	0	1.9	0	0	0	0	6.4	11.9	9.15	23.1	26.5	99.9	88.3	99.9	96.6	99.9	98.6	99.7	99.5	99.9	99.9	-15.0689	-16.1419	38.9211	-0.268348	10.4273	84.8442	
1.79	2.1	0	7.2	6.3	2.7	0	1.9	0	0	0	0	6.4	11.9	9.15	23.1	26.5	99.9	88.3	99.9	96.6	99.9	98.6	99.7	99.5	99.9	99.9	-15.0689	-16.1419	38.9211	-0.268348	10.4273	84.8442	
1.8	2.1	0	7.2	6.3	2.7	0	1.9	0	0	0	0	6.4	11.9	9.15	23.1	26.5	99.9	88.3	99.9	96.6	99.9	98.6	99.7	99.5	99.9	99.9	-15.0689	-16.1419	38.9211	-0.268348	10.4273	84.8442	
1.81	2.1	0	7.2	6.3	2.7	0	1.9	0	0	0	0	6.4	11.9	9.15	23.1	26.5	99.9	88.3	99.9	96.6	99.9	98.6	99.7	99.5	99.9	99.9	-15.0689	-16.1419	38.9211	-0.268348	10.4273	84.8442	
1.82	2.1	0	7.2	6.3	2.7	0	1.9	0	0	0	0	6.4	11.9	9.15	23.1	26.5	99.9	88.3	99.9	96.6	99.9	98.6	99.7	99.5	99.9	99.9	-15.0689	-16.1419	38.9211	-0.268348	10.4273	84.8442	
1.83	2.1	0	7.2	6.3	2.7	0	1.9	0	0	0	0	6.4	11.9	9.15	23.1	26.5	99.9	88.3	99.9	96.6	99.9	98.6	99.7	99.5	99.9	99.9	-15.0689	-16.1419	38.9211	-0.268348	10.4273	84.8442	
1.84	2.1	0	7.2	6.3	2.7	0	1.9	0	0	0	0	6.4	11.9	9.15	23.1	26.5	99.9	88.3	99.9	96.6	99.9	98.6	99.7	99.5	99.9	99.9	-15.0689	-16.1419	38.9211	-0.268348	10.4273	84.8442	
1.85	2.1	0	7.2	6.3	2.7	0	1.9	0	0	0	0	6.4	11.9	9.15	23.1	26.5	99.9	88.3	99.9	96.6	99.9	98.6	99.7	99.5	99.9	99.9	-15.0689	-16.1419	38.9211	-0.268348	10.4273	84.8442	
1.86	2.1	0	7.2	6.3	2.7	0	1.9	0	0	0	0	6.4	11.9	9.15	23.1	26.5	99.9	88.3	99.9	96.6	99.9	98.6	99.7	99.5	99.9	99.9	-15.0689	-16.1419	38.9211	-0.268348	10.4273	84.8442	
1.87	2.1	0	7.2	6.3	2.7	0	1.9	0	0	0	0	6.4	11.9	9.15	23.1	26.5	99.9	88.3	99.9	96.6	99.9	98.6	99.7	99.5	99.9	99.9	-15.0689	-16.1419	38.9211	-0.268348	10.4273	84.8442	
1.88	2.1	0	7.2	6.3	2.7	0	1.9	0	0	0	0	6.4	11.9	9.15	23.1	26.5	99.9	88.3	99.9	96.6	99.9	98.6	99.7	99.5	99.9	99.9	-15.0689	-16.1419	38.9211	-0.268348	10.4273	84.8442	
1.89	2.1	0	7.2	6.3	2.7	0	1.9	0	0	0	0	6.4	11.9	9.15	23.1	26.5	99.9	88.3	99.9	96.6	99.9	98.6	99.7	99.5	99.9	99.9	-15.0689	-16.1419	38.9211	-0.268348	10.4273	84.8442	
1.9	2.1	0	7.2	6.3	2.7	0	1.9	0	0	0	0	6.4	11.9	9.15	23.1	26.5	99.9	88.3	99.9	96.6	99.9	98.6	99.7	99.5	99.9	99.9	-15.0689	-16.1419	38.9211	-0.268348	10.4273	84.8442	
1.91	2.1	0	7.2	6.3	2.7	0	1.9	0	0	0	0	6.4	11.9	9.15	23.1	26.5	99.9	88.3	99.9	96.6	99.9	98.6	99.7	99.5	99.9	99.9	-15.0689	-16.1419	38.9211	-0.268348	10.4273	84.8442	
1.92	2.1	0	7.2	6.3	2.7	0	1.9	0	0	0	0	6.4	11.9	9.15	23.1	26.5	99.9	88.3	99.9	96.6	99.9	98.6	99.7	99.5	99.9	99.9	-15.0689	-16.1419	38.9211	-0.268348	10.4273	84.8442	
1.93	2.1	0	7.2	6.3	2.7	0	1.9	0	0	0	0	6.4	11.9	9.15	23.1	26.5	99.9	88.3	99.9	96.6	99.9	98.6	99.7	99.5	99.9	99.9	-15.0689	-16.1419	38.9211	-0.268348	10.4273	84.8442	
1.94	2.1	0	7.2	6.3	2.7	0	1.9	0	0	0	0	6.4	11.9	9.15	23.1	26.5	99.9	88.3	99.9	96.6	99.9	98.6	99.7	99.5	99.9	99.9	-15.0689	-16.1419	38.9211	-0.268348	10.4273	84.8442	
1.95	2.1	0	7.2	6.3	2.7	0	1.9	0	0	0	0	6.4	11.9	9.15	23.1	26.5	99.9	88.3	99.9	96.6	99.9	98.6	99.7	99.5	99.9	99.9	-15.0689	-16.1419	38.9211	-0.268348	10.4273	84.8442	
1.96	2.1	0	7.2	6.3	2.7	0	1.9	0	0	0	0	6.4	11.9	9.15	23.1	26.5	99.9	88.3	99.9	96.6	99.9	98.6	99.7	99.5	99.9	99.9	-15.0689	-16.1419	38.9211	-0.268348	10.4273	84.8442	
1.97	2.1	0	7.2	6.3	2.7	0	1.9	0	0	0	0	6.4	11.9	9.15	23.1	26.5	99.9	88.3	99.9	96.6	99.9	98.6	99.7	99.5	99.9	99.9	-15.0689	-16.1419	38.9211	-0.268348	10.4273	84.8442	
1.98	2.1	0	7.2	6.3	2.7	0	1.9	0	0	0	0	6.4	11.9	9.15	23.1	26.5	99.9	88.3	99.9	96.6	99.9	98.6	99.7	99.5	99.9	99.9	-15.0689	-16.1419	38.9211	-0.268348	10.4273	84.8442	
1.99	2.1	0	7.2	6.3	2.7	0	1.9	0	0	0	0	6.4	11.9	9.15	23.1	26.5	99.9	88.3	99.9	96.6	99.9	98.6	99.7	99.5	99.9	99.9	-15.0689	-16.1419	38.9211	-0.268348	10.4273	84.8442	
2	2.1	0	7.2	6.3	2.7	0	1.9	0	0	0	0	6.4	11.9	9.15	23.1	26.5	99.9	88.3	99.9	96.6	99.9	98.6	99.7	99.5	99.9	99.9	-15.0689	-16.1419	38.9211	-0.268348	10.4273	84.8442	
2.01	2.1	0	7.2	6.3	2.7	0	1.9	0	0	0	0	6.4	11.9	9.15	23.1	26.5	99.9	88.3	99.9	96.6	99.9	98.6	99.7	99.5	99.9	99.9	-15.0689	-16.1419	38.9211	-0.268348	10.4273	84.8442	
2.02	2.1	0	7.2	6.3	2.7	0	1.9	0	0	0	0	6.4	11.9	9.15	23.1	26.5	99.9	88.3	99.9	96.6	99.9	98.6	99.7	99.5	99.9	99.9	-15.0689	-16.1419	38.9211	-0.268348	10.4273	84.8442	
2.03	2.1	0	7.2	6.3	2.7	0	1.9	0	0	0	0	6.4	11.9	9.15	23.1	26.5	99.9	88.3	99.9	96.6	99.9	98.6	99.7	99.5	99.9	99.9	-15.0689	-16.1419	38.9211	-0.268348	10.4273	84.8442	
2.04	2.1	0	7.2	6.3	2.7	0	1.9	0	0	0	0	6.4	11.9	9.15	23.1	26.5	99.9	88.3	99.9	96.6	99.9	98.6	99.7	99.5	99.9	99.9	-15.0689	-16.1419	38.9211	-0.268348	10.4273	84.8442	
2.05	2.1	0	7.2	6.3	2.7	0	1.9	0	0	0	0	6.4	11.9	9.15	23.1	26.5	99.9	88.3	99.9	96.6	99.9	98.6	99.7	99.5	99.9	99.9	-15.0689	-16.1419	38.9211	-0.268348	10.4273	84.8442	
2.06	2.1	0	7.2	6.3	2.7	0	1.9	0	0	0	0	6.4	11.9	9.15	23.1	26.5	99.9	88.3	99.9	96.6	99.9	98.6	99.7	99.5	99.9	99.9	-15.0689	-16.1419	38.9211	-0.268348	10.4273	84.8442	
2.07	2.1	0	6.8	6.6	2.6	0	1.8	0	0	0	0	6.2	11.3	8.75	23.1	26.5	100	79.1	99.9	96.6	99.9	97.7	99.6	99.9	99.9	99.8	-15.721	-14.8112	38.7249	0.464966	10.4083	84.5347	
2.08	2.1	0	6.8	6.6	2.6	0	1.8	0	0	0	0	6.2	11.3	8.75	23.1	26.5	100	79.1	99.9	96.6	99.9	97.7	99.6	99.9	99.9	99.8	-15.721	-14.8112	38.7249	0.464966	10.4083	84.5347	
2.09	2.1	0	6.8	6.6	2.6	0	1.8	0	0	0	0	6.2	11.3	8.75	23.1	26.5	100	79.1	99.9	96.6	99.9	97.7	99.6	99.9	99.9	99.8	-15.721	-14.8112	38.7249	0.464966	10.4083	84.5347	
2.1	2.1	0	6.8	6.6	2.6	0	1.8	0	0	0	0	6.2	11.3	8.75	23.1	26.5	100	79.1	99.9	96.6	99.9	97.7	99.6	99.9	99.9	99.8	-15.721	-14.8112	38.7249	0.464966	10.4083	84.5347	
2.11	2.1	0	6.8	6.6	2.6	0	1.8	0	0	0	0	6.2	11.3	8.75	23.1	26.5	100	79.1	99.9	96.6	99.9	97.7	99.6	99.9	99.9	99.8	-15.721	-14.8112	38.7249	0.464966	10.4083	84.5347	
2.12	2.1	0	6.8	6.6	2.6	0	1.8	0	0	0	0	6.2	11.3	8.75	23.1	26.5	100	79.1	99.9	96.6	99.9	97.7	99.6	99.9	99.9	99.8	-15.721	-14.8112	38.7249	0.464966	10.4083	84.5347	
2.13	2.1	0	6.8	6.6	2.6	0	1.8	0	0	0	0	6.2	11.3	8.75	23.1	26.5	100	79.1	99.9	96.6	99.9	97.7	99.6	99.9	99.9	99.8	-15.721	-14.8112	38.7249	0.464966	10.4083	84.5347	
2.14	2.1	0	6.8	6.6	2.6	0	1.8	0	0	0	0	6.2	11.3	8.75	23.1	26.5	100	79.1	99.9	96.6	99.9	97.7	99.6	99.9	99.9	99.8	-15.721	-14.8112	38.7249	0.464966	10.4083	84.5347	
2.15	2.1	0	6.8	6.6	2.6	0	1.8	0	0	0	0	6.2	11.3	8.75	23.1	26.5	100	79.1	99.9	96.6	99.9	97.7	99.6	99.9	99.9	99.8	-15.721	-14.8112	38.7249	0.464966	10.4083	84.5347	
2.16	2.1	0	6.8	6.6	2.6	0	1.8	0	0	0	0	6.2	11.3	8.75	23.1	26.5	100	79.1	99.9	96.6	99.9	97.7	99.6	99.9	99.9	99.8	-15.721	-14.8112	38.7249	0.464966	10.4083	84.5347	
2.17	2.1	0	6.8	6.6	2.6	0	1.8	0	0	0	0	6.2	11.3	8.75	23.1	26.5	100	79.1	99.9	96.6	99.9	97.7	99.6	99.9	99.9	99.8	-15.721	-14.8112	38.7249	0.464966	10.4083	84.5347	
2.18	2.1	0	6.8	6.6	2.6	0	1.8	0	0	0	0	6.2	11.3	8.75	23.1	26.5	100	79.1	99.9	96.6	99.9	97.7	99.6	99.9	99.9	99.8	-15.721	-14.8112	38.7249	0.464966	10.4083	84.5347	
2.19	2.1	0	6.8	6.6	2.6	0	1.8	0	0	0	0	6.2	11.3	8.75	23.1	26.5	100	79.1	99.9	96.6	99.9	97.7	99.6	99.9	99.9	99.8	-15.721	-14.8112	38.7249	0.464966	10.4083	84.5347	
2.2	2.1	0	6.8	6.6	2.6	0	1.8	0	0	0	0	6.2	11.3	8.75	23.1	26.5	100	79.1	99.9	96.6	99.9	97.7	99.6	99.9	99.9	99.8	-15.721	-14.8112	38.7249	0.464966	10.4083	84.5347	
2.21	2.1	0	6.8	6.6	2.6	0	1.8	0	0	0	0	6.2	11.3	8.75	23.1	26.5	100	79.1	99.9	96.6	99.9	97.7	99.6	99.9	99.9	99.8	-15.721	-14.8112	38.7249	0.464966	10.4083	84.5347	
2.22	2.1	0	6.8	6.6	2.6	0	1.8	0	0	0	0	6.2	11.3	8.75	23.1	26.5	100	79.1	99.9	96.6	99.9	97.7	99.6	99.9	99.9	99.8	-15.721	-14.8112	38.7249	0.464966	10.4083	84.5347	
2.23	2.1	0	6.8	6.6	2.6	0	1.8	0	0	0	0	6.2	11.3	8.75	23.1	26.5	100	79.1	99.9	96.6	99.9	97.7	99.6	99.9	99.9	99.8	-15.721	-14.8112	38.7249	0.464966	10.4083	84.5347	
2.24	2.1	0	6.8	6.6	2.6	0	1.8	0	0	0	0	6.2	11.3	8.75	23.1	26.5	100	79.1	99.9	96.6	99.9	97.7	99.6	99.9	99.9	99.8	-15.721	-14.8112	38.7249	0.464966	10.4083	84.5347	
2.25	2.1	0	6.8	6.6	2.6	0	1.8	0	0	0	0	6.2	11.3	8.75	23.1	26.5	100	79.1	99.9	96.6	99.9	97.7	99.6	99.9	99.9	99.8	-15.721	-14.8112	38.7249	0.464966	10.4083	84.5347	
2.26	2.1	0	6.8	6.6	2.6	0	1.8	0	0	0	0	6.2	11.3	8.75	23.1	26.5	100	79.1	99.9	96.6	99.9	97.7	99.6	99.9	99.9	99.8	-15.721	-14.8112	38.7249	0.464966	10.4083	84.5347	
2.27	2.1	0	6.8	6.6	2.6	0	1.8	0	0	0	0	6.2	11.3	8.75	23.1	26.5	100	79.1	99.9	96.6	99.9	97.7	99.6	99.9	99.9	99.8	-15.721	-14.8112	38.7249	0.464966	10.4083	84.5347	
2.28	2.1	0	6.8	6.6	2.6	0	1.8	0	0	0	0	6.2	11.3	8.75	23.1	26.5	100	79.1	99.9	96.6	99.9	97.7	99.6	99.9	99.9	99.8	-15.721	-14.8112	38.7249	0.464966	10.4083	84.5347	
2.29	2.1	0	6.8	6.6	2.6	0	1.8	0	0	0	0	6.2	11.3	8.75	23.1	26.5	100	79.1	99.9	96.6	99.9	97.7	99.6	99.9	99.9	99.8	-15.721	-14.8112	38.7249	0.464966	10.4083	84.5347	
2.3	2.1	0	6.8	6.6	2.6	0	1.8	0	0	0	0	6.2	11.3	8.75	23.1	26.5	100	79.1	99.9	96.6	99.9	97.7	99.6	99.9	99.9	99.8	-15.721	-14.8112	38.7249	0.464966	10.4083	84.5347	
2.31	2.1	0	6.8	6.6	2.6	0	1.8	0	0	0	0	6.2	11.3	8.75	23.1	26.5	100	79.1	99.9	96.6	99.9	97.7	99.6	99.9	99.9	99.8	-15.721	-14.8112	38.7249	0.464966	10.4083	84.5347	
2.32	2.1	0	6.8	6.6	2.6	0	1.8	0	0	0	0	6.2	11.3	8.75	23.1	26.5	100	79.1	99.9	96.6	99.9	97.7	99.6	99.9	99.9	99.8	-15.721	-14.8112	38.7249	0.464966	10.4083	84.5347	
2.33	2.1	0	6.8	6.6	2.6	0	1.8	0	0	0	0	6.2	11.3	8.75	23.1	26.5	100	79.1	99.9	96.6	99.9	97.7	99.6	99.9	99.9	99.8	-15.721	-14.8112	38.7249	0.464966	10.4083	84.5347	
2.34	2.1	0	6.8	6.6	2.6	0	1.8	0	0	0	0	6.2	11.3	8.75	23.1	26.5	100	79.1	99.9	96.6	99.9	97.7	99.6	99.9	99.9	99.8	-15.721	-14.8112	38.7249	0.464966	10.4083	84.5347	
2.35	2.1	0	6.8	6.6	2.6	0	1.8	0	0	0	0	6.2	11.3	8.75	23.1	26.5	100	79.1	99.9	96.6	99.9	97.7	99.6	99.9	99.9	99.8	-15.721	-14.8112	38.7249	0.464966	10.4083	84.5347	
2.36	2.1	0	6.8	6.6	2.6	0	1.8	0	0	0	0	6.2	11.3	8.75	23.1	26.5	100	79.1	99.9	96.6	99.9	97.7	99.6	99.9	99.9	99.8	-15.721	-14.8112	38.7249	0.464966	10.4083	84.5347	
2.37	2.1	0	6.8	6.6	2.6	0	1.8	0	0	0	0	6.2	11.3	8.75	23.1	26.5	100	79.1	99.9	96.6	99.9	97.7	99.6	99.9	99.9	99.8	-15.721	-14.8112	38.7249	0.464966	10.4083	84.5347	
2.38	2.1	0	6.8	6.6	2.6	0	1.8	0	0	0	0	6.2	11.3	8.75	23.1	26.5	100	79.1	99.9	96.6	99.9	97.7	99.6	99.9	99.9	99.8	-15.721	-14.8112	38.7249	0.464966	10.4083	84.5347	
2.39	2.1	0	6.8	6.6	2.6	0	1.8	0	0	0	0	6.2	11.3	8.75	23.1	26.5	100	79.1	99.9	96.6	99.9	97.7	99.6	99.9	99.9	99.8	-15.721	-14.8112	38.7249	0.464966	10.4083	84.5347	
2.4	2.1	0	6.8	6.6	2.6	0	1.8	0	0	0	0	6.2	11.3	8.75	23.1	26.5	100	79.1	99.9	96.6	99.9	97.7	99.6	99.9	99.9	99.8	-15.721	-14.8112	38.7249	0.464966	10.4083	84.5347	
