Hora de inicio de la toma de datos: 11:42:17
AT(s)	F1.1	F1.2	F2.1	F2.2	F3.1	F3.2	F4.1	F4.2	F5.1	F5.2	ABD1	ABD2	ABD3	ABD4	PA	TCO	P1	P2	P3	P4	P5	P6	P7	P8	P9	P10	HRoll	HPitch	HYaw	WRoll	WPitch	WYaw	
0.01	8.2	1	3.1	7	0.6	0	2.1	0	0	4.8	57.5	75.5	37.5	56.5	30	30.9	100	99.9	99.9	98.4	99.9	99.2	99.9	99.8	99.7	99.9	-36.6676	22.5234	-124.026	-15.0437	4.91119	-40.9849	
0.02	8.2	1	3.1	7	0.6	0	2.1	0	0	4.8	57.5	75.5	37.5	56.5	30	30.9	100	99.9	99.9	98.4	99.9	99.2	99.9	99.8	99.7	99.9	-36.6676	22.5234	-124.026	-15.0437	4.91119	-40.9849	
0.03	8.2	1	3.1	7	0.6	0	2.1	0	0	4.8	57.5	75.5	37.5	56.5	30	30.9	100	99.9	99.9	98.4	99.9	99.2	99.9	99.8	99.7	99.9	-36.6676	22.5234	-124.026	-15.0437	4.91119	-40.9849	
0.04	8.2	1	3.1	7	0.6	0	2.1	0	0	4.8	57.5	75.5	37.5	56.5	30	30.9	100	99.9	99.9	98.4	99.9	99.2	99.9	99.8	99.7	99.9	-36.6676	22.5234	-124.026	-15.0437	4.91119	-40.9849	
0.05	8.2	1	3.1	7	0.6	0	2.1	0	0	4.8	57.5	75.5	37.5	56.5	30	30.9	100	99.9	99.9	98.4	99.9	99.2	99.9	99.8	99.7	99.9	-36.6676	22.5234	-124.026	-15.0437	4.91119	-40.9849	
0.06	8.2	1	3.1	7	0.6	0	2.1	0	0	4.8	57.5	75.5	37.5	56.5	30	30.9	100	99.9	99.9	98.4	99.9	99.2	99.9	99.8	99.7	99.9	-36.6676	22.5234	-124.026	-15.0437	4.91119	-40.9849	
0.07	8.2	1	3.1	7	0.6	0	2.1	0	0	4.8	57.5	75.5	37.5	56.5	30	30.9	100	99.9	99.9	98.4	99.9	99.2	99.9	99.8	99.7	99.9	-36.6676	22.5234	-124.026	-15.0437	4.91119	-40.9849	
0.08	8.2	1	3.1	7	0.6	0	2.1	0	0	4.8	57.5	75.5	37.5	56.5	30	30.9	100	99.9	99.9	98.4	99.9	99.2	99.9	99.8	99.7	99.9	-36.6676	22.5234	-124.026	-15.0437	4.91119	-40.9849	
0.09	8.2	1	3.1	7	0.6	0	2.1	0	0	4.8	57.5	75.5	37.5	56.5	30	30.9	100	99.9	99.9	98.4	99.9	99.2	99.9	99.8	99.7	99.9	-36.6676	22.5234	-124.026	-15.0437	4.91119	-40.9849	
0.1	8.2	1	3.1	7	0.6	0	2.1	0	0	4.8	57.5	75.5	37.5	56.5	30	30.9	100	99.9	99.9	98.4	99.9	99.2	99.9	99.8	99.7	99.9	-36.6676	22.5234	-124.026	-15.0437	4.91119	-40.9849	
0.11	8.2	1	3.1	7	0.6	0	2.1	0	0	4.8	57.5	75.5	37.5	56.5	30	30.9	100	99.9	99.9	98.4	99.9	99.2	99.9	99.8	99.7	99.9	-36.6676	22.5234	-124.026	-15.0437	4.91119	-40.9849	
0.12	8.2	1	3.1	7	0.6	0	2.1	0	0	4.8	57.5	75.5	37.5	56.5	30	30.9	100	99.9	99.9	98.4	99.9	99.2	99.9	99.8	99.7	99.9	-36.6676	22.5234	-124.026	-15.0437	4.91119	-40.9849	
0.13	8.1	0.9	3.1	7.1	0.6	0	2	0	0	4.8	56.8	74.4	37.2	55.8	30.2	30.9	100	99.9	99.9	98.4	99.9	99.4	99.9	99.8	99.6	99.9	-36.9416	22.4204	-124.094	-14.8273	4.58171	-41.0958	
0.14	8.1	0.9	3.1	7.1	0.6	0	2	0	0	4.8	56.8	74.4	37.2	55.8	30.2	30.9	100	99.9	99.9	98.4	99.9	99.4	99.9	99.8	99.6	99.9	-36.9416	22.4204	-124.094	-14.8273	4.58171	-41.0958	
0.15	8.1	0.9	3.1	7.1	0.6	0	2	0	0	4.8	56.8	74.4	37.2	55.8	30.2	30.9	100	99.9	99.9	98.4	99.9	99.4	99.9	99.8	99.6	99.9	-36.9416	22.4204	-124.094	-14.8273	4.58171	-41.0958	
0.16	8.1	0.9	3.1	7.1	0.6	0	2	0	0	4.8	56.8	74.4	37.2	55.8	30.2	30.9	100	99.9	99.9	98.4	99.9	99.4	99.9	99.8	99.6	99.9	-36.9416	22.4204	-124.094	-14.8273	4.58171	-41.0958	
0.171	8.1	0.9	3.1	7.1	0.6	0	2	0	0	4.8	56.8	74.4	37.2	55.8	30.2	30.9	100	99.9	99.9	98.4	99.9	99.4	99.9	99.8	99.6	99.9	-36.9416	22.4204	-124.094	-14.8273	4.58171	-41.0958	
0.181	8.1	0.9	3.1	7.1	0.6	0	2	0	0	4.8	56.8	74.4	37.2	55.8	30.2	30.9	100	99.9	99.9	98.4	99.9	99.4	99.9	99.8	99.6	99.9	-36.9416	22.4204	-124.094	-14.8273	4.58171	-41.0958	
0.191	8.1	0.9	3.1	7.1	0.6	0	2	0	0	4.8	56.8	74.4	37.2	55.8	30.2	30.9	100	99.9	99.9	98.4	99.9	99.4	99.9	99.8	99.6	99.9	-36.9416	22.4204	-124.094	-14.8273	4.58171	-41.0958	
0.201	8.1	0.9	3.1	7.1	0.6	0	2	0	0	4.8	56.8	74.4	37.2	55.8	30.2	30.9	100	99.9	99.9	98.4	99.9	99.4	99.9	99.8	99.6	99.9	-36.9416	22.4204	-124.094	-14.8273	4.58171	-41.0958	
0.211	8.1	0.9	3.1	7.1	0.6	0	2	0	0	4.8	56.8	74.4	37.2	55.8	30.2	30.9	100	99.9	99.9	98.4	99.9	99.4	99.9	99.8	99.6	99.9	-36.9416	22.4204	-124.094	-14.8273	4.58171	-41.0958	
0.221	8.1	0.9	3.1	7.1	0.6	0	2	0	0	4.8	56.8	74.4	37.2	55.8	30.2	30.9	100	99.9	99.9	98.4	99.9	99.4	99.9	99.8	99.6	99.9	-36.9416	22.4204	-124.094	-14.8273	4.58171	-41.0958	
0.231	8.1	0.9	3.1	7.1	0.6	0	2	0	0	4.8	56.8	74.4	37.2	55.8	30.2	30.9	100	99.9	99.9	98.4	99.9	99.4	99.9	99.8	99.6	99.9	-36.9416	22.4204	-124.094	-14.8273	4.58171	-41.0958	
0.241	8.1	0.9	3.1	7.1	0.6	0	2	0	0	4.8	56.8	74.4	37.2	55.8	30.2	30.9	100	99.9	99.9	98.4	99.9	99.4	99.9	99.8	99.6	99.9	-36.9416	22.4204	-124.094	-14.8273	4.58171	-41.0958	
0.251	8.1	0.9	3.1	7.1	0.6	0	2	0	0	4.8	56.8	74.4	37.2	55.8	30.2	30.9	100	99.9	99.9	98.4	99.9	99.4	99.9	99.8	99.6	99.9	-36.9416	22.4204	-124.094	-14.8273	4.58171	-41.0958	
0.261	8.1	0.9	3.1	7.1	0.6	0	2	0	0	4.8	56.8	74.4	37.2	55.8	30.2	30.9	100	99.9	99.9	98.4	99.9	99.4	99.9	99.8	99.6	99.9	-36.9416	22.4204	-124.094	-14.8273	4.58171	-41.0958	
0.271	8.1	0.9	3.1	7.1	0.6	0	2	0	0	4.8	56.8	74.4	37.2	55.8	30.2	30.9	100	99.9	99.9	98.4	99.9	99.4	99.9	99.8	99.6	99.9	-36.9416	22.4204	-124.094	-14.8273	4.58171	-41.0958	
0.281	8.1	0.9	3.1	7.1	0.6	0	2	0	0	4.8	56.8	74.4	37.2	55.8	30.2	30.9	100	99.9	99.9	98.4	99.9	99.4	99.9	99.8	99.6	99.9	-36.9416	22.4204	-124.094	-14.8273	4.58171	-41.0958	
0.29	8.1	0.9	3.1	7.1	0.6	0	2	0	0	4.8	56.8	74.4	37.2	55.8	30.2	30.9	100	99.9	99.9	98.4	99.9	99.4	99.9	99.8	99.6	99.9	-36.9416	22.4204	-124.094	-14.8273	4.58171	-41.0958	
0.3	8.1	0.9	3.1	7.1	0.6	0	2	0	0	4.8	56.8	74.4	37.2	55.8	30.2	30.9	100	99.9	99.9	98.4	99.9	99.4	99.9	99.8	99.6	99.9	-36.9416	22.4204	-124.094	-14.8273	4.58171	-41.0958	
0.31	8.1	0.9	3.1	7.1	0.6	0	2	0	0	4.8	56.8	74.4	37.2	55.8	30.2	30.9	100	99.9	99.9	98.4	99.9	99.4	99.9	99.8	99.6	99.9	-36.9416	22.4204	-124.094	-14.8273	4.58171	-41.0958	
0.32	8.1	0.9	3.1	7.1	0.6	0	2	0	0	4.8	56.8	74.4	37.2	55.8	30.2	30.9	100	99.9	99.9	98.4	99.9	99.4	99.9	99.8	99.6	99.9	-36.9416	22.4204	-124.094	-14.8273	4.58171	-41.0958	
0.33	8.1	0.9	3.1	7.1	0.6	0	2	0	0	4.8	56.8	74.4	37.2	55.8	30.2	30.9	100	99.9	99.9	98.4	99.9	99.4	99.9	99.8	99.6	99.9	-36.9416	22.4204	-124.094	-14.8273	4.58171	-41.0958	
0.34	8.1	0.9	3.1	7.1	0.6	0	2	0	0	4.8	56.8	74.4	37.2	55.8	30.2	30.9	100	99.9	99.9	98.4	99.9	99.4	99.9	99.8	99.6	99.9	-36.9416	22.4204	-124.094	-14.8273	4.58171	-41.0958	
0.35	8.1	0.9	3.1	7.1	0.6	0	2	0	0	4.8	56.8	74.4	37.2	55.8	30.2	30.9	100	99.9	99.9	98.4	99.9	99.4	99.9	99.8	99.6	99.9	-36.9416	22.4204	-124.094	-14.8273	4.58171	-41.0958	
0.36	8.1	0.9	3.1	7.1	0.6	0	2	0	0	4.8	56.8	74.4	37.2	55.8	30.2	30.9	100	99.9	99.9	98.4	99.9	99.4	99.9	99.8	99.6	99.9	-36.9416	22.4204	-124.094	-14.8273	4.58171	-41.0958	
0.37	8.1	0.9	3.1	7.1	0.6	0	2	0	0	4.8	56.8	74.4	37.2	55.8	30.2	30.9	100	99.9	99.9	98.4	99.9	99.4	99.9	99.8	99.6	99.9	-36.9416	22.4204	-124.094	-14.8273	4.58171	-41.0958	
0.38	8.1	0.9	3.1	7.1	0.6	0	2	0	0	4.8	56.8	74.4	37.2	55.8	30.2	30.9	100	99.9	99.9	98.4	99.9	99.4	99.9	99.8	99.6	99.9	-36.9416	22.4204	-124.094	-14.8273	4.58171	-41.0958	
0.39	8.1	0.9	3.1	7.1	0.6	0	2	0	0	4.8	56.8	74.4	37.2	55.8	30.2	30.9	100	99.9	99.9	98.4	99.9	99.4	99.9	99.8	99.6	99.9	-36.9416	22.4204	-124.094	-14.8273	4.58171	-41.0958	
0.4	8.1	0.9	3.1	7.1	0.6	0	2	0	0	4.8	56.8	74.4	37.2	55.8	30.2	30.9	100	99.9	99.9	98.4	99.9	99.4	99.9	99.8	99.6	99.9	-36.9416	22.4204	-124.094	-14.8273	4.58171	-41.0958	
0.41	8.1	0.9	3.1	7.1	0.6	0	2	0	0	4.8	56.8	74.4	37.2	55.8	30.2	30.9	100	99.9	99.9	98.4	99.9	99.4	99.9	99.8	99.6	99.9	-36.9416	22.4204	-124.094	-14.8273	4.58171	-41.0958	
0.42	8.1	0.9	3.1	7.1	0.6	0	2	0	0	4.8	56.8	74.4	37.2	55.8	30.2	30.9	100	99.9	99.9	98.4	99.9	99.4	99.9	99.8	99.6	99.9	-36.9416	22.4204	-124.094	-14.8273	4.58171	-41.0958	
0.43	8.1	0.9	3.1	7.1	0.6	0	2	0	0	4.8	56.8	74.4	37.2	55.8	30.2	30.9	100	99.9	99.9	98.4	99.9	99.4	99.9	99.8	99.6	99.9	-36.9416	22.4204	-124.094	-14.8273	4.58171	-41.0958	
0.44	8.1	0.9	3.1	7.1	0.6	0	2	0	0	4.8	56.8	74.4	37.2	55.8	30.2	30.9	100	99.9	99.9	98.4	99.9	99.4	99.9	99.8	99.6	99.9	-36.9416	22.4204	-124.094	-14.8273	4.58171	-41.0958	
0.45	8.1	0.9	3.1	7.1	0.6	0	2	0	0	4.8	56.8	74.4	37.2	55.8	30.2	30.9	100	99.9	99.9	98.4	99.9	99.4	99.9	99.8	99.6	99.9	-36.9416	22.4204	-124.094	-14.8273	4.58171	-41.0958	
0.46	8.1	0.9	3.1	7.1	0.6	0	2	0	0	4.8	56.8	74.4	37.2	55.8	30.2	30.9	100	99.9	99.9	98.4	99.9	99.4	99.9	99.8	99.6	99.9	-36.9416	22.4204	-124.094	-14.8273	4.58171	-41.0958	
0.47	8.1	0.9	3.1	7.1	0.6	0	2	0	0	4.8	56.8	74.4	37.2	55.8	30.2	30.9	100	99.9	99.9	98.4	99.9	99.4	99.9	99.8	99.6	99.9	-36.9416	22.4204	-124.094	-14.8273	4.58171	-41.0958	
0.48	8.1	0.9	3.1	7.1	0.6	0	2	0	0	4.8	56.8	74.4	37.2	55.8	30.2	30.9	100	99.9	99.9	98.4	99.9	99.4	99.9	99.8	99.6	99.9	-36.9416	22.4204	-124.094	-14.8273	4.58171	-41.0958	
0.49	8.1	0.9	3.1	7.1	0.6	0	2	0	0	4.8	56.8	74.4	37.2	55.8	30.2	30.9	100	99.9	99.9	98.4	99.9	99.4	99.9	99.8	99.6	99.9	-36.9416	22.4204	-124.094	-14.8273	4.58171	-41.0958	
0.5	8.1	1	3.1	7	0.5	0	2	0	0.1	4.8	56	74.2	37.1	55.65	30.4	30.9	99.9	99.9	99.9	99	99.9	99.3	99.9	99.7	99.8	99.9	-36.5626	22.714	-124.034	-14.018	5.09421	-41.1189	
0.51	8.1	1	3.1	7	0.5	0	2	0	0.1	4.8	56	74.2	37.1	55.65	30.4	30.9	99.9	99.9	99.9	99	99.9	99.3	99.9	99.7	99.8	99.9	-36.5626	22.714	-124.034	-14.018	5.09421	-41.1189	
0.52	8.1	1	3.1	7	0.5	0	2	0	0.1	4.8	56	74.2	37.1	55.65	30.4	30.9	99.9	99.9	99.9	99	99.9	99.3	99.9	99.7	99.8	99.9	-36.5626	22.714	-124.034	-14.018	5.09421	-41.1189	
0.53	8.1	1	3.1	7	0.5	0	2	0	0.1	4.8	56	74.2	37.1	55.65	30.4	30.9	99.9	99.9	99.9	99	99.9	99.3	99.9	99.7	99.8	99.9	-36.5626	22.714	-124.034	-14.018	5.09421	-41.1189	
0.54	8.1	1	3.1	7	0.5	0	2	0	0.1	4.8	56	74.2	37.1	55.65	30.4	30.9	99.9	99.9	99.9	99	99.9	99.3	99.9	99.7	99.8	99.9	-36.5626	22.714	-124.034	-14.018	5.09421	-41.1189	
0.55	8.1	1	3.1	7	0.5	0	2	0	0.1	4.8	56	74.2	37.1	55.65	30.4	30.9	99.9	99.9	99.9	99	99.9	99.3	99.9	99.7	99.8	99.9	-36.5626	22.714	-124.034	-14.018	5.09421	-41.1189	
0.56	8.1	1	3.1	7	0.5	0	2	0	0.1	4.8	56	74.2	37.1	55.65	30.4	30.9	99.9	99.9	99.9	99	99.9	99.3	99.9	99.7	99.8	99.9	-36.5626	22.714	-124.034	-14.018	5.09421	-41.1189	
0.57	8.1	1	3.1	7	0.5	0	2	0	0.1	4.8	56	74.2	37.1	55.65	30.4	30.9	99.9	99.9	99.9	99	99.9	99.3	99.9	99.7	99.8	99.9	-36.5626	22.714	-124.034	-14.018	5.09421	-41.1189	
0.58	8.1	1	3.1	7	0.5	0	2	0	0.1	4.8	56	74.2	37.1	55.65	30.4	30.9	99.9	99.9	99.9	99	99.9	99.3	99.9	99.7	99.8	99.9	-36.5626	22.714	-124.034	-14.018	5.09421	-41.1189	
0.59	8.1	1	3.1	7	0.5	0	2	0	0.1	4.8	56	74.2	37.1	55.65	30.4	30.9	99.9	99.9	99.9	99	99.9	99.3	99.9	99.7	99.8	99.9	-36.5626	22.714	-124.034	-14.018	5.09421	-41.1189	
0.6	8.1	1	3.1	7	0.5	0	2	0	0.1	4.8	56	74.2	37.1	55.65	30.4	30.9	99.9	99.9	99.9	99	99.9	99.3	99.9	99.7	99.8	99.9	-36.5626	22.714	-124.034	-14.018	5.09421	-41.1189	
0.61	8.1	1	3.1	7	0.5	0	2	0	0.1	4.8	56	74.2	37.1	55.65	30.4	30.9	99.9	99.9	99.9	99	99.9	99.3	99.9	99.7	99.8	99.9	-36.5626	22.714	-124.034	-14.018	5.09421	-41.1189	
0.62	8.1	1	3.1	7	0.5	0	2	0	0.1	4.8	56	74.2	37.1	55.65	30.4	30.9	99.9	99.9	99.9	99	99.9	99.3	99.9	99.7	99.8	99.9	-36.5626	22.714	-124.034	-14.018	5.09421	-41.1189	
0.63	8.1	1	3.1	7	0.5	0	2	0	0.1	4.8	56	74.2	37.1	55.65	30.4	30.9	99.9	99.9	99.9	99	99.9	99.3	99.9	99.7	99.8	99.9	-36.5626	22.714	-124.034	-14.018	5.09421	-41.1189	
0.64	8.1	1	3.1	7	0.5	0	2	0	0.1	4.8	56	74.2	37.1	55.65	30.4	30.9	99.9	99.9	99.9	99	99.9	99.3	99.9	99.7	99.8	99.9	-36.5626	22.714	-124.034	-14.018	5.09421	-41.1189	
0.65	8.1	1	3.1	7	0.5	0	2	0	0.1	4.8	56	74.2	37.1	55.65	30.4	30.9	99.9	99.9	99.9	99	99.9	99.3	99.9	99.7	99.8	99.9	-36.5626	22.714	-124.034	-14.018	5.09421	-41.1189	
0.66	8.1	1	3.1	7	0.5	0	2	0	0.1	4.8	56	74.2	37.1	55.65	30.4	30.9	99.9	99.9	99.9	99	99.9	99.3	99.9	99.7	99.8	99.9	-36.5626	22.714	-124.034	-14.018	5.09421	-41.1189	
0.67	8.1	1	3.1	7	0.5	0	2	0	0.1	4.8	56	74.2	37.1	55.65	30.4	30.9	99.9	99.9	99.9	99	99.9	99.3	99.9	99.7	99.8	99.9	-36.5626	22.714	-124.034	-14.018	5.09421	-41.1189	
0.68	8.1	1	3.1	7	0.5	0	2	0	0.1	4.8	56	74.2	37.1	55.65	30.4	30.9	99.9	99.9	99.9	99	99.9	99.3	99.9	99.7	99.8	99.9	-36.5626	22.714	-124.034	-14.018	5.09421	-41.1189	
0.69	8.1	1	3.1	7	0.5	0	2	0	0.1	4.8	56	74.2	37.1	55.65	30.4	30.9	99.9	99.9	99.9	99	99.9	99.3	99.9	99.7	99.8	99.9	-36.5626	22.714	-124.034	-14.018	5.09421	-41.1189	
0.7	8.1	1	3.1	7	0.5	0	2	0	0.1	4.8	56	74.2	37.1	55.65	30.4	30.9	99.9	99.9	99.9	99	99.9	99.3	99.9	99.7	99.8	99.9	-36.5626	22.714	-124.034	-14.018	5.09421	-41.1189	
0.71	8.1	1	3.1	7	0.5	0	2	0	0.1	4.8	56	74.2	37.1	55.65	30.4	30.9	99.9	99.9	99.9	99	99.9	99.3	99.9	99.7	99.8	99.9	-36.5626	22.714	-124.034	-14.018	5.09421	-41.1189	
0.72	8.1	1	3.1	7	0.5	0	2	0	0.1	4.8	56	74.2	37.1	55.65	30.4	30.9	99.9	99.9	99.9	99	99.9	99.3	99.9	99.7	99.8	99.9	-36.5626	22.714	-124.034	-14.018	5.09421	-41.1189	
0.73	8.1	1	3.1	7	0.5	0	2	0	0.1	4.8	56	74.2	37.1	55.65	30.4	30.9	99.9	99.9	99.9	99	99.9	99.3	99.9	99.7	99.8	99.9	-36.5626	22.714	-124.034	-14.018	5.09421	-41.1189	
0.74	8.1	1	3.1	7	0.5	0	2	0	0.1	4.8	56	74.2	37.1	55.65	30.4	30.9	99.9	99.9	99.9	99	99.9	99.3	99.9	99.7	99.8	99.9	-36.5626	22.714	-124.034	-14.018	5.09421	-41.1189	
0.75	8.1	1	3.1	7	0.5	0	2	0	0.1	4.8	56	74.2	37.1	55.65	30.4	30.9	99.9	99.9	99.9	99	99.9	99.3	99.9	99.7	99.8	99.9	-36.5626	22.714	-124.034	-14.018	5.09421	-41.1189	
0.76	8.1	1	3.1	7	0.5	0	2	0	0.1	4.8	56	74.2	37.1	55.65	30.4	30.9	99.9	99.9	99.9	99	99.9	99.3	99.9	99.7	99.8	99.9	-36.5626	22.714	-124.034	-14.018	5.09421	-41.1189	
0.77	8.1	1	3.1	7	0.5	0	2	0	0.1	4.8	56	74.2	37.1	55.65	30.4	30.9	99.9	99.9	99.9	99	99.9	99.3	99.9	99.7	99.8	99.9	-36.5626	22.714	-124.034	-14.018	5.09421	-41.1189	
0.78	8.1	1	3.1	7	0.5	0	2	0	0.1	4.8	56	74.2	37.1	55.65	30.4	30.9	99.9	99.9	99.9	99	99.9	99.3	99.9	99.7	99.8	99.9	-36.5626	22.714	-124.034	-14.018	5.09421	-41.1189	
0.79	8.1	1	3.1	7	0.5	0	2	0	0.1	4.8	56	74.2	37.1	55.65	30.4	30.9	99.9	99.9	99.9	99	99.9	99.3	99.9	99.7	99.8	99.9	-36.5626	22.714	-124.034	-14.018	5.09421	-41.1189	
0.8	8.1	1	3.1	7	0.5	0	2	0	0.1	4.8	56	74.2	37.1	55.65	30.4	30.9	99.9	99.9	99.9	99	99.9	99.3	99.9	99.7	99.8	99.9	-36.5626	22.714	-124.034	-14.018	5.09421	-41.1189	
0.81	8.1	1	3.1	7	0.5	0	2	0	0.1	4.8	56	74.2	37.1	55.65	30.4	30.9	99.9	99.9	99.9	99	99.9	99.3	99.9	99.7	99.8	99.9	-36.5626	22.714	-124.034	-14.018	5.09421	-41.1189	
0.82	8.1	1	3.1	7	0.5	0	2	0	0.1	4.8	56	74.2	37.1	55.65	30.4	30.9	99.9	99.9	99.9	99	99.9	99.3	99.9	99.7	99.8	99.9	-36.5626	22.714	-124.034	-14.018	5.09421	-41.1189	
0.83	8.1	1	3.1	7	0.5	0	2	0	0.1	4.8	56	74.2	37.1	55.65	30.4	30.9	99.9	99.9	99.9	99	99.9	99.3	99.9	99.7	99.8	99.9	-36.5626	22.714	-124.034	-14.018	5.09421	-41.1189	
0.84	8.1	1	3.1	7	0.5	0	2	0	0.1	4.8	56	74.2	37.1	55.65	30.4	30.9	99.9	99.9	99.9	99	99.9	99.3	99.9	99.7	99.8	99.9	-36.5626	22.714	-124.034	-14.018	5.09421	-41.1189	
0.85	8.1	1	3.1	7	0.5	0	2	0	0.1	4.8	56	74.2	37.1	55.65	30.4	30.9	99.9	99.9	99.9	99	99.9	99.3	99.9	99.7	99.8	99.9	-36.5626	22.714	-124.034	-14.018	5.09421	-41.1189	
0.86	8.1	1	3.1	7	0.5	0	2	0	0.1	4.8	56	74.2	37.1	55.65	30.4	30.9	99.9	99.9	99.9	99	99.9	99.3	99.9	99.7	99.8	99.9	-36.5626	22.714	-124.034	-14.018	5.09421	-41.1189	
0.87	8.1	0.8	3.1	7.1	0.6	0	2.1	0	0	4.7	56.4	74	37	55.5	30.1	31	100	99.9	99.9	98.9	99.9	99.4	99.9	99.9	99.9	99.9	-36.7924	22.5968	-124.085	-14.4656	5.04595	-41.0962	
0.88	8.1	0.8	3.1	7.1	0.6	0	2.1	0	0	4.7	56.4	74	37	55.5	30.1	31	100	99.9	99.9	98.9	99.9	99.4	99.9	99.9	99.9	99.9	-36.7924	22.5968	-124.085	-14.4656	5.04595	-41.0962	
0.89	8.1	0.8	3.1	7.1	0.6	0	2.1	0	0	4.7	56.4	74	37	55.5	30.1	31	100	99.9	99.9	98.9	99.9	99.4	99.9	99.9	99.9	99.9	-36.7924	22.5968	-124.085	-14.4656	5.04595	-41.0962	
0.9	8.1	0.8	3.1	7.1	0.6	0	2.1	0	0	4.7	56.4	74	37	55.5	30.1	31	100	99.9	99.9	98.9	99.9	99.4	99.9	99.9	99.9	99.9	-36.7924	22.5968	-124.085	-14.4656	5.04595	-41.0962	
0.91	8.1	0.8	3.1	7.1	0.6	0	2.1	0	0	4.7	56.4	74	37	55.5	30.1	31	100	99.9	99.9	98.9	99.9	99.4	99.9	99.9	99.9	99.9	-36.7924	22.5968	-124.085	-14.4656	5.04595	-41.0962	
0.92	8.1	0.8	3.1	7.1	0.6	0	2.1	0	0	4.7	56.4	74	37	55.5	30.1	31	100	99.9	99.9	98.9	99.9	99.4	99.9	99.9	99.9	99.9	-36.7924	22.5968	-124.085	-14.4656	5.04595	-41.0962	
0.93	8.1	0.8	3.1	7.1	0.6	0	2.1	0	0	4.7	56.4	74	37	55.5	30.1	31	100	99.9	99.9	98.9	99.9	99.4	99.9	99.9	99.9	99.9	-36.7924	22.5968	-124.085	-14.4656	5.04595	-41.0962	
0.94	8.1	0.8	3.1	7.1	0.6	0	2.1	0	0	4.7	56.4	74	37	55.5	30.1	31	100	99.9	99.9	98.9	99.9	99.4	99.9	99.9	99.9	99.9	-36.7924	22.5968	-124.085	-14.4656	5.04595	-41.0962	
0.95	8.1	0.8	3.1	7.1	0.6	0	2.1	0	0	4.7	56.4	74	37	55.5	30.1	31	100	99.9	99.9	98.9	99.9	99.4	99.9	99.9	99.9	99.9	-36.7924	22.5968	-124.085	-14.4656	5.04595	-41.0962	
0.96	8.1	0.8	3.1	7.1	0.6	0	2.1	0	0	4.7	56.4	74	37	55.5	30.1	31	100	99.9	99.9	98.9	99.9	99.4	99.9	99.9	99.9	99.9	-36.7924	22.5968	-124.085	-14.4656	5.04595	-41.0962	
0.97	8.1	0.8	3.1	7.1	0.6	0	2.1	0	0	4.7	56.4	74	37	55.5	30.1	31	100	99.9	99.9	98.9	99.9	99.4	99.9	99.9	99.9	99.9	-36.7924	22.5968	-124.085	-14.4656	5.04595	-41.0962	
0.98	8.1	0.8	3.1	7.1	0.6	0	2.1	0	0	4.7	56.4	74	37	55.5	30.1	31	100	99.9	99.9	98.9	99.9	99.4	99.9	99.9	99.9	99.9	-36.7924	22.5968	-124.085	-14.4656	5.04595	-41.0962	
0.99	8.1	0.8	3.1	7.1	0.6	0	2.1	0	0	4.7	56.4	74	37	55.5	30.1	31	100	99.9	99.9	98.9	99.9	99.4	99.9	99.9	99.9	99.9	-36.7924	22.5968	-124.085	-14.4656	5.04595	-41.0962	
1	8.1	0.8	3.1	7.1	0.6	0	2.1	0	0	4.7	56.4	74	37	55.5	30.1	31	100	99.9	99.9	98.9	99.9	99.4	99.9	99.9	99.9	99.9	-36.7924	22.5968	-124.085	-14.4656	5.04595	-41.0962	
1.01	8.1	0.8	3.1	7.1	0.6	0	2.1	0	0	4.7	56.4	74	37	55.5	30.1	31	100	99.9	99.9	98.9	99.9	99.4	99.9	99.9	99.9	99.9	-36.7924	22.5968	-124.085	-14.4656	5.04595	-41.0962	
1.02	8.1	0.8	3.1	7.1	0.6	0	2.1	0	0	4.7	56.4	74	37	55.5	30.1	31	100	99.9	99.9	98.9	99.9	99.4	99.9	99.9	99.9	99.9	-36.7924	22.5968	-124.085	-14.4656	5.04595	-41.0962	
1.03	8.1	0.8	3.1	7.1	0.6	0	2.1	0	0	4.7	56.4	74	37	55.5	30.1	31	100	99.9	99.9	98.9	99.9	99.4	99.9	99.9	99.9	99.9	-36.7924	22.5968	-124.085	-14.4656	5.04595	-41.0962	
1.04	8.1	0.8	3.1	7.1	0.6	0	2.1	0	0	4.7	56.4	74	37	55.5	30.1	31	100	99.9	99.9	98.9	99.9	99.4	99.9	99.9	99.9	99.9	-36.7924	22.5968	-124.085	-14.4656	5.04595	-41.0962	
1.05	8.1	0.8	3.1	7.1	0.6	0	2.1	0	0	4.7	56.4	74	37	55.5	30.1	31	100	99.9	99.9	98.9	99.9	99.4	99.9	99.9	99.9	99.9	-36.7924	22.5968	-124.085	-14.4656	5.04595	-41.0962	
1.06	8.1	0.8	3.1	7.1	0.6	0	2.1	0	0	4.7	56.4	74	37	55.5	30.1	31	100	99.9	99.9	98.9	99.9	99.4	99.9	99.9	99.9	99.9	-36.7924	22.5968	-124.085	-14.4656	5.04595	-41.0962	
1.07	8.1	0.8	3.1	7.1	0.6	0	2.1	0	0	4.7	56.4	74	37	55.5	30.1	31	100	99.9	99.9	98.9	99.9	99.4	99.9	99.9	99.9	99.9	-36.7924	22.5968	-124.085	-14.4656	5.04595	-41.0962	
1.08	8.1	0.8	3.1	7.1	0.6	0	2.1	0	0	4.7	56.4	74	37	55.5	30.1	31	100	99.9	99.9	98.9	99.9	99.4	99.9	99.9	99.9	99.9	-36.7924	22.5968	-124.085	-14.4656	5.04595	-41.0962	
1.09	8.1	0.8	3.1	7.1	0.6	0	2.1	0	0	4.7	56.4	74	37	55.5	30.1	31	100	99.9	99.9	98.9	99.9	99.4	99.9	99.9	99.9	99.9	-36.7924	22.5968	-124.085	-14.4656	5.04595	-41.0962	
1.1	8.1	0.8	3.1	7.1	0.6	0	2.1	0	0	4.7	56.4	74	37	55.5	30.1	31	100	99.9	99.9	98.9	99.9	99.4	99.9	99.9	99.9	99.9	-36.7924	22.5968	-124.085	-14.4656	5.04595	-41.0962	
1.11	8.1	0.8	3.1	7.1	0.6	0	2.1	0	0	4.7	56.4	74	37	55.5	30.1	31	100	99.9	99.9	98.9	99.9	99.4	99.9	99.9	99.9	99.9	-36.7924	22.5968	-124.085	-14.4656	5.04595	-41.0962	
1.12	8.1	0.8	3.1	7.1	0.6	0	2.1	0	0	4.7	56.4	74	37	55.5	30.1	31	100	99.9	99.9	98.9	99.9	99.4	99.9	99.9	99.9	99.9	-36.7924	22.5968	-124.085	-14.4656	5.04595	-41.0962	
1.13	8.1	0.8	3.1	7.1	0.6	0	2.1	0	0	4.7	56.4	74	37	55.5	30.1	31	100	99.9	99.9	98.9	99.9	99.4	99.9	99.9	99.9	99.9	-36.7924	22.5968	-124.085	-14.4656	5.04595	-41.0962	
1.14	8.1	0.8	3.1	7.1	0.6	0	2.1	0	0	4.7	56.4	74	37	55.5	30.1	31	100	99.9	99.9	98.9	99.9	99.4	99.9	99.9	99.9	99.9	-36.7924	22.5968	-124.085	-14.4656	5.04595	-41.0962	
1.15	8.1	0.8	3.1	7.1	0.6	0	2.1	0	0	4.7	56.4	74	37	55.5	30.1	31	100	99.9	99.9	98.9	99.9	99.4	99.9	99.9	99.9	99.9	-36.7924	22.5968	-124.085	-14.4656	5.04595	-41.0962	
1.16	8.1	0.8	3.1	7.1	0.6	0	2.1	0	0	4.7	56.4	74	37	55.5	30.1	31	100	99.9	99.9	98.9	99.9	99.4	99.9	99.9	99.9	99.9	-36.7924	22.5968	-124.085	-14.4656	5.04595	-41.0962	
1.17	8.1	0.8	3.1	7.1	0.6	0	2.1	0	0	4.7	56.4	74	37	55.5	30.1	31	100	99.9	99.9	98.9	99.9	99.4	99.9	99.9	99.9	99.9	-36.7924	22.5968	-124.085	-14.4656	5.04595	-41.0962	
1.18	8.1	0.8	3.1	7.1	0.6	0	2.1	0	0	4.7	56.4	74	37	55.5	30.1	31	100	99.9	99.9	98.9	99.9	99.4	99.9	99.9	99.9	99.9	-36.7924	22.5968	-124.085	-14.4656	5.04595	-41.0962	
1.19	8.1	0.8	3.1	7.1	0.6	0	2.1	0	0	4.7	56.4	74	37	55.5	30.1	31	100	99.9	99.9	98.9	99.9	99.4	99.9	99.9	99.9	99.9	-36.7924	22.5968	-124.085	-14.4656	5.04595	-41.0962	
1.2	8.1	0.8	3.1	7.1	0.6	0	2.1	0	0	4.7	56.4	74	37	55.5	30.1	31	100	99.9	99.9	98.9	99.9	99.4	99.9	99.9	99.9	99.9	-36.7924	22.5968	-124.085	-14.4656	5.04595	-41.0962	
1.21	8.1	0.8	3.1	7.1	0.6	0	2.1	0	0	4.7	56.4	74	37	55.5	30.1	31	100	99.9	99.9	98.9	99.9	99.4	99.9	99.9	99.9	99.9	-36.7924	22.5968	-124.085	-14.4656	5.04595	-41.0962	
1.22	8.1	0.8	3.1	7.1	0.6	0	2.1	0	0	4.7	56.4	74	37	55.5	30.1	31	100	99.9	99.9	98.9	99.9	99.4	99.9	99.9	99.9	99.9	-36.7924	22.5968	-124.085	-14.4656	5.04595	-41.0962	
1.23	8.2	0.8	3.1	7.1	0.6	0	2.1	0	0	4.7	56.3	73.7	36.9	55.3	30.2	31.2	99.9	99.9	99.9	99.1	99.9	99	99.6	99.9	99.9	99.9	-36.8333	22.5163	-124.074	-14.8727	5.19371	-41.0484	
1.24	8.2	0.8	3.1	7.1	0.6	0	2.1	0	0	4.7	56.3	73.7	36.9	55.3	30.2	31.2	99.9	99.9	99.9	99.1	99.9	99	99.6	99.9	99.9	99.9	-36.8333	22.5163	-124.074	-14.8727	5.19371	-41.0484	
1.25	8.2	0.8	3.1	7.1	0.6	0	2.1	0	0	4.7	56.3	73.7	36.9	55.3	30.2	31.2	99.9	99.9	99.9	99.1	99.9	99	99.6	99.9	99.9	99.9	-36.8333	22.5163	-124.074	-14.8727	5.19371	-41.0484	
1.26	8.2	0.8	3.1	7.1	0.6	0	2.1	0	0	4.7	56.3	73.7	36.9	55.3	30.2	31.2	99.9	99.9	99.9	99.1	99.9	99	99.6	99.9	99.9	99.9	-36.8333	22.5163	-124.074	-14.8727	5.19371	-41.0484	
1.27	8.2	0.8	3.1	7.1	0.6	0	2.1	0	0	4.7	56.3	73.7	36.9	55.3	30.2	31.2	99.9	99.9	99.9	99.1	99.9	99	99.6	99.9	99.9	99.9	-36.8333	22.5163	-124.074	-14.8727	5.19371	-41.0484	
1.28	8.2	0.8	3.1	7.1	0.6	0	2.1	0	0	4.7	56.3	73.7	36.9	55.3	30.2	31.2	99.9	99.9	99.9	99.1	99.9	99	99.6	99.9	99.9	99.9	-36.8333	22.5163	-124.074	-14.8727	5.19371	-41.0484	
1.29	8.2	0.8	3.1	7.1	0.6	0	2.1	0	0	4.7	56.3	73.7	36.9	55.3	30.2	31.2	99.9	99.9	99.9	99.1	99.9	99	99.6	99.9	99.9	99.9	-36.8333	22.5163	-124.074	-14.8727	5.19371	-41.0484	
1.3	8.2	0.8	3.1	7.1	0.6	0	2.1	0	0	4.7	56.3	73.7	36.9	55.3	30.2	31.2	99.9	99.9	99.9	99.1	99.9	99	99.6	99.9	99.9	99.9	-36.8333	22.5163	-124.074	-14.8727	5.19371	-41.0484	
1.31	8.2	0.8	3.1	7.1	0.6	0	2.1	0	0	4.7	56.3	73.7	36.9	55.3	30.2	31.2	99.9	99.9	99.9	99.1	99.9	99	99.6	99.9	99.9	99.9	-36.8333	22.5163	-124.074	-14.8727	5.19371	-41.0484	
1.32	8.2	0.8	3.1	7.1	0.6	0	2.1	0	0	4.7	56.3	73.7	36.9	55.3	30.2	31.2	99.9	99.9	99.9	99.1	99.9	99	99.6	99.9	99.9	99.9	-36.8333	22.5163	-124.074	-14.8727	5.19371	-41.0484	
1.33	8.2	0.8	3.1	7.1	0.6	0	2.1	0	0	4.7	56.3	73.7	36.9	55.3	30.2	31.2	99.9	99.9	99.9	99.1	99.9	99	99.6	99.9	99.9	99.9	-36.8333	22.5163	-124.074	-14.8727	5.19371	-41.0484	
1.34	8.2	0.8	3.1	7.1	0.6	0	2.1	0	0	4.7	56.3	73.7	36.9	55.3	30.2	31.2	99.9	99.9	99.9	99.1	99.9	99	99.6	99.9	99.9	99.9	-36.8333	22.5163	-124.074	-14.8727	5.19371	-41.0484	
1.35	8.2	0.8	3.1	7.1	0.6	0	2.1	0	0	4.7	56.3	73.7	36.9	55.3	30.2	31.2	99.9	99.9	99.9	99.1	99.9	99	99.6	99.9	99.9	99.9	-36.8333	22.5163	-124.074	-14.8727	5.19371	-41.0484	
1.36	8.2	0.8	3.1	7.1	0.6	0	2.1	0	0	4.7	56.3	73.7	36.9	55.3	30.2	31.2	99.9	99.9	99.9	99.1	99.9	99	99.6	99.9	99.9	99.9	-36.8333	22.5163	-124.074	-14.8727	5.19371	-41.0484	
1.37	8.2	0.8	3.1	7.1	0.6	0	2.1	0	0	4.7	56.3	73.7	36.9	55.3	30.2	31.2	99.9	99.9	99.9	99.1	99.9	99	99.6	99.9	99.9	99.9	-36.8333	22.5163	-124.074	-14.8727	5.19371	-41.0484	
1.38	8.2	0.8	3.1	7.1	0.6	0	2.1	0	0	4.7	56.3	73.7	36.9	55.3	30.2	31.2	99.9	99.9	99.9	99.1	99.9	99	99.6	99.9	99.9	99.9	-36.8333	22.5163	-124.074	-14.8727	5.19371	-41.0484	
1.39	8.2	0.8	3.1	7.1	0.6	0	2.1	0	0	4.7	56.3	73.7	36.9	55.3	30.2	31.2	99.9	99.9	99.9	99.1	99.9	99	99.6	99.9	99.9	99.9	-36.8333	22.5163	-124.074	-14.8727	5.19371	-41.0484	
1.4	8.2	0.8	3.1	7.1	0.6	0	2.1	0	0	4.7	56.3	73.7	36.9	55.3	30.2	31.2	99.9	99.9	99.9	99.1	99.9	99	99.6	99.9	99.9	99.9	-36.8333	22.5163	-124.074	-14.8727	5.19371	-41.0484	
1.41	8.2	0.8	3.1	7.1	0.6	0	2.1	0	0	4.7	56.3	73.7	36.9	55.3	30.2	31.2	99.9	99.9	99.9	99.1	99.9	99	99.6	99.9	99.9	99.9	-36.8333	22.5163	-124.074	-14.8727	5.19371	-41.0484	
1.42	8.2	0.8	3.1	7.1	0.6	0	2.1	0	0	4.7	56.3	73.7	36.9	55.3	30.2	31.2	99.9	99.9	99.9	99.1	99.9	99	99.6	99.9	99.9	99.9	-36.8333	22.5163	-124.074	-14.8727	5.19371	-41.0484	
1.43	8.2	0.8	3.1	7.1	0.6	0	2.1	0	0	4.7	56.3	73.7	36.9	55.3	30.2	31.2	99.9	99.9	99.9	99.1	99.9	99	99.6	99.9	99.9	99.9	-36.8333	22.5163	-124.074	-14.8727	5.19371	-41.0484	
1.44	8.2	0.8	3.1	7.1	0.6	0	2.1	0	0	4.7	56.3	73.7	36.9	55.3	30.2	31.2	99.9	99.9	99.9	99.1	99.9	99	99.6	99.9	99.9	99.9	-36.8333	22.5163	-124.074	-14.8727	5.19371	-41.0484	
1.45	8.2	0.8	3.1	7.1	0.6	0	2.1	0	0	4.7	56.3	73.7	36.9	55.3	30.2	31.2	99.9	99.9	99.9	99.1	99.9	99	99.6	99.9	99.9	99.9	-36.8333	22.5163	-124.074	-14.8727	5.19371	-41.0484	
1.46	8.2	0.8	3.1	7.1	0.6	0	2.1	0	0	4.7	56.3	73.7	36.9	55.3	30.2	31.2	99.9	99.9	99.9	99.1	99.9	99	99.6	99.9	99.9	99.9	-36.8333	22.5163	-124.074	-14.8727	5.19371	-41.0484	
1.47	8.2	0.8	3.1	7.1	0.6	0	2.1	0	0	4.7	56.3	73.7	36.9	55.3	30.2	31.2	99.9	99.9	99.9	99.1	99.9	99	99.6	99.9	99.9	99.9	-36.8333	22.5163	-124.074	-14.8727	5.19371	-41.0484	
1.48	8.2	0.8	3.1	7.1	0.6	0	2.1	0	0	4.7	56.3	73.7	36.9	55.3	30.2	31.2	99.9	99.9	99.9	99.1	99.9	99	99.6	99.9	99.9	99.9	-36.8333	22.5163	-124.074	-14.8727	5.19371	-41.0484	
1.49	8.2	0.8	3.1	7.1	0.6	0	2.1	0	0	4.7	56.3	73.7	36.9	55.3	30.2	31.2	99.9	99.9	99.9	99.1	99.9	99	99.6	99.9	99.9	99.9	-36.8333	22.5163	-124.074	-14.8727	5.19371	-41.0484	
1.5	8.2	0.8	3.1	7.1	0.6	0	2.1	0	0	4.7	56.3	73.7	36.9	55.3	30.2	31.2	99.9	99.9	99.9	99.1	99.9	99	99.6	99.9	99.9	99.9	-36.8333	22.5163	-124.074	-14.8727	5.19371	-41.0484	
1.51	8.2	0.8	3.1	7.1	0.6	0	2.1	0	0	4.7	56.3	73.7	36.9	55.3	30.2	31.2	99.9	99.9	99.9	99.1	99.9	99	99.6	99.9	99.9	99.9	-36.8333	22.5163	-124.074	-14.8727	5.19371	-41.0484	
1.52	8.2	0.8	3.1	7.1	0.6	0	2.1	0	0	4.7	56.3	73.7	36.9	55.3	30.2	31.2	99.9	99.9	99.9	99.1	99.9	99	99.6	99.9	99.9	99.9	-36.8333	22.5163	-124.074	-14.8727	5.19371	-41.0484	
1.53	8.2	0.8	3.1	7.1	0.6	0	2.1	0	0	4.7	56.3	73.7	36.9	55.3	30.2	31.2	99.9	99.9	99.9	99.1	99.9	99	99.6	99.9	99.9	99.9	-36.8333	22.5163	-124.074	-14.8727	5.19371	-41.0484	
1.54	8.2	0.8	3.1	7.1	0.6	0	2.1	0	0	4.7	56.3	73.7	36.9	55.3	30.2	31.2	99.9	99.9	99.9	99.1	99.9	99	99.6	99.9	99.9	99.9	-36.8333	22.5163	-124.074	-14.8727	5.19371	-41.0484	
1.55	8.2	0.8	3.1	7.1	0.6	0	2.1	0	0	4.7	56.3	73.7	36.9	55.3	30.2	31.2	99.9	99.9	99.9	99.1	99.9	99	99.6	99.9	99.9	99.9	-36.8333	22.5163	-124.074	-14.8727	5.19371	-41.0484	
1.56	8.2	0.8	3.1	7.1	0.6	0	2.1	0	0	4.7	56.3	73.7	36.9	55.3	30.2	31.2	99.9	99.9	99.9	99.1	99.9	99	99.6	99.9	99.9	99.9	-36.8333	22.5163	-124.074	-14.8727	5.19371	-41.0484	
1.57	8.2	0.8	3.1	7.1	0.6	0	2.1	0	0	4.7	56.3	73.7	36.9	55.3	30.2	31.2	99.9	99.9	99.9	99.1	99.9	99	99.6	99.9	99.9	99.9	-36.8333	22.5163	-124.074	-14.8727	5.19371	-41.0484	
1.58	8.2	0.8	3.1	7.1	0.6	0	2.1	0	0	4.7	56.3	73.7	36.9	55.3	30.2	31.2	99.9	99.9	99.9	99.1	99.9	99	99.6	99.9	99.9	99.9	-36.8333	22.5163	-124.074	-14.8727	5.19371	-41.0484	
1.59	8.2	0.8	3.1	7.1	0.6	0	2.1	0	0	4.7	56.3	73.7	36.9	55.3	30.2	31.2	99.9	99.9	99.9	99.1	99.9	99	99.6	99.9	99.9	99.9	-36.8333	22.5163	-124.074	-14.8727	5.19371	-41.0484	
1.6	8.3	0.9	3.1	7	0.8	0	2	0	0	4.7	56.3	73.9	36.8	55.35	30.3	31.1	99.9	99.9	99.9	99	99.9	99.2	99.8	99.7	99.9	99.9	-36.7751	22.6596	-124.069	-14.8049	5.23041	-41.0603	
1.61	8.3	0.9	3.1	7	0.8	0	2	0	0	4.7	56.3	73.9	36.8	55.35	30.3	31.1	99.9	99.9	99.9	99	99.9	99.2	99.8	99.7	99.9	99.9	-36.7751	22.6596	-124.069	-14.8049	5.23041	-41.0603	
1.62	8.3	0.9	3.1	7	0.8	0	2	0	0	4.7	56.3	73.9	36.8	55.35	30.3	31.1	99.9	99.9	99.9	99	99.9	99.2	99.8	99.7	99.9	99.9	-36.7751	22.6596	-124.069	-14.8049	5.23041	-41.0603	
1.63	8.3	0.9	3.1	7	0.8	0	2	0	0	4.7	56.3	73.9	36.8	55.35	30.3	31.1	99.9	99.9	99.9	99	99.9	99.2	99.8	99.7	99.9	99.9	-36.7751	22.6596	-124.069	-14.8049	5.23041	-41.0603	
1.64	8.3	0.9	3.1	7	0.8	0	2	0	0	4.7	56.3	73.9	36.8	55.35	30.3	31.1	99.9	99.9	99.9	99	99.9	99.2	99.8	99.7	99.9	99.9	-36.7751	22.6596	-124.069	-14.8049	5.23041	-41.0603	
1.65	8.3	0.9	3.1	7	0.8	0	2	0	0	4.7	56.3	73.9	36.8	55.35	30.3	31.1	99.9	99.9	99.9	99	99.9	99.2	99.8	99.7	99.9	99.9	-36.7751	22.6596	-124.069	-14.8049	5.23041	-41.0603	
1.66	8.3	0.9	3.1	7	0.8	0	2	0	0	4.7	56.3	73.9	36.8	55.35	30.3	31.1	99.9	99.9	99.9	99	99.9	99.2	99.8	99.7	99.9	99.9	-36.7751	22.6596	-124.069	-14.8049	5.23041	-41.0603	
1.67	8.3	0.9	3.1	7	0.8	0	2	0	0	4.7	56.3	73.9	36.8	55.35	30.3	31.1	99.9	99.9	99.9	99	99.9	99.2	99.8	99.7	99.9	99.9	-36.7751	22.6596	-124.069	-14.8049	5.23041	-41.0603	
1.68	8.3	0.9	3.1	7	0.8	0	2	0	0	4.7	56.3	73.9	36.8	55.35	30.3	31.1	99.9	99.9	99.9	99	99.9	99.2	99.8	99.7	99.9	99.9	-36.7751	22.6596	-124.069	-14.8049	5.23041	-41.0603	
1.69	8.3	0.9	3.1	7	0.8	0	2	0	0	4.7	56.3	73.9	36.8	55.35	30.3	31.1	99.9	99.9	99.9	99	99.9	99.2	99.8	99.7	99.9	99.9	-36.7751	22.6596	-124.069	-14.8049	5.23041	-41.0603	
1.7	8.3	0.9	3.1	7	0.8	0	2	0	0	4.7	56.3	73.9	36.8	55.35	30.3	31.1	99.9	99.9	99.9	99	99.9	99.2	99.8	99.7	99.9	99.9	-36.7751	22.6596	-124.069	-14.8049	5.23041	-41.0603	
1.71	8.3	0.9	3.1	7	0.8	0	2	0	0	4.7	56.3	73.9	36.8	55.35	30.3	31.1	99.9	99.9	99.9	99	99.9	99.2	99.8	99.7	99.9	99.9	-36.7751	22.6596	-124.069	-14.8049	5.23041	-41.0603	
1.72	8.3	0.9	3.1	7	0.8	0	2	0	0	4.7	56.3	73.9	36.8	55.35	30.3	31.1	99.9	99.9	99.9	99	99.9	99.2	99.8	99.7	99.9	99.9	-36.7751	22.6596	-124.069	-14.8049	5.23041	-41.0603	
1.73	8.3	0.9	3.1	7	0.8	0	2	0	0	4.7	56.3	73.9	36.8	55.35	30.3	31.1	99.9	99.9	99.9	99	99.9	99.2	99.8	99.7	99.9	99.9	-36.7751	22.6596	-124.069	-14.8049	5.23041	-41.0603	
1.74	8.3	0.9	3.1	7	0.8	0	2	0	0	4.7	56.3	73.9	36.8	55.35	30.3	31.1	99.9	99.9	99.9	99	99.9	99.2	99.8	99.7	99.9	99.9	-36.7751	22.6596	-124.069	-14.8049	5.23041	-41.0603	
1.75	8.3	0.9	3.1	7	0.8	0	2	0	0	4.7	56.3	73.9	36.8	55.35	30.3	31.1	99.9	99.9	99.9	99	99.9	99.2	99.8	99.7	99.9	99.9	-36.7751	22.6596	-124.069	-14.8049	5.23041	-41.0603	
1.76	8.3	0.9	3.1	7	0.8	0	2	0	0	4.7	56.3	73.9	36.8	55.35	30.3	31.1	99.9	99.9	99.9	99	99.9	99.2	99.8	99.7	99.9	99.9	-36.7751	22.6596	-124.069	-14.8049	5.23041	-41.0603	
1.77	8.3	0.9	3.1	7	0.8	0	2	0	0	4.7	56.3	73.9	36.8	55.35	30.3	31.1	99.9	99.9	99.9	99	99.9	99.2	99.8	99.7	99.9	99.9	-36.7751	22.6596	-124.069	-14.8049	5.23041	-41.0603	
1.78	8.3	0.9	3.1	7	0.8	0	2	0	0	4.7	56.3	73.9	36.8	55.35	30.3	31.1	99.9	99.9	99.9	99	99.9	99.2	99.8	99.7	99.9	99.9	-36.7751	22.6596	-124.069	-14.8049	5.23041	-41.0603	
1.79	8.3	0.9	3.1	7	0.8	0	2	0	0	4.7	56.3	73.9	36.8	55.35	30.3	31.1	99.9	99.9	99.9	99	99.9	99.2	99.8	99.7	99.9	99.9	-36.7751	22.6596	-124.069	-14.8049	5.23041	-41.0603	
1.8	8.3	0.9	3.1	7	0.8	0	2	0	0	4.7	56.3	73.9	36.8	55.35	30.3	31.1	99.9	99.9	99.9	99	99.9	99.2	99.8	99.7	99.9	99.9	-36.7751	22.6596	-124.069	-14.8049	5.23041	-41.0603	
1.81	8.3	0.9	3.1	7	0.8	0	2	0	0	4.7	56.3	73.9	36.8	55.35	30.3	31.1	99.9	99.9	99.9	99	99.9	99.2	99.8	99.7	99.9	99.9	-36.7751	22.6596	-124.069	-14.8049	5.23041	-41.0603	
1.82	8.3	0.9	3.1	7	0.8	0	2	0	0	4.7	56.3	73.9	36.8	55.35	30.3	31.1	99.9	99.9	99.9	99	99.9	99.2	99.8	99.7	99.9	99.9	-36.7751	22.6596	-124.069	-14.8049	5.23041	-41.0603	
1.83	8.3	0.9	3.1	7	0.8	0	2	0	0	4.7	56.3	73.9	36.8	55.35	30.3	31.1	99.9	99.9	99.9	99	99.9	99.2	99.8	99.7	99.9	99.9	-36.7751	22.6596	-124.069	-14.8049	5.23041	-41.0603	
1.84	8.3	0.9	3.1	7	0.8	0	2	0	0	4.7	56.3	73.9	36.8	55.35	30.3	31.1	99.9	99.9	99.9	99	99.9	99.2	99.8	99.7	99.9	99.9	-36.7751	22.6596	-124.069	-14.8049	5.23041	-41.0603	
1.85	8.3	0.9	3.1	7	0.8	0	2	0	0	4.7	56.3	73.9	36.8	55.35	30.3	31.1	99.9	99.9	99.9	99	99.9	99.2	99.8	99.7	99.9	99.9	-36.7751	22.6596	-124.069	-14.8049	5.23041	-41.0603	
1.86	8.3	0.9	3.1	7	0.8	0	2	0	0	4.7	56.3	73.9	36.8	55.35	30.3	31.1	99.9	99.9	99.9	99	99.9	99.2	99.8	99.7	99.9	99.9	-36.7751	22.6596	-124.069	-14.8049	5.23041	-41.0603	
1.87	8.3	0.9	3.1	7	0.8	0	2	0	0	4.7	56.3	73.9	36.8	55.35	30.3	31.1	99.9	99.9	99.9	99	99.9	99.2	99.8	99.7	99.9	99.9	-36.7751	22.6596	-124.069	-14.8049	5.23041	-41.0603	
1.88	8.3	0.9	3.1	7	0.8	0	2	0	0	4.7	56.3	73.9	36.8	55.35	30.3	31.1	99.9	99.9	99.9	99	99.9	99.2	99.8	99.7	99.9	99.9	-36.7751	22.6596	-124.069	-14.8049	5.23041	-41.0603	
1.89	8.3	0.9	3.1	7	0.8	0	2	0	0	4.7	56.3	73.9	36.8	55.35	30.3	31.1	99.9	99.9	99.9	99	99.9	99.2	99.8	99.7	99.9	99.9	-36.7751	22.6596	-124.069	-14.8049	5.23041	-41.0603	
1.9	8.3	0.9	3.1	7	0.8	0	2	0	0	4.7	56.3	73.9	36.8	55.35	30.3	31.1	99.9	99.9	99.9	99	99.9	99.2	99.8	99.7	99.9	99.9	-36.7751	22.6596	-124.069	-14.8049	5.23041	-41.0603	
1.91	8.3	0.9	3.1	7	0.8	0	2	0	0	4.7	56.3	73.9	36.8	55.35	30.3	31.1	99.9	99.9	99.9	99	99.9	99.2	99.8	99.7	99.9	99.9	-36.7751	22.6596	-124.069	-14.8049	5.23041	-41.0603	
1.92	8.3	0.9	3.1	7	0.8	0	2	0	0	4.7	56.3	73.9	36.8	55.35	30.3	31.1	99.9	99.9	99.9	99	99.9	99.2	99.8	99.7	99.9	99.9	-36.7751	22.6596	-124.069	-14.8049	5.23041	-41.0603	
1.93	8.3	0.9	3.1	7	0.8	0	2	0	0	4.7	56.3	73.9	36.8	55.35	30.3	31.1	99.9	99.9	99.9	99	99.9	99.2	99.8	99.7	99.9	99.9	-36.7751	22.6596	-124.069	-14.8049	5.23041	-41.0603	
1.94	8.3	0.9	3.1	7	0.8	0	2	0	0	4.7	56.3	73.9	36.8	55.35	30.3	31.1	99.9	99.9	99.9	99	99.9	99.2	99.8	99.7	99.9	99.9	-36.7751	22.6596	-124.069	-14.8049	5.23041	-41.0603	
1.95	8.3	0.9	3.1	7	0.8	0	2	0	0	4.7	56.3	73.9	36.8	55.35	30.3	31.1	99.9	99.9	99.9	99	99.9	99.2	99.8	99.7	99.9	99.9	-36.7751	22.6596	-124.069	-14.8049	5.23041	-41.0603	
1.96	8.3	0.9	3.1	7	0.8	0	2	0	0	4.7	56.3	73.9	36.8	55.35	30.3	31.1	99.9	99.9	99.9	99	99.9	99.2	99.8	99.7	99.9	99.9	-36.7751	22.6596	-124.069	-14.8049	5.23041	-41.0603	
1.97	8.1	1.2	3.2	7	0.5	0	2	0	0	4.7	56.2	73.4	36.7	55.05	30.5	31.1	100	99.9	99.9	98.7	99.9	99.2	99.7	99.9	99.9	99.9	-37.0442	22.4246	-124.159	-14.9205	5.13963	-41.0353	
1.98	8.1	1.2	3.2	7	0.5	0	2	0	0	4.7	56.2	73.4	36.7	55.05	30.5	31.1	100	99.9	99.9	98.7	99.9	99.2	99.7	99.9	99.9	99.9	-37.0442	22.4246	-124.159	-14.9205	5.13963	-41.0353	
1.99	8.1	1.2	3.2	7	0.5	0	2	0	0	4.7	56.2	73.4	36.7	55.05	30.5	31.1	100	99.9	99.9	98.7	99.9	99.2	99.7	99.9	99.9	99.9	-37.0442	22.4246	-124.159	-14.9205	5.13963	-41.0353	
2	8.1	1.2	3.2	7	0.5	0	2	0	0	4.7	56.2	73.4	36.7	55.05	30.5	31.1	100	99.9	99.9	98.7	99.9	99.2	99.7	99.9	99.9	99.9	-37.0442	22.4246	-124.159	-14.9205	5.13963	-41.0353	
2.01	8.1	1.2	3.2	7	0.5	0	2	0	0	4.7	56.2	73.4	36.7	55.05	30.5	31.1	100	99.9	99.9	98.7	99.9	99.2	99.7	99.9	99.9	99.9	-37.0442	22.4246	-124.159	-14.9205	5.13963	-41.0353	
2.02	8.1	1.2	3.2	7	0.5	0	2	0	0	4.7	56.2	73.4	36.7	55.05	30.5	31.1	100	99.9	99.9	98.7	99.9	99.2	99.7	99.9	99.9	99.9	-37.0442	22.4246	-124.159	-14.9205	5.13963	-41.0353	
2.03	8.1	1.2	3.2	7	0.5	0	2	0	0	4.7	56.2	73.4	36.7	55.05	30.5	31.1	100	99.9	99.9	98.7	99.9	99.2	99.7	99.9	99.9	99.9	-37.0442	22.4246	-124.159	-14.9205	5.13963	-41.0353	
2.04	8.1	1.2	3.2	7	0.5	0	2	0	0	4.7	56.2	73.4	36.7	55.05	30.5	31.1	100	99.9	99.9	98.7	99.9	99.2	99.7	99.9	99.9	99.9	-37.0442	22.4246	-124.159	-14.9205	5.13963	-41.0353	
2.05	8.1	1.2	3.2	7	0.5	0	2	0	0	4.7	56.2	73.4	36.7	55.05	30.5	31.1	100	99.9	99.9	98.7	99.9	99.2	99.7	99.9	99.9	99.9	-37.0442	22.4246	-124.159	-14.9205	5.13963	-41.0353	
2.06	8.1	1.2	3.2	7	0.5	0	2	0	0	4.7	56.2	73.4	36.7	55.05	30.5	31.1	100	99.9	99.9	98.7	99.9	99.2	99.7	99.9	99.9	99.9	-37.0442	22.4246	-124.159	-14.9205	5.13963	-41.0353	
2.07	8.1	1.2	3.2	7	0.5	0	2	0	0	4.7	56.2	73.4	36.7	55.05	30.5	31.1	100	99.9	99.9	98.7	99.9	99.2	99.7	99.9	99.9	99.9	-37.0442	22.4246	-124.159	-14.9205	5.13963	-41.0353	
2.08	8.1	1.2	3.2	7	0.5	0	2	0	0	4.7	56.2	73.4	36.7	55.05	30.5	31.1	100	99.9	99.9	98.7	99.9	99.2	99.7	99.9	99.9	99.9	-37.0442	22.4246	-124.159	-14.9205	5.13963	-41.0353	
2.09	8.1	1.2	3.2	7	0.5	0	2	0	0	4.7	56.2	73.4	36.7	55.05	30.5	31.1	100	99.9	99.9	98.7	99.9	99.2	99.7	99.9	99.9	99.9	-37.0442	22.4246	-124.159	-14.9205	5.13963	-41.0353	
2.1	8.1	1.2	3.2	7	0.5	0	2	0	0	4.7	56.2	73.4	36.7	55.05	30.5	31.1	100	99.9	99.9	98.7	99.9	99.2	99.7	99.9	99.9	99.9	-37.0442	22.4246	-124.159	-14.9205	5.13963	-41.0353	
2.11	8.1	1.2	3.2	7	0.5	0	2	0	0	4.7	56.2	73.4	36.7	55.05	30.5	31.1	100	99.9	99.9	98.7	99.9	99.2	99.7	99.9	99.9	99.9	-37.0442	22.4246	-124.159	-14.9205	5.13963	-41.0353	
2.12	8.1	1.2	3.2	7	0.5	0	2	0	0	4.7	56.2	73.4	36.7	55.05	30.5	31.1	100	99.9	99.9	98.7	99.9	99.2	99.7	99.9	99.9	99.9	-37.0442	22.4246	-124.159	-14.9205	5.13963	-41.0353	
2.13	8.1	1.2	3.2	7	0.5	0	2	0	0	4.7	56.2	73.4	36.7	55.05	30.5	31.1	100	99.9	99.9	98.7	99.9	99.2	99.7	99.9	99.9	99.9	-37.0442	22.4246	-124.159	-14.9205	5.13963	-41.0353	
2.14	8.1	1.2	3.2	7	0.5	0	2	0	0	4.7	56.2	73.4	36.7	55.05	30.5	31.1	100	99.9	99.9	98.7	99.9	99.2	99.7	99.9	99.9	99.9	-37.0442	22.4246	-124.159	-14.9205	5.13963	-41.0353	
2.15	8.1	1.2	3.2	7	0.5	0	2	0	0	4.7	56.2	73.4	36.7	55.05	30.5	31.1	100	99.9	99.9	98.7	99.9	99.2	99.7	99.9	99.9	99.9	-37.0442	22.4246	-124.159	-14.9205	5.13963	-41.0353	
2.16	8.1	1.2	3.2	7	0.5	0	2	0	0	4.7	56.2	73.4	36.7	55.05	30.5	31.1	100	99.9	99.9	98.7	99.9	99.2	99.7	99.9	99.9	99.9	-37.0442	22.4246	-124.159	-14.9205	5.13963	-41.0353	
2.17	8.1	1.2	3.2	7	0.5	0	2	0	0	4.7	56.2	73.4	36.7	55.05	30.5	31.1	100	99.9	99.9	98.7	99.9	99.2	99.7	99.9	99.9	99.9	-37.0442	22.4246	-124.159	-14.9205	5.13963	-41.0353	
2.18	8.1	1.2	3.2	7	0.5	0	2	0	0	4.7	56.2	73.4	36.7	55.05	30.5	31.1	100	99.9	99.9	98.7	99.9	99.2	99.7	99.9	99.9	99.9	-37.0442	22.4246	-124.159	-14.9205	5.13963	-41.0353	
2.19	8.1	1.2	3.2	7	0.5	0	2	0	0	4.7	56.2	73.4	36.7	55.05	30.5	31.1	100	99.9	99.9	98.7	99.9	99.2	99.7	99.9	99.9	99.9	-37.0442	22.4246	-124.159	-14.9205	5.13963	-41.0353	
2.2	8.1	1.2	3.2	7	0.5	0	2	0	0	4.7	56.2	73.4	36.7	55.05	30.5	31.1	100	99.9	99.9	98.7	99.9	99.2	99.7	99.9	99.9	99.9	-37.0442	22.4246	-124.159	-14.9205	5.13963	-41.0353	
2.21	8.1	1.2	3.2	7	0.5	0	2	0	0	4.7	56.2	73.4	36.7	55.05	30.5	31.1	100	99.9	99.9	98.7	99.9	99.2	99.7	99.9	99.9	99.9	-37.0442	22.4246	-124.159	-14.9205	5.13963	-41.0353	
2.22	8.1	1.2	3.2	7	0.5	0	2	0	0	4.7	56.2	73.4	36.7	55.05	30.5	31.1	100	99.9	99.9	98.7	99.9	99.2	99.7	99.9	99.9	99.9	-37.0442	22.4246	-124.159	-14.9205	5.13963	-41.0353	
2.23	8.1	1.2	3.2	7	0.5	0	2	0	0	4.7	56.2	73.4	36.7	55.05	30.5	31.1	100	99.9	99.9	98.7	99.9	99.2	99.7	99.9	99.9	99.9	-37.0442	22.4246	-124.159	-14.9205	5.13963	-41.0353	
2.24	8.1	1.2	3.2	7	0.5	0	2	0	0	4.7	56.2	73.4	36.7	55.05	30.5	31.1	100	99.9	99.9	98.7	99.9	99.2	99.7	99.9	99.9	99.9	-37.0442	22.4246	-124.159	-14.9205	5.13963	-41.0353	
2.25	8.1	1.2	3.2	7	0.5	0	2	0	0	4.7	56.2	73.4	36.7	55.05	30.5	31.1	100	99.9	99.9	98.7	99.9	99.2	99.7	99.9	99.9	99.9	-37.0442	22.4246	-124.159	-14.9205	5.13963	-41.0353	
2.26	8.1	1.2	3.2	7	0.5	0	2	0	0	4.7	56.2	73.4	36.7	55.05	30.5	31.1	100	99.9	99.9	98.7	99.9	99.2	99.7	99.9	99.9	99.9	-37.0442	22.4246	-124.159	-14.9205	5.13963	-41.0353	
2.27	8.1	1.2	3.2	7	0.5	0	2	0	0	4.7	56.2	73.4	36.7	55.05	30.5	31.1	100	99.9	99.9	98.7	99.9	99.2	99.7	99.9	99.9	99.9	-37.0442	22.4246	-124.159	-14.9205	5.13963	-41.0353	
2.28	8.1	1.2	3.2	7	0.5	0	2	0	0	4.7	56.2	73.4	36.7	55.05	30.5	31.1	100	99.9	99.9	98.7	99.9	99.2	99.7	99.9	99.9	99.9	-37.0442	22.4246	-124.159	-14.9205	5.13963	-41.0353	
2.29	8.1	1.2	3.2	7	0.5	0	2	0	0	4.7	56.2	73.4	36.7	55.05	30.5	31.1	100	99.9	99.9	98.7	99.9	99.2	99.7	99.9	99.9	99.9	-37.0442	22.4246	-124.159	-14.9205	5.13963	-41.0353	
2.3	8.1	1.2	3.2	7	0.5	0	2	0	0	4.7	56.2	73.4	36.7	55.05	30.5	31.1	100	99.9	99.9	98.7	99.9	99.2	99.7	99.9	99.9	99.9	-37.0442	22.4246	-124.159	-14.9205	5.13963	-41.0353	
2.31	8.1	1.2	3.2	7	0.5	0	2	0	0	4.7	56.2	73.4	36.7	55.05	30.5	31.1	100	99.9	99.9	98.7	99.9	99.2	99.7	99.9	99.9	99.9	-37.0442	22.4246	-124.159	-14.9205	5.13963	-41.0353	
2.32	8.1	1.2	3.2	7	0.5	0	2	0	0	4.7	56.2	73.4	36.7	55.05	30.5	31.1	100	99.9	99.9	98.7	99.9	99.2	99.7	99.9	99.9	99.9	-37.0442	22.4246	-124.159	-14.9205	5.13963	-41.0353	
2.33	8.1	1.2	3.2	7	0.5	0	2	0	0	4.7	56.2	73.4	36.7	55.05	30.5	31.1	100	99.9	99.9	98.7	99.9	99.2	99.7	99.9	99.9	99.9	-37.0442	22.4246	-124.159	-14.9205	5.13963	-41.0353	
2.34	8.3	1	3.3	7	0.6	0	2	0	0	4.7	56.3	73.6	36	54.8	30.4	30.5	99.9	99.9	99.9	99.2	99.9	99.3	99.9	99.9	99.6	99.9	-36.6043	22.6278	-123.945	-14.5749	5.31453	-41.034	
2.35	8.3	1	3.3	7	0.6	0	2	0	0	4.7	56.3	73.6	36	54.8	30.4	30.5	99.9	99.9	99.9	99.2	99.9	99.3	99.9	99.9	99.6	99.9	-36.6043	22.6278	-123.945	-14.5749	5.31453	-41.034	
2.36	8.3	1	3.3	7	0.6	0	2	0	0	4.7	56.3	73.6	36	54.8	30.4	30.5	99.9	99.9	99.9	99.2	99.9	99.3	99.9	99.9	99.6	99.9	-36.6043	22.6278	-123.945	-14.5749	5.31453	-41.034	
2.37	8.3	1	3.3	7	0.6	0	2	0	0	4.7	56.3	73.6	36	54.8	30.4	30.5	99.9	99.9	99.9	99.2	99.9	99.3	99.9	99.9	99.6	99.9	-36.6043	22.6278	-123.945	-14.5749	5.31453	-41.034	
2.38	8.3	1	3.3	7	0.6	0	2	0	0	4.7	56.3	73.6	36	54.8	30.4	30.5	99.9	99.9	99.9	99.2	99.9	99.3	99.9	99.9	99.6	99.9	-36.6043	22.6278	-123.945	-14.5749	5.31453	-41.034	
2.39	8.3	1	3.3	7	0.6	0	2	0	0	4.7	56.3	73.6	36	54.8	30.4	30.5	99.9	99.9	99.9	99.2	99.9	99.3	99.9	99.9	99.6	99.9	-36.6043	22.6278	-123.945	-14.5749	5.31453	-41.034	
2.4	8.3	1	3.3	7	0.6	0	2	0	0	4.7	56.3	73.6	36	54.8	30.4	30.5	99.9	99.9	99.9	99.2	99.9	99.3	99.9	99.9	99.6	99.9	-36.6043	22.6278	-123.945	-14.5749	5.31453	-41.034	
2.41	8.3	1	3.3	7	0.6	0	2	0	0	4.7	56.3	73.6	36	54.8	30.4	30.5	99.9	99.9	99.9	99.2	99.9	99.3	99.9	99.9	99.6	99.9	-36.6043	22.6278	-123.945	-14.5749	5.31453	-41.034	
2.42	8.3	1	3.3	7	0.6	0	2	0	0	4.7	56.3	73.6	36	54.8	30.4	30.5	99.9	99.9	99.9	99.2	99.9	99.3	99.9	99.9	99.6	99.9	-36.6043	22.6278	-123.945	-14.5749	5.31453	-41.034	
2.43	8.3	1	3.3	7	0.6	0	2	0	0	4.7	56.3	73.6	36	54.8	30.4	30.5	99.9	99.9	99.9	99.2	99.9	99.3	99.9	99.9	99.6	99.9	-36.6043	22.6278	-123.945	-14.5749	5.31453	-41.034	
2.44	8.3	1	3.3	7	0.6	0	2	0	0	4.7	56.3	73.6	36	54.8	30.4	30.5	99.9	99.9	99.9	99.2	99.9	99.3	99.9	99.9	99.6	99.9	-36.6043	22.6278	-123.945	-14.5749	5.31453	-41.034	
2.45	8.3	1	3.3	7	0.6	0	2	0	0	4.7	56.3	73.6	36	54.8	30.4	30.5	99.9	99.9	99.9	99.2	99.9	99.3	99.9	99.9	99.6	99.9	-36.6043	22.6278	-123.945	-14.5749	5.31453	-41.034	
2.46	8.3	1	3.3	7	0.6	0	2	0	0	4.7	56.3	73.6	36	54.8	30.4	30.5	99.9	99.9	99.9	99.2	99.9	99.3	99.9	99.9	99.6	99.9	-36.6043	22.6278	-123.945	-14.5749	5.31453	-41.034	
2.47	8.3	1	3.3	7	0.6	0	2	0	0	4.7	56.3	73.6	36	54.8	30.4	30.5	99.9	99.9	99.9	99.2	99.9	99.3	99.9	99.9	99.6	99.9	-36.6043	22.6278	-123.945	-14.5749	5.31453	-41.034	
2.48	8.3	1	3.3	7	0.6	0	2	0	0	4.7	56.3	73.6	36	54.8	30.4	30.5	99.9	99.9	99.9	99.2	99.9	99.3	99.9	99.9	99.6	99.9	-36.6043	22.6278	-123.945	-14.5749	5.31453	-41.034	
2.49	8.3	1	3.3	7	0.6	0	2	0	0	4.7	56.3	73.6	36	54.8	30.4	30.5	99.9	99.9	99.9	99.2	99.9	99.3	99.9	99.9	99.6	99.9	-36.6043	22.6278	-123.945	-14.5749	5.31453	-41.034	
2.5	8.3	1	3.3	7	0.6	0	2	0	0	4.7	56.3	73.6	36	54.8	30.4	30.5	99.9	99.9	99.9	99.2	99.9	99.3	99.9	99.9	99.6	99.9	-36.6043	22.6278	-123.945	-14.5749	5.31453	-41.034	
2.51	8.3	1	3.3	7	0.6	0	2	0	0	4.7	56.3	73.6	36	54.8	30.4	30.5	99.9	99.9	99.9	99.2	99.9	99.3	99.9	99.9	99.6	99.9	-36.6043	22.6278	-123.945	-14.5749	5.31453	-41.034	
2.52	8.3	1	3.3	7	0.6	0	2	0	0	4.7	56.3	73.6	36	54.8	30.4	30.5	99.9	99.9	99.9	99.2	99.9	99.3	99.9	99.9	99.6	99.9	-36.6043	22.6278	-123.945	-14.5749	5.31453	-41.034	
2.53	8.3	1	3.3	7	0.6	0	2	0	0	4.7	56.3	73.6	36	54.8	30.4	30.5	99.9	99.9	99.9	99.2	99.9	99.3	99.9	99.9	99.6	99.9	-36.6043	22.6278	-123.945	-14.5749	5.31453	-41.034	
2.54	8.3	1	3.3	7	0.6	0	2	0	0	4.7	56.3	73.6	36	54.8	30.4	30.5	99.9	99.9	99.9	99.2	99.9	99.3	99.9	99.9	99.6	99.9	-36.6043	22.6278	-123.945	-14.5749	5.31453	-41.034	
2.55	8.3	1	3.3	7	0.6	0	2	0	0	4.7	56.3	73.6	36	54.8	30.4	30.5	99.9	99.9	99.9	99.2	99.9	99.3	99.9	99.9	99.6	99.9	-36.6043	22.6278	-123.945	-14.5749	5.31453	-41.034	
2.56	8.3	1	3.3	7	0.6	0	2	0	0	4.7	56.3	73.6	36	54.8	30.4	30.5	99.9	99.9	99.9	99.2	99.9	99.3	99.9	99.9	99.6	99.9	-36.6043	22.6278	-123.945	-14.5749	5.31453	-41.034	
2.57	8.3	1	3.3	7	0.6	0	2	0	0	4.7	56.3	73.6	36	54.8	30.4	30.5	99.9	99.9	99.9	99.2	99.9	99.3	99.9	99.9	99.6	99.9	-36.6043	22.6278	-123.945	-14.5749	5.31453	-41.034	
2.58	8.3	1	3.3	7	0.6	0	2	0	0	4.7	56.3	73.6	36	54.8	30.4	30.5	99.9	99.9	99.9	99.2	99.9	99.3	99.9	99.9	99.6	99.9	-36.6043	22.6278	-123.945	-14.5749	5.31453	-41.034	
2.59	8.3	1	3.3	7	0.6	0	2	0	0	4.7	56.3	73.6	36	54.8	30.4	30.5	99.9	99.9	99.9	99.2	99.9	99.3	99.9	99.9	99.6	99.9	-36.6043	22.6278	-123.945	-14.5749	5.31453	-41.034	
2.6	8.3	1	3.3	7	0.6	0	2	0	0	4.7	56.3	73.6	36	54.8	30.4	30.5	99.9	99.9	99.9	99.2	99.9	99.3	99.9	99.9	99.6	99.9	-36.6043	22.6278	-123.945	-14.5749	5.31453	-41.034	
2.61	8.3	1	3.3	7	0.6	0	2	0	0	4.7	56.3	73.6	36	54.8	30.4	30.5	99.9	99.9	99.9	99.2	99.9	99.3	99.9	99.9	99.6	99.9	-36.6043	22.6278	-123.945	-14.5749	5.31453	-41.034	
2.62	8.3	1	3.3	7	0.6	0	2	0	0	4.7	56.3	73.6	36	54.8	30.4	30.5	99.9	99.9	99.9	99.2	99.9	99.3	99.9	99.9	99.6	99.9	-36.6043	22.6278	-123.945	-14.5749	5.31453	-41.034	
2.63	8.3	1	3.3	7	0.6	0	2	0	0	4.7	56.3	73.6	36	54.8	30.4	30.5	99.9	99.9	99.9	99.2	99.9	99.3	99.9	99.9	99.6	99.9	-36.6043	22.6278	-123.945	-14.5749	5.31453	-41.034	
2.64	8.3	1	3.3	7	0.6	0	2	0	0	4.7	56.3	73.6	36	54.8	30.4	30.5	99.9	99.9	99.9	99.2	99.9	99.3	99.9	99.9	99.6	99.9	-36.6043	22.6278	-123.945	-14.5749	5.31453	-41.034	
2.65	8.3	1	3.3	7	0.6	0	2	0	0	4.7	56.3	73.6	36	54.8	30.4	30.5	99.9	99.9	99.9	99.2	99.9	99.3	99.9	99.9	99.6	99.9	-36.6043	22.6278	-123.945	-14.5749	5.31453	-41.034	
2.66	8.3	1	3.3	7	0.6	0	2	0	0	4.7	56.3	73.6	36	54.8	30.4	30.5	99.9	99.9	99.9	99.2	99.9	99.3	99.9	99.9	99.6	99.9	-36.6043	22.6278	-123.945	-14.5749	5.31453	-41.034	
2.67	8.3	1	3.3	7	0.6	0	2	0	0	4.7	56.3	73.6	36	54.8	30.4	30.5	99.9	99.9	99.9	99.2	99.9	99.3	99.9	99.9	99.6	99.9	-36.6043	22.6278	-123.945	-14.5749	5.31453	-41.034	
2.68	8.3	1	3.3	7	0.6	0	2	0	0	4.7	56.3	73.6	36	54.8	30.4	30.5	99.9	99.9	99.9	99.2	99.9	99.3	99.9	99.9	99.6	99.9	-36.6043	22.6278	-123.945	-14.5749	5.31453	-41.034	
2.69	8.3	1	3.3	7	0.6	0	2	0	0	4.7	56.3	73.6	36	54.8	30.4	30.5	99.9	99.9	99.9	99.2	99.9	99.3	99.9	99.9	99.6	99.9	-36.6043	22.6278	-123.945	-14.5749	5.31453	-41.034	
2.7	8.1	1	3	7.1	0.6	0	1.9	0	0	4.7	56.2	73.5	36.5	55	30.5	31.2	100	99.9	99.9	99	99.9	99.3	99.8	99.9	99.9	99.8	-36.8713	22.6597	-124.044	-14.5741	5.35006	-41.022	
2.71	8	0.8	3	7	0.8	0	2.1	0	0	4.7	56.8	73.5	36.4	54.95	30	31.6	100	99.9	99.9	98.9	99.9	99.1	99.9	99.8	99.8	99.9	-36.9251	22.6087	-124.054	-14.6508	5.37532	-41.0352	
2.72	8	0.8	3	7	0.8	0	2.1	0	0	4.7	56.8	73.5	36.4	54.95	30	31.6	100	99.9	99.9	98.9	99.9	99.1	99.9	99.8	99.8	99.9	-36.9251	22.6087	-124.054	-14.6508	5.37532	-41.0352	
2.73	8	0.8	3	7	0.8	0	2.1	0	0	4.7	56.8	73.5	36.4	54.95	30	31.6	100	99.9	99.9	98.9	99.9	99.1	99.9	99.8	99.8	99.9	-36.9251	22.6087	-124.054	-14.6508	5.37532	-41.0352	
2.74	8	0.8	3	7	0.8	0	2.1	0	0	4.7	56.8	73.5	36.4	54.95	30	31.6	100	99.9	99.9	98.9	99.9	99.1	99.9	99.8	99.8	99.9	-36.9251	22.6087	-124.054	-14.6508	5.37532	-41.0352	
2.75	8	0.8	3	7	0.8	0	2.1	0	0	4.7	56.8	73.5	36.4	54.95	30	31.6	100	99.9	99.9	98.9	99.9	99.1	99.9	99.8	99.8	99.9	-36.9251	22.6087	-124.054	-14.6508	5.37532	-41.0352	
