Hora de inicio de la toma de datos: 11:49:55
AT(s)	F1.1	F1.2	F2.1	F2.2	F3.1	F3.2	F4.1	F4.2	F5.1	F5.2	ABD1	ABD2	ABD3	ABD4	PA	TCO	P1	P2	P3	P4	P5	P6	P7	P8	P9	P10	HRoll	HPitch	HYaw	WRoll	WPitch	WYaw	
0.01	68.7	30	93.7	89.1	89.9	83.9	45.9	71.9	41	83.3	0	68.8	37.2	53	32.1	26.8	62.5	99.9	99.9	99.6	99.9	97.3	99.8	34.5	99.7	99.8	-10.47	29.6719	-151.819	2.12891	8.56612	-163.749	
0.02	68.7	30	93.7	89.1	89.9	83.9	45.9	71.9	41	83.3	0	68.8	37.2	53	32.1	26.8	62.5	99.9	99.9	99.6	99.9	97.3	99.8	34.5	99.7	99.8	-10.47	29.6719	-151.819	2.12891	8.56612	-163.749	
0.03	68.7	30	93.7	89.1	89.9	83.9	45.9	71.9	41	83.3	0	68.8	37.2	53	32.1	26.8	62.5	99.9	99.9	99.6	99.9	97.3	99.8	34.5	99.7	99.8	-10.47	29.6719	-151.819	2.12891	8.56612	-163.749	
0.04	68.7	30	93.7	89.1	89.9	83.9	45.9	71.9	41	83.3	0	68.8	37.2	53	32.1	26.8	62.5	99.9	99.9	99.6	99.9	97.3	99.8	34.5	99.7	99.8	-10.47	29.6719	-151.819	2.12891	8.56612	-163.749	
0.05	68.7	30	93.7	89.1	89.9	83.9	45.9	71.9	41	83.3	0	68.8	37.2	53	32.1	26.8	62.5	99.9	99.9	99.6	99.9	97.3	99.8	34.5	99.7	99.8	-10.47	29.6719	-151.819	2.12891	8.56612	-163.749	
0.06	68.7	30	93.7	89.1	89.9	83.9	45.9	71.9	41	83.3	0	68.8	37.2	53	32.1	26.8	62.5	99.9	99.9	99.6	99.9	97.3	99.8	34.5	99.7	99.8	-10.47	29.6719	-151.819	2.12891	8.56612	-163.749	
0.07	68.7	30	93.7	89.1	89.9	83.9	45.9	71.9	41	83.3	0	68.8	37.2	53	32.1	26.8	62.5	99.9	99.9	99.6	99.9	97.3	99.8	34.5	99.7	99.8	-10.47	29.6719	-151.819	2.12891	8.56612	-163.749	
0.08	68.7	30	93.7	89.1	89.9	83.9	45.9	71.9	41	83.3	0	68.8	37.2	53	32.1	26.8	62.5	99.9	99.9	99.6	99.9	97.3	99.8	34.5	99.7	99.8	-10.47	29.6719	-151.819	2.12891	8.56612	-163.749	
0.09	68.7	30	93.7	89.1	89.9	83.9	45.9	71.9	41	83.3	0	68.8	37.2	53	32.1	26.8	62.5	99.9	99.9	99.6	99.9	97.3	99.8	34.5	99.7	99.8	-10.47	29.6719	-151.819	2.12891	8.56612	-163.749	
0.1	68.7	30	93.7	89.1	89.9	83.9	45.9	71.9	41	83.3	0	68.8	37.2	53	32.1	26.8	62.5	99.9	99.9	99.6	99.9	97.3	99.8	34.5	99.7	99.8	-10.47	29.6719	-151.819	2.12891	8.56612	-163.749	
0.11	68.7	30	93.7	89.1	89.9	83.9	45.9	71.9	41	83.3	0	68.8	37.2	53	32.1	26.8	62.5	99.9	99.9	99.6	99.9	97.3	99.8	34.5	99.7	99.8	-10.47	29.6719	-151.819	2.12891	8.56612	-163.749	
0.12	68.7	30	93.7	89.1	89.9	83.9	45.9	71.9	41	83.3	0	68.8	37.2	53	32.1	26.8	62.5	99.9	99.9	99.6	99.9	97.3	99.8	34.5	99.7	99.8	-10.47	29.6719	-151.819	2.12891	8.56612	-163.749	
0.13	68.7	30	93.7	89.1	89.9	83.9	45.9	71.9	41	83.3	0	68.8	37.2	53	32.1	26.8	62.5	99.9	99.9	99.6	99.9	97.3	99.8	34.5	99.7	99.8	-10.47	29.6719	-151.819	2.12891	8.56612	-163.749	
0.14	68.7	30	93.7	89.1	89.9	83.9	45.9	71.9	41	83.3	0	68.8	37.2	53	32.1	26.8	62.5	99.9	99.9	99.6	99.9	97.3	99.8	34.5	99.7	99.8	-10.47	29.6719	-151.819	2.12891	8.56612	-163.749	
0.15	68.7	30	93.7	89.1	89.9	83.9	45.9	71.9	41	83.3	0	68.8	37.2	53	32.1	26.8	62.5	99.9	99.9	99.6	99.9	97.3	99.8	34.5	99.7	99.8	-10.47	29.6719	-151.819	2.12891	8.56612	-163.749	
0.16	68.7	30	93.7	89.1	89.9	83.9	45.9	71.9	41	83.3	0	68.8	37.2	53	32.1	26.8	62.5	99.9	99.9	99.6	99.9	97.3	99.8	34.5	99.7	99.8	-10.47	29.6719	-151.819	2.12891	8.56612	-163.749	
0.171	68.7	30	93.7	89.1	89.9	83.9	45.9	71.9	41	83.3	0	68.8	37.2	53	32.1	26.8	62.5	99.9	99.9	99.6	99.9	97.3	99.8	34.5	99.7	99.8	-10.47	29.6719	-151.819	2.12891	8.56612	-163.749	
0.181	68.7	30	93.7	89.1	89.9	83.9	45.9	71.9	41	83.3	0	68.8	37.2	53	32.1	26.8	62.5	99.9	99.9	99.6	99.9	97.3	99.8	34.5	99.7	99.8	-10.47	29.6719	-151.819	2.12891	8.56612	-163.749	
0.191	68.7	30	93.7	89.1	89.9	83.9	45.9	71.9	41	83.3	0	68.8	37.2	53	32.1	26.8	62.5	99.9	99.9	99.6	99.9	97.3	99.8	34.5	99.7	99.8	-10.47	29.6719	-151.819	2.12891	8.56612	-163.749	
0.201	68.7	30	93.7	89.1	89.9	83.9	45.9	71.9	41	83.3	0	68.8	37.2	53	32.1	26.8	62.5	99.9	99.9	99.6	99.9	97.3	99.8	34.5	99.7	99.8	-10.47	29.6719	-151.819	2.12891	8.56612	-163.749	
0.211	68.7	30	93.7	89.1	89.9	83.9	45.9	71.9	41	83.3	0	68.8	37.2	53	32.1	26.8	62.5	99.9	99.9	99.6	99.9	97.3	99.8	34.5	99.7	99.8	-10.47	29.6719	-151.819	2.12891	8.56612	-163.749	
0.221	68.7	30	93.7	89.1	89.9	83.9	45.9	71.9	41	83.3	0	68.8	37.2	53	32.1	26.8	62.5	99.9	99.9	99.6	99.9	97.3	99.8	34.5	99.7	99.8	-10.47	29.6719	-151.819	2.12891	8.56612	-163.749	
0.231	68.7	30	93.7	89.1	89.9	83.9	45.9	71.9	41	83.3	0	68.8	37.2	53	32.1	26.8	62.5	99.9	99.9	99.6	99.9	97.3	99.8	34.5	99.7	99.8	-10.47	29.6719	-151.819	2.12891	8.56612	-163.749	
0.241	68.7	30	93.7	89.1	89.9	83.9	45.9	71.9	41	83.3	0	68.8	37.2	53	32.1	26.8	62.5	99.9	99.9	99.6	99.9	97.3	99.8	34.5	99.7	99.8	-10.47	29.6719	-151.819	2.12891	8.56612	-163.749	
0.251	68.7	30	93.7	89.1	89.9	83.9	45.9	71.9	41	83.3	0	68.8	37.2	53	32.1	26.8	62.5	99.9	99.9	99.6	99.9	97.3	99.8	34.5	99.7	99.8	-10.47	29.6719	-151.819	2.12891	8.56612	-163.749	
0.261	68.7	30	93.7	89.1	89.9	83.9	45.9	71.9	41	83.3	0	68.8	37.2	53	32.1	26.8	62.5	99.9	99.9	99.6	99.9	97.3	99.8	34.5	99.7	99.8	-10.47	29.6719	-151.819	2.12891	8.56612	-163.749	
0.271	68.7	30	93.7	89.1	89.9	83.9	45.9	71.9	41	83.3	0	68.8	37.2	53	32.1	26.8	62.5	99.9	99.9	99.6	99.9	97.3	99.8	34.5	99.7	99.8	-10.47	29.6719	-151.819	2.12891	8.56612	-163.749	
0.281	68.7	30	93.7	89.1	89.9	83.9	45.9	71.9	41	83.3	0	68.8	37.2	53	32.1	26.8	62.5	99.9	99.9	99.6	99.9	97.3	99.8	34.5	99.7	99.8	-10.47	29.6719	-151.819	2.12891	8.56612	-163.749	
0.29	68.7	30	93.7	89.1	89.9	83.9	45.9	71.9	41	83.3	0	68.8	37.2	53	32.1	26.8	62.5	99.9	99.9	99.6	99.9	97.3	99.8	34.5	99.7	99.8	-10.47	29.6719	-151.819	2.12891	8.56612	-163.749	
0.3	68.3	30.1	93.9	89	90.3	84.1	45.6	71.7	41.2	83.1	0	68.3	37.3	52.8	32.1	26.9	63.2	99.9	99.9	99.5	99.9	96.8	99.6	34.5	99.9	97.9	-10.8456	29.958	-152.024	1.87275	8.92845	-163.773	
0.31	68.3	30.1	93.9	89	90.3	84.1	45.6	71.7	41.2	83.1	0	68.3	37.3	52.8	32.1	26.9	63.2	99.9	99.9	99.5	99.9	96.8	99.6	34.5	99.9	97.9	-10.8456	29.958	-152.024	1.87275	8.92845	-163.773	
0.32	68.3	30.1	93.9	89	90.3	84.1	45.6	71.7	41.2	83.1	0	68.3	37.3	52.8	32.1	26.9	63.2	99.9	99.9	99.5	99.9	96.8	99.6	34.5	99.9	97.9	-10.8456	29.958	-152.024	1.87275	8.92845	-163.773	
0.33	68.3	30.1	93.9	89	90.3	84.1	45.6	71.7	41.2	83.1	0	68.3	37.3	52.8	32.1	26.9	63.2	99.9	99.9	99.5	99.9	96.8	99.6	34.5	99.9	97.9	-10.8456	29.958	-152.024	1.87275	8.92845	-163.773	
0.34	68.3	30.1	93.9	89	90.3	84.1	45.6	71.7	41.2	83.1	0	68.3	37.3	52.8	32.1	26.9	63.2	99.9	99.9	99.5	99.9	96.8	99.6	34.5	99.9	97.9	-10.8456	29.958	-152.024	1.87275	8.92845	-163.773	
0.35	68.3	30.1	93.9	89	90.3	84.1	45.6	71.7	41.2	83.1	0	68.3	37.3	52.8	32.1	26.9	63.2	99.9	99.9	99.5	99.9	96.8	99.6	34.5	99.9	97.9	-10.8456	29.958	-152.024	1.87275	8.92845	-163.773	
0.36	68.3	30.1	93.9	89	90.3	84.1	45.6	71.7	41.2	83.1	0	68.3	37.3	52.8	32.1	26.9	63.2	99.9	99.9	99.5	99.9	96.8	99.6	34.5	99.9	97.9	-10.8456	29.958	-152.024	1.87275	8.92845	-163.773	
0.37	68.3	30.1	93.9	89	90.3	84.1	45.6	71.7	41.2	83.1	0	68.3	37.3	52.8	32.1	26.9	63.2	99.9	99.9	99.5	99.9	96.8	99.6	34.5	99.9	97.9	-10.8456	29.958	-152.024	1.87275	8.92845	-163.773	
0.38	68.3	30.1	93.9	89	90.3	84.1	45.6	71.7	41.2	83.1	0	68.3	37.3	52.8	32.1	26.9	63.2	99.9	99.9	99.5	99.9	96.8	99.6	34.5	99.9	97.9	-10.8456	29.958	-152.024	1.87275	8.92845	-163.773	
0.39	68.3	30.1	93.9	89	90.3	84.1	45.6	71.7	41.2	83.1	0	68.3	37.3	52.8	32.1	26.9	63.2	99.9	99.9	99.5	99.9	96.8	99.6	34.5	99.9	97.9	-10.8456	29.958	-152.024	1.87275	8.92845	-163.773	
0.4	68.3	30.1	93.9	89	90.3	84.1	45.6	71.7	41.2	83.1	0	68.3	37.3	52.8	32.1	26.9	63.2	99.9	99.9	99.5	99.9	96.8	99.6	34.5	99.9	97.9	-10.8456	29.958	-152.024	1.87275	8.92845	-163.773	
0.41	68.3	30.1	93.9	89	90.3	84.1	45.6	71.7	41.2	83.1	0	68.3	37.3	52.8	32.1	26.9	63.2	99.9	99.9	99.5	99.9	96.8	99.6	34.5	99.9	97.9	-10.8456	29.958	-152.024	1.87275	8.92845	-163.773	
0.42	68.3	30.1	93.9	89	90.3	84.1	45.6	71.7	41.2	83.1	0	68.3	37.3	52.8	32.1	26.9	63.2	99.9	99.9	99.5	99.9	96.8	99.6	34.5	99.9	97.9	-10.8456	29.958	-152.024	1.87275	8.92845	-163.773	
0.43	68.3	30.1	93.9	89	90.3	84.1	45.6	71.7	41.2	83.1	0	68.3	37.3	52.8	32.1	26.9	63.2	99.9	99.9	99.5	99.9	96.8	99.6	34.5	99.9	97.9	-10.8456	29.958	-152.024	1.87275	8.92845	-163.773	
0.44	68.3	30.1	93.9	89	90.3	84.1	45.6	71.7	41.2	83.1	0	68.3	37.3	52.8	32.1	26.9	63.2	99.9	99.9	99.5	99.9	96.8	99.6	34.5	99.9	97.9	-10.8456	29.958	-152.024	1.87275	8.92845	-163.773	
0.45	68.3	30.1	93.9	89	90.3	84.1	45.6	71.7	41.2	83.1	0	68.3	37.3	52.8	32.1	26.9	63.2	99.9	99.9	99.5	99.9	96.8	99.6	34.5	99.9	97.9	-10.8456	29.958	-152.024	1.87275	8.92845	-163.773	
0.46	68.3	30.1	93.9	89	90.3	84.1	45.6	71.7	41.2	83.1	0	68.3	37.3	52.8	32.1	26.9	63.2	99.9	99.9	99.5	99.9	96.8	99.6	34.5	99.9	97.9	-10.8456	29.958	-152.024	1.87275	8.92845	-163.773	
0.47	68.3	30.1	93.9	89	90.3	84.1	45.6	71.7	41.2	83.1	0	68.3	37.3	52.8	32.1	26.9	63.2	99.9	99.9	99.5	99.9	96.8	99.6	34.5	99.9	97.9	-10.8456	29.958	-152.024	1.87275	8.92845	-163.773	
0.48	68.3	30.1	93.9	89	90.3	84.1	45.6	71.7	41.2	83.1	0	68.3	37.3	52.8	32.1	26.9	63.2	99.9	99.9	99.5	99.9	96.8	99.6	34.5	99.9	97.9	-10.8456	29.958	-152.024	1.87275	8.92845	-163.773	
0.49	68.3	30.1	93.9	89	90.3	84.1	45.6	71.7	41.2	83.1	0	68.3	37.3	52.8	32.1	26.9	63.2	99.9	99.9	99.5	99.9	96.8	99.6	34.5	99.9	97.9	-10.8456	29.958	-152.024	1.87275	8.92845	-163.773	
0.5	68.3	30.1	93.9	89	90.3	84.1	45.6	71.7	41.2	83.1	0	68.3	37.3	52.8	32.1	26.9	63.2	99.9	99.9	99.5	99.9	96.8	99.6	34.5	99.9	97.9	-10.8456	29.958	-152.024	1.87275	8.92845	-163.773	
0.51	68.3	30.1	93.9	89	90.3	84.1	45.6	71.7	41.2	83.1	0	68.3	37.3	52.8	32.1	26.9	63.2	99.9	99.9	99.5	99.9	96.8	99.6	34.5	99.9	97.9	-10.8456	29.958	-152.024	1.87275	8.92845	-163.773	
0.52	68.3	30.1	93.9	89	90.3	84.1	45.6	71.7	41.2	83.1	0	68.3	37.3	52.8	32.1	26.9	63.2	99.9	99.9	99.5	99.9	96.8	99.6	34.5	99.9	97.9	-10.8456	29.958	-152.024	1.87275	8.92845	-163.773	
0.53	68.3	30.1	93.9	89	90.3	84.1	45.6	71.7	41.2	83.1	0	68.3	37.3	52.8	32.1	26.9	63.2	99.9	99.9	99.5	99.9	96.8	99.6	34.5	99.9	97.9	-10.8456	29.958	-152.024	1.87275	8.92845	-163.773	
0.54	68.3	30.1	93.9	89	90.3	84.1	45.6	71.7	41.2	83.1	0	68.3	37.3	52.8	32.1	26.9	63.2	99.9	99.9	99.5	99.9	96.8	99.6	34.5	99.9	97.9	-10.8456	29.958	-152.024	1.87275	8.92845	-163.773	
0.55	68.3	30.1	93.9	89	90.3	84.1	45.6	71.7	41.2	83.1	0	68.3	37.3	52.8	32.1	26.9	63.2	99.9	99.9	99.5	99.9	96.8	99.6	34.5	99.9	97.9	-10.8456	29.958	-152.024	1.87275	8.92845	-163.773	
0.56	68.3	30.1	93.9	89	90.3	84.1	45.6	71.7	41.2	83.1	0	68.3	37.3	52.8	32.1	26.9	63.2	99.9	99.9	99.5	99.9	96.8	99.6	34.5	99.9	97.9	-10.8456	29.958	-152.024	1.87275	8.92845	-163.773	
0.57	68.3	30.1	93.9	89	90.3	84.1	45.6	71.7	41.2	83.1	0	68.3	37.3	52.8	32.1	26.9	63.2	99.9	99.9	99.5	99.9	96.8	99.6	34.5	99.9	97.9	-10.8456	29.958	-152.024	1.87275	8.92845	-163.773	
0.58	68.3	30.1	93.9	89	90.3	84.1	45.6	71.7	41.2	83.1	0	68.3	37.3	52.8	32.1	26.9	63.2	99.9	99.9	99.5	99.9	96.8	99.6	34.5	99.9	97.9	-10.8456	29.958	-152.024	1.87275	8.92845	-163.773	
0.59	68.3	30.1	93.9	89	90.3	84.1	45.6	71.7	41.2	83.1	0	68.3	37.3	52.8	32.1	26.9	63.2	99.9	99.9	99.5	99.9	96.8	99.6	34.5	99.9	97.9	-10.8456	29.958	-152.024	1.87275	8.92845	-163.773	
0.6	68.3	30.1	93.9	89	90.3	84.1	45.6	71.7	41.2	83.1	0	68.3	37.3	52.8	32.1	26.9	63.2	99.9	99.9	99.5	99.9	96.8	99.6	34.5	99.9	97.9	-10.8456	29.958	-152.024	1.87275	8.92845	-163.773	
0.61	68.3	30.1	93.9	89	90.3	84.1	45.6	71.7	41.2	83.1	0	68.3	37.3	52.8	32.1	26.9	63.2	99.9	99.9	99.5	99.9	96.8	99.6	34.5	99.9	97.9	-10.8456	29.958	-152.024	1.87275	8.92845	-163.773	
0.62	68.3	30.1	93.9	89	90.3	84.1	45.6	71.7	41.2	83.1	0	68.3	37.3	52.8	32.1	26.9	63.2	99.9	99.9	99.5	99.9	96.8	99.6	34.5	99.9	97.9	-10.8456	29.958	-152.024	1.87275	8.92845	-163.773	
0.63	68.3	30.1	93.9	89	90.3	84.1	45.6	71.7	41.2	83.1	0	68.3	37.3	52.8	32.1	26.9	63.2	99.9	99.9	99.5	99.9	96.8	99.6	34.5	99.9	97.9	-10.8456	29.958	-152.024	1.87275	8.92845	-163.773	
0.64	68.3	30.1	93.9	89	90.3	84.1	45.6	71.7	41.2	83.1	0	68.3	37.3	52.8	32.1	26.9	63.2	99.9	99.9	99.5	99.9	96.8	99.6	34.5	99.9	97.9	-10.8456	29.958	-152.024	1.87275	8.92845	-163.773	
0.65	68.3	30.1	93.9	89	90.3	84.1	45.6	71.7	41.2	83.1	0	68.3	37.3	52.8	32.1	26.9	63.2	99.9	99.9	99.5	99.9	96.8	99.6	34.5	99.9	97.9	-10.8456	29.958	-152.024	1.87275	8.92845	-163.773	
0.66	68.3	30.1	93.9	89	90.3	84.1	45.6	71.7	41.2	83.1	0	68.3	37.3	52.8	32.1	26.9	63.2	99.9	99.9	99.5	99.9	96.8	99.6	34.5	99.9	97.9	-10.8456	29.958	-152.024	1.87275	8.92845	-163.773	
0.67	68.2	29.9	93.9	89.1	89.7	83.9	45.3	71.7	40.7	82.9	0	68.3	37	52.65	31.7	26.8	63.4	99.9	99.9	99.5	99.9	97.1	99.9	33.9	99.8	97.4	-10.8514	30.0227	-152.291	2.08782	8.51428	-163.863	
0.68	68.2	29.9	93.9	89.1	89.7	83.9	45.3	71.7	40.7	82.9	0	68.3	37	52.65	31.7	26.8	63.4	99.9	99.9	99.5	99.9	97.1	99.9	33.9	99.8	97.4	-10.8514	30.0227	-152.291	2.08782	8.51428	-163.863	
0.69	68.2	29.9	93.9	89.1	89.7	83.9	45.3	71.7	40.7	82.9	0	68.3	37	52.65	31.7	26.8	63.4	99.9	99.9	99.5	99.9	97.1	99.9	33.9	99.8	97.4	-10.8514	30.0227	-152.291	2.08782	8.51428	-163.863	
0.7	68.2	29.9	93.9	89.1	89.7	83.9	45.3	71.7	40.7	82.9	0	68.3	37	52.65	31.7	26.8	63.4	99.9	99.9	99.5	99.9	97.1	99.9	33.9	99.8	97.4	-10.8514	30.0227	-152.291	2.08782	8.51428	-163.863	
0.71	68.2	29.9	93.9	89.1	89.7	83.9	45.3	71.7	40.7	82.9	0	68.3	37	52.65	31.7	26.8	63.4	99.9	99.9	99.5	99.9	97.1	99.9	33.9	99.8	97.4	-10.8514	30.0227	-152.291	2.08782	8.51428	-163.863	
0.72	68.2	29.9	93.9	89.1	89.7	83.9	45.3	71.7	40.7	82.9	0	68.3	37	52.65	31.7	26.8	63.4	99.9	99.9	99.5	99.9	97.1	99.9	33.9	99.8	97.4	-10.8514	30.0227	-152.291	2.08782	8.51428	-163.863	
0.73	68.2	29.9	93.9	89.1	89.7	83.9	45.3	71.7	40.7	82.9	0	68.3	37	52.65	31.7	26.8	63.4	99.9	99.9	99.5	99.9	97.1	99.9	33.9	99.8	97.4	-10.8514	30.0227	-152.291	2.08782	8.51428	-163.863	
0.74	68.2	29.9	93.9	89.1	89.7	83.9	45.3	71.7	40.7	82.9	0	68.3	37	52.65	31.7	26.8	63.4	99.9	99.9	99.5	99.9	97.1	99.9	33.9	99.8	97.4	-10.8514	30.0227	-152.291	2.08782	8.51428	-163.863	
0.75	68.2	29.9	93.9	89.1	89.7	83.9	45.3	71.7	40.7	82.9	0	68.3	37	52.65	31.7	26.8	63.4	99.9	99.9	99.5	99.9	97.1	99.9	33.9	99.8	97.4	-10.8514	30.0227	-152.291	2.08782	8.51428	-163.863	
0.76	68.2	29.9	93.9	89.1	89.7	83.9	45.3	71.7	40.7	82.9	0	68.3	37	52.65	31.7	26.8	63.4	99.9	99.9	99.5	99.9	97.1	99.9	33.9	99.8	97.4	-10.8514	30.0227	-152.291	2.08782	8.51428	-163.863	
0.77	68.2	29.9	93.9	89.1	89.7	83.9	45.3	71.7	40.7	82.9	0	68.3	37	52.65	31.7	26.8	63.4	99.9	99.9	99.5	99.9	97.1	99.9	33.9	99.8	97.4	-10.8514	30.0227	-152.291	2.08782	8.51428	-163.863	
0.78	68.2	29.9	93.9	89.1	89.7	83.9	45.3	71.7	40.7	82.9	0	68.3	37	52.65	31.7	26.8	63.4	99.9	99.9	99.5	99.9	97.1	99.9	33.9	99.8	97.4	-10.8514	30.0227	-152.291	2.08782	8.51428	-163.863	
0.79	68.2	29.9	93.9	89.1	89.7	83.9	45.3	71.7	40.7	82.9	0	68.3	37	52.65	31.7	26.8	63.4	99.9	99.9	99.5	99.9	97.1	99.9	33.9	99.8	97.4	-10.8514	30.0227	-152.291	2.08782	8.51428	-163.863	
0.8	68.2	29.9	93.9	89.1	89.7	83.9	45.3	71.7	40.7	82.9	0	68.3	37	52.65	31.7	26.8	63.4	99.9	99.9	99.5	99.9	97.1	99.9	33.9	99.8	97.4	-10.8514	30.0227	-152.291	2.08782	8.51428	-163.863	
0.81	68.2	29.9	93.9	89.1	89.7	83.9	45.3	71.7	40.7	82.9	0	68.3	37	52.65	31.7	26.8	63.4	99.9	99.9	99.5	99.9	97.1	99.9	33.9	99.8	97.4	-10.8514	30.0227	-152.291	2.08782	8.51428	-163.863	
0.82	68.2	29.9	93.9	89.1	89.7	83.9	45.3	71.7	40.7	82.9	0	68.3	37	52.65	31.7	26.8	63.4	99.9	99.9	99.5	99.9	97.1	99.9	33.9	99.8	97.4	-10.8514	30.0227	-152.291	2.08782	8.51428	-163.863	
0.83	68.2	29.9	93.9	89.1	89.7	83.9	45.3	71.7	40.7	82.9	0	68.3	37	52.65	31.7	26.8	63.4	99.9	99.9	99.5	99.9	97.1	99.9	33.9	99.8	97.4	-10.8514	30.0227	-152.291	2.08782	8.51428	-163.863	
0.84	68.2	29.9	93.9	89.1	89.7	83.9	45.3	71.7	40.7	82.9	0	68.3	37	52.65	31.7	26.8	63.4	99.9	99.9	99.5	99.9	97.1	99.9	33.9	99.8	97.4	-10.8514	30.0227	-152.291	2.08782	8.51428	-163.863	
0.85	68.2	29.9	93.9	89.1	89.7	83.9	45.3	71.7	40.7	82.9	0	68.3	37	52.65	31.7	26.8	63.4	99.9	99.9	99.5	99.9	97.1	99.9	33.9	99.8	97.4	-10.8514	30.0227	-152.291	2.08782	8.51428	-163.863	
0.86	68.2	29.9	93.9	89.1	89.7	83.9	45.3	71.7	40.7	82.9	0	68.3	37	52.65	31.7	26.8	63.4	99.9	99.9	99.5	99.9	97.1	99.9	33.9	99.8	97.4	-10.8514	30.0227	-152.291	2.08782	8.51428	-163.863	
0.87	68.2	29.9	93.9	89.1	89.7	83.9	45.3	71.7	40.7	82.9	0	68.3	37	52.65	31.7	26.8	63.4	99.9	99.9	99.5	99.9	97.1	99.9	33.9	99.8	97.4	-10.8514	30.0227	-152.291	2.08782	8.51428	-163.863	
0.88	68.2	29.9	93.9	89.1	89.7	83.9	45.3	71.7	40.7	82.9	0	68.3	37	52.65	31.7	26.8	63.4	99.9	99.9	99.5	99.9	97.1	99.9	33.9	99.8	97.4	-10.8514	30.0227	-152.291	2.08782	8.51428	-163.863	
0.89	68.2	29.9	93.9	89.1	89.7	83.9	45.3	71.7	40.7	82.9	0	68.3	37	52.65	31.7	26.8	63.4	99.9	99.9	99.5	99.9	97.1	99.9	33.9	99.8	97.4	-10.8514	30.0227	-152.291	2.08782	8.51428	-163.863	
0.9	68.2	29.9	93.9	89.1	89.7	83.9	45.3	71.7	40.7	82.9	0	68.3	37	52.65	31.7	26.8	63.4	99.9	99.9	99.5	99.9	97.1	99.9	33.9	99.8	97.4	-10.8514	30.0227	-152.291	2.08782	8.51428	-163.863	
0.91	68.2	29.9	93.9	89.1	89.7	83.9	45.3	71.7	40.7	82.9	0	68.3	37	52.65	31.7	26.8	63.4	99.9	99.9	99.5	99.9	97.1	99.9	33.9	99.8	97.4	-10.8514	30.0227	-152.291	2.08782	8.51428	-163.863	
0.92	68.2	29.9	93.9	89.1	89.7	83.9	45.3	71.7	40.7	82.9	0	68.3	37	52.65	31.7	26.8	63.4	99.9	99.9	99.5	99.9	97.1	99.9	33.9	99.8	97.4	-10.8514	30.0227	-152.291	2.08782	8.51428	-163.863	
0.93	68.2	29.9	93.9	89.1	89.7	83.9	45.3	71.7	40.7	82.9	0	68.3	37	52.65	31.7	26.8	63.4	99.9	99.9	99.5	99.9	97.1	99.9	33.9	99.8	97.4	-10.8514	30.0227	-152.291	2.08782	8.51428	-163.863	
0.94	68.2	29.9	93.9	89.1	89.7	83.9	45.3	71.7	40.7	82.9	0	68.3	37	52.65	31.7	26.8	63.4	99.9	99.9	99.5	99.9	97.1	99.9	33.9	99.8	97.4	-10.8514	30.0227	-152.291	2.08782	8.51428	-163.863	
0.95	68.2	29.9	93.9	89.1	89.7	83.9	45.3	71.7	40.7	82.9	0	68.3	37	52.65	31.7	26.8	63.4	99.9	99.9	99.5	99.9	97.1	99.9	33.9	99.8	97.4	-10.8514	30.0227	-152.291	2.08782	8.51428	-163.863	
0.96	68.2	29.9	93.9	89.1	89.7	83.9	45.3	71.7	40.7	82.9	0	68.3	37	52.65	31.7	26.8	63.4	99.9	99.9	99.5	99.9	97.1	99.9	33.9	99.8	97.4	-10.8514	30.0227	-152.291	2.08782	8.51428	-163.863	
0.97	68.2	29.9	93.9	89.1	89.7	83.9	45.3	71.7	40.7	82.9	0	68.3	37	52.65	31.7	26.8	63.4	99.9	99.9	99.5	99.9	97.1	99.9	33.9	99.8	97.4	-10.8514	30.0227	-152.291	2.08782	8.51428	-163.863	
0.98	68.2	29.9	93.9	89.1	89.7	83.9	45.3	71.7	40.7	82.9	0	68.3	37	52.65	31.7	26.8	63.4	99.9	99.9	99.5	99.9	97.1	99.9	33.9	99.8	97.4	-10.8514	30.0227	-152.291	2.08782	8.51428	-163.863	
0.99	68.2	29.9	93.9	89.1	89.7	83.9	45.3	71.7	40.7	82.9	0	68.3	37	52.65	31.7	26.8	63.4	99.9	99.9	99.5	99.9	97.1	99.9	33.9	99.8	97.4	-10.8514	30.0227	-152.291	2.08782	8.51428	-163.863	
1	68.2	29.9	93.9	89.1	89.7	83.9	45.3	71.7	40.7	82.9	0	68.3	37	52.65	31.7	26.8	63.4	99.9	99.9	99.5	99.9	97.1	99.9	33.9	99.8	97.4	-10.8514	30.0227	-152.291	2.08782	8.51428	-163.863	
1.01	68.2	29.9	93.9	89.1	89.7	83.9	45.3	71.7	40.7	82.9	0	68.3	37	52.65	31.7	26.8	63.4	99.9	99.9	99.5	99.9	97.1	99.9	33.9	99.8	97.4	-10.8514	30.0227	-152.291	2.08782	8.51428	-163.863	
1.02	68.2	29.9	93.9	89.1	89.7	83.9	45.3	71.7	40.7	82.9	0	68.3	37	52.65	31.7	26.8	63.4	99.9	99.9	99.5	99.9	97.1	99.9	33.9	99.8	97.4	-10.8514	30.0227	-152.291	2.08782	8.51428	-163.863	
1.03	68.2	29.9	93.9	89.1	89.7	83.9	45.3	71.7	40.7	82.9	0	68.3	37	52.65	31.7	26.8	63.4	99.9	99.9	99.5	99.9	97.1	99.9	33.9	99.8	97.4	-10.8514	30.0227	-152.291	2.08782	8.51428	-163.863	
1.04	67.6	29.6	94.6	89	89.8	83.9	45.2	71.4	41.4	82.8	0	68.6	37.3	52.95	31.5	26.7	63.7	99.9	99.9	99.5	99.9	97.1	99.9	33.7	99.8	95.7	-10.6517	29.8738	-152.348	1.74177	8.71547	-163.901	
1.05	67.6	29.6	94.6	89	89.8	83.9	45.2	71.4	41.4	82.8	0	68.6	37.3	52.95	31.5	26.7	63.7	99.9	99.9	99.5	99.9	97.1	99.9	33.7	99.8	95.7	-10.6517	29.8738	-152.348	1.74177	8.71547	-163.901	
1.06	67.6	29.6	94.6	89	89.8	83.9	45.2	71.4	41.4	82.8	0	68.6	37.3	52.95	31.5	26.7	63.7	99.9	99.9	99.5	99.9	97.1	99.9	33.7	99.8	95.7	-10.6517	29.8738	-152.348	1.74177	8.71547	-163.901	
1.07	67.6	29.6	94.6	89	89.8	83.9	45.2	71.4	41.4	82.8	0	68.6	37.3	52.95	31.5	26.7	63.7	99.9	99.9	99.5	99.9	97.1	99.9	33.7	99.8	95.7	-10.6517	29.8738	-152.348	1.74177	8.71547	-163.901	
1.08	67.6	29.6	94.6	89	89.8	83.9	45.2	71.4	41.4	82.8	0	68.6	37.3	52.95	31.5	26.7	63.7	99.9	99.9	99.5	99.9	97.1	99.9	33.7	99.8	95.7	-10.6517	29.8738	-152.348	1.74177	8.71547	-163.901	
1.09	67.6	29.6	94.6	89	89.8	83.9	45.2	71.4	41.4	82.8	0	68.6	37.3	52.95	31.5	26.7	63.7	99.9	99.9	99.5	99.9	97.1	99.9	33.7	99.8	95.7	-10.6517	29.8738	-152.348	1.74177	8.71547	-163.901	
1.1	67.6	29.6	94.6	89	89.8	83.9	45.2	71.4	41.4	82.8	0	68.6	37.3	52.95	31.5	26.7	63.7	99.9	99.9	99.5	99.9	97.1	99.9	33.7	99.8	95.7	-10.6517	29.8738	-152.348	1.74177	8.71547	-163.901	
1.11	67.6	29.6	94.6	89	89.8	83.9	45.2	71.4	41.4	82.8	0	68.6	37.3	52.95	31.5	26.7	63.7	99.9	99.9	99.5	99.9	97.1	99.9	33.7	99.8	95.7	-10.6517	29.8738	-152.348	1.74177	8.71547	-163.901	
1.12	67.6	29.6	94.6	89	89.8	83.9	45.2	71.4	41.4	82.8	0	68.6	37.3	52.95	31.5	26.7	63.7	99.9	99.9	99.5	99.9	97.1	99.9	33.7	99.8	95.7	-10.6517	29.8738	-152.348	1.74177	8.71547	-163.901	
1.13	67.6	29.6	94.6	89	89.8	83.9	45.2	71.4	41.4	82.8	0	68.6	37.3	52.95	31.5	26.7	63.7	99.9	99.9	99.5	99.9	97.1	99.9	33.7	99.8	95.7	-10.6517	29.8738	-152.348	1.74177	8.71547	-163.901	
1.14	67.6	29.6	94.6	89	89.8	83.9	45.2	71.4	41.4	82.8	0	68.6	37.3	52.95	31.5	26.7	63.7	99.9	99.9	99.5	99.9	97.1	99.9	33.7	99.8	95.7	-10.6517	29.8738	-152.348	1.74177	8.71547	-163.901	
1.15	67.6	29.6	94.6	89	89.8	83.9	45.2	71.4	41.4	82.8	0	68.6	37.3	52.95	31.5	26.7	63.7	99.9	99.9	99.5	99.9	97.1	99.9	33.7	99.8	95.7	-10.6517	29.8738	-152.348	1.74177	8.71547	-163.901	
1.16	67.6	29.6	94.6	89	89.8	83.9	45.2	71.4	41.4	82.8	0	68.6	37.3	52.95	31.5	26.7	63.7	99.9	99.9	99.5	99.9	97.1	99.9	33.7	99.8	95.7	-10.6517	29.8738	-152.348	1.74177	8.71547	-163.901	
1.17	67.6	29.6	94.6	89	89.8	83.9	45.2	71.4	41.4	82.8	0	68.6	37.3	52.95	31.5	26.7	63.7	99.9	99.9	99.5	99.9	97.1	99.9	33.7	99.8	95.7	-10.6517	29.8738	-152.348	1.74177	8.71547	-163.901	
1.18	67.6	29.6	94.6	89	89.8	83.9	45.2	71.4	41.4	82.8	0	68.6	37.3	52.95	31.5	26.7	63.7	99.9	99.9	99.5	99.9	97.1	99.9	33.7	99.8	95.7	-10.6517	29.8738	-152.348	1.74177	8.71547	-163.901	
1.19	67.6	29.6	94.6	89	89.8	83.9	45.2	71.4	41.4	82.8	0	68.6	37.3	52.95	31.5	26.7	63.7	99.9	99.9	99.5	99.9	97.1	99.9	33.7	99.8	95.7	-10.6517	29.8738	-152.348	1.74177	8.71547	-163.901	
1.2	67.6	29.6	94.6	89	89.8	83.9	45.2	71.4	41.4	82.8	0	68.6	37.3	52.95	31.5	26.7	63.7	99.9	99.9	99.5	99.9	97.1	99.9	33.7	99.8	95.7	-10.6517	29.8738	-152.348	1.74177	8.71547	-163.901	
1.21	67.6	29.6	94.6	89	89.8	83.9	45.2	71.4	41.4	82.8	0	68.6	37.3	52.95	31.5	26.7	63.7	99.9	99.9	99.5	99.9	97.1	99.9	33.7	99.8	95.7	-10.6517	29.8738	-152.348	1.74177	8.71547	-163.901	
1.22	67.6	29.6	94.6	89	89.8	83.9	45.2	71.4	41.4	82.8	0	68.6	37.3	52.95	31.5	26.7	63.7	99.9	99.9	99.5	99.9	97.1	99.9	33.7	99.8	95.7	-10.6517	29.8738	-152.348	1.74177	8.71547	-163.901	
1.23	67.6	29.6	94.6	89	89.8	83.9	45.2	71.4	41.4	82.8	0	68.6	37.3	52.95	31.5	26.7	63.7	99.9	99.9	99.5	99.9	97.1	99.9	33.7	99.8	95.7	-10.6517	29.8738	-152.348	1.74177	8.71547	-163.901	
1.24	67.6	29.6	94.6	89	89.8	83.9	45.2	71.4	41.4	82.8	0	68.6	37.3	52.95	31.5	26.7	63.7	99.9	99.9	99.5	99.9	97.1	99.9	33.7	99.8	95.7	-10.6517	29.8738	-152.348	1.74177	8.71547	-163.901	
1.25	67.6	29.6	94.6	89	89.8	83.9	45.2	71.4	41.4	82.8	0	68.6	37.3	52.95	31.5	26.7	63.7	99.9	99.9	99.5	99.9	97.1	99.9	33.7	99.8	95.7	-10.6517	29.8738	-152.348	1.74177	8.71547	-163.901	
1.26	67.6	29.6	94.6	89	89.8	83.9	45.2	71.4	41.4	82.8	0	68.6	37.3	52.95	31.5	26.7	63.7	99.9	99.9	99.5	99.9	97.1	99.9	33.7	99.8	95.7	-10.6517	29.8738	-152.348	1.74177	8.71547	-163.901	
1.27	67.6	29.6	94.6	89	89.8	83.9	45.2	71.4	41.4	82.8	0	68.6	37.3	52.95	31.5	26.7	63.7	99.9	99.9	99.5	99.9	97.1	99.9	33.7	99.8	95.7	-10.6517	29.8738	-152.348	1.74177	8.71547	-163.901	
1.28	67.6	29.6	94.6	89	89.8	83.9	45.2	71.4	41.4	82.8	0	68.6	37.3	52.95	31.5	26.7	63.7	99.9	99.9	99.5	99.9	97.1	99.9	33.7	99.8	95.7	-10.6517	29.8738	-152.348	1.74177	8.71547	-163.901	
1.29	67.6	29.6	94.6	89	89.8	83.9	45.2	71.4	41.4	82.8	0	68.6	37.3	52.95	31.5	26.7	63.7	99.9	99.9	99.5	99.9	97.1	99.9	33.7	99.8	95.7	-10.6517	29.8738	-152.348	1.74177	8.71547	-163.901	
1.3	67.6	29.6	94.6	89	89.8	83.9	45.2	71.4	41.4	82.8	0	68.6	37.3	52.95	31.5	26.7	63.7	99.9	99.9	99.5	99.9	97.1	99.9	33.7	99.8	95.7	-10.6517	29.8738	-152.348	1.74177	8.71547	-163.901	
1.31	67.6	29.6	94.6	89	89.8	83.9	45.2	71.4	41.4	82.8	0	68.6	37.3	52.95	31.5	26.7	63.7	99.9	99.9	99.5	99.9	97.1	99.9	33.7	99.8	95.7	-10.6517	29.8738	-152.348	1.74177	8.71547	-163.901	
1.32	67.6	29.6	94.6	89	89.8	83.9	45.2	71.4	41.4	82.8	0	68.6	37.3	52.95	31.5	26.7	63.7	99.9	99.9	99.5	99.9	97.1	99.9	33.7	99.8	95.7	-10.6517	29.8738	-152.348	1.74177	8.71547	-163.901	
1.33	67.6	29.6	94.6	89	89.8	83.9	45.2	71.4	41.4	82.8	0	68.6	37.3	52.95	31.5	26.7	63.7	99.9	99.9	99.5	99.9	97.1	99.9	33.7	99.8	95.7	-10.6517	29.8738	-152.348	1.74177	8.71547	-163.901	
1.34	67.6	29.6	94.6	89	89.8	83.9	45.2	71.4	41.4	82.8	0	68.6	37.3	52.95	31.5	26.7	63.7	99.9	99.9	99.5	99.9	97.1	99.9	33.7	99.8	95.7	-10.6517	29.8738	-152.348	1.74177	8.71547	-163.901	
1.35	67.6	29.6	94.6	89	89.8	83.9	45.2	71.4	41.4	82.8	0	68.6	37.3	52.95	31.5	26.7	63.7	99.9	99.9	99.5	99.9	97.1	99.9	33.7	99.8	95.7	-10.6517	29.8738	-152.348	1.74177	8.71547	-163.901	
1.36	67.6	29.6	94.6	89	89.8	83.9	45.2	71.4	41.4	82.8	0	68.6	37.3	52.95	31.5	26.7	63.7	99.9	99.9	99.5	99.9	97.1	99.9	33.7	99.8	95.7	-10.6517	29.8738	-152.348	1.74177	8.71547	-163.901	
1.37	67.6	29.6	94.6	89	89.8	83.9	45.2	71.4	41.4	82.8	0	68.6	37.3	52.95	31.5	26.7	63.7	99.9	99.9	99.5	99.9	97.1	99.9	33.7	99.8	95.7	-10.6517	29.8738	-152.348	1.74177	8.71547	-163.901	
1.38	67.6	29.6	94.6	89	89.8	83.9	45.2	71.4	41.4	82.8	0	68.6	37.3	52.95	31.5	26.7	63.7	99.9	99.9	99.5	99.9	97.1	99.9	33.7	99.8	95.7	-10.6517	29.8738	-152.348	1.74177	8.71547	-163.901	
1.39	67.6	29.6	94.6	89	89.8	83.9	45.2	71.4	41.4	82.8	0	68.6	37.3	52.95	31.5	26.7	63.7	99.9	99.9	99.5	99.9	97.1	99.9	33.7	99.8	95.7	-10.6517	29.8738	-152.348	1.74177	8.71547	-163.901	
1.4	67.6	29.6	94.6	89	89.8	83.9	45.2	71.4	41.4	82.8	0	68.6	37.3	52.95	31.5	26.7	63.7	99.9	99.9	99.5	99.9	97.1	99.9	33.7	99.8	95.7	-10.6517	29.8738	-152.348	1.74177	8.71547	-163.901	
1.41	67.5	29.5	93.8	88.8	89.7	83.8	45.4	71.3	40.7	82.7	0	68.3	37.3	52.8	31.7	26.6	63.9	99.9	99.9	99.5	99.9	96.8	99.6	33	99.9	97.4	-10.7306	30.1293	-152.47	1.6699	8.6671	-163.916	
1.42	67.5	29.5	93.8	88.8	89.7	83.8	45.4	71.3	40.7	82.7	0	68.3	37.3	52.8	31.7	26.6	63.9	99.9	99.9	99.5	99.9	96.8	99.6	33	99.9	97.4	-10.7306	30.1293	-152.47	1.6699	8.6671	-163.916	
1.43	67.5	29.5	93.8	88.8	89.7	83.8	45.4	71.3	40.7	82.7	0	68.3	37.3	52.8	31.7	26.6	63.9	99.9	99.9	99.5	99.9	96.8	99.6	33	99.9	97.4	-10.7306	30.1293	-152.47	1.6699	8.6671	-163.916	
1.44	67.5	29.5	93.8	88.8	89.7	83.8	45.4	71.3	40.7	82.7	0	68.3	37.3	52.8	31.7	26.6	63.9	99.9	99.9	99.5	99.9	96.8	99.6	33	99.9	97.4	-10.7306	30.1293	-152.47	1.6699	8.6671	-163.916	
1.45	67.5	29.5	93.8	88.8	89.7	83.8	45.4	71.3	40.7	82.7	0	68.3	37.3	52.8	31.7	26.6	63.9	99.9	99.9	99.5	99.9	96.8	99.6	33	99.9	97.4	-10.7306	30.1293	-152.47	1.6699	8.6671	-163.916	
1.46	67.5	29.5	93.8	88.8	89.7	83.8	45.4	71.3	40.7	82.7	0	68.3	37.3	52.8	31.7	26.6	63.9	99.9	99.9	99.5	99.9	96.8	99.6	33	99.9	97.4	-10.7306	30.1293	-152.47	1.6699	8.6671	-163.916	
1.47	67.5	29.5	93.8	88.8	89.7	83.8	45.4	71.3	40.7	82.7	0	68.3	37.3	52.8	31.7	26.6	63.9	99.9	99.9	99.5	99.9	96.8	99.6	33	99.9	97.4	-10.7306	30.1293	-152.47	1.6699	8.6671	-163.916	
1.48	67.5	29.5	93.8	88.8	89.7	83.8	45.4	71.3	40.7	82.7	0	68.3	37.3	52.8	31.7	26.6	63.9	99.9	99.9	99.5	99.9	96.8	99.6	33	99.9	97.4	-10.7306	30.1293	-152.47	1.6699	8.6671	-163.916	
1.49	67.5	29.5	93.8	88.8	89.7	83.8	45.4	71.3	40.7	82.7	0	68.3	37.3	52.8	31.7	26.6	63.9	99.9	99.9	99.5	99.9	96.8	99.6	33	99.9	97.4	-10.7306	30.1293	-152.47	1.6699	8.6671	-163.916	
1.5	67.5	29.5	93.8	88.8	89.7	83.8	45.4	71.3	40.7	82.7	0	68.3	37.3	52.8	31.7	26.6	63.9	99.9	99.9	99.5	99.9	96.8	99.6	33	99.9	97.4	-10.7306	30.1293	-152.47	1.6699	8.6671	-163.916	
1.51	67.5	29.5	93.8	88.8	89.7	83.8	45.4	71.3	40.7	82.7	0	68.3	37.3	52.8	31.7	26.6	63.9	99.9	99.9	99.5	99.9	96.8	99.6	33	99.9	97.4	-10.7306	30.1293	-152.47	1.6699	8.6671	-163.916	
1.52	67.5	29.5	93.8	88.8	89.7	83.8	45.4	71.3	40.7	82.7	0	68.3	37.3	52.8	31.7	26.6	63.9	99.9	99.9	99.5	99.9	96.8	99.6	33	99.9	97.4	-10.7306	30.1293	-152.47	1.6699	8.6671	-163.916	
1.53	67.5	29.5	93.8	88.8	89.7	83.8	45.4	71.3	40.7	82.7	0	68.3	37.3	52.8	31.7	26.6	63.9	99.9	99.9	99.5	99.9	96.8	99.6	33	99.9	97.4	-10.7306	30.1293	-152.47	1.6699	8.6671	-163.916	
1.541	67.5	29.5	93.8	88.8	89.7	83.8	45.4	71.3	40.7	82.7	0	68.3	37.3	52.8	31.7	26.6	63.9	99.9	99.9	99.5	99.9	96.8	99.6	33	99.9	97.4	-10.7306	30.1293	-152.47	1.6699	8.6671	-163.916	
1.55	67.5	29.5	93.8	88.8	89.7	83.8	45.4	71.3	40.7	82.7	0	68.3	37.3	52.8	31.7	26.6	63.9	99.9	99.9	99.5	99.9	96.8	99.6	33	99.9	97.4	-10.7306	30.1293	-152.47	1.6699	8.6671	-163.916	
1.56	67.5	29.5	93.8	88.8	89.7	83.8	45.4	71.3	40.7	82.7	0	68.3	37.3	52.8	31.7	26.6	63.9	99.9	99.9	99.5	99.9	96.8	99.6	33	99.9	97.4	-10.7306	30.1293	-152.47	1.6699	8.6671	-163.916	
1.57	67.5	29.5	93.8	88.8	89.7	83.8	45.4	71.3	40.7	82.7	0	68.3	37.3	52.8	31.7	26.6	63.9	99.9	99.9	99.5	99.9	96.8	99.6	33	99.9	97.4	-10.7306	30.1293	-152.47	1.6699	8.6671	-163.916	
1.58	67.5	29.5	93.8	88.8	89.7	83.8	45.4	71.3	40.7	82.7	0	68.3	37.3	52.8	31.7	26.6	63.9	99.9	99.9	99.5	99.9	96.8	99.6	33	99.9	97.4	-10.7306	30.1293	-152.47	1.6699	8.6671	-163.916	
1.59	67.5	29.5	93.8	88.8	89.7	83.8	45.4	71.3	40.7	82.7	0	68.3	37.3	52.8	31.7	26.6	63.9	99.9	99.9	99.5	99.9	96.8	99.6	33	99.9	97.4	-10.7306	30.1293	-152.47	1.6699	8.6671	-163.916	
1.6	67.5	29.5	93.8	88.8	89.7	83.8	45.4	71.3	40.7	82.7	0	68.3	37.3	52.8	31.7	26.6	63.9	99.9	99.9	99.5	99.9	96.8	99.6	33	99.9	97.4	-10.7306	30.1293	-152.47	1.6699	8.6671	-163.916	
1.61	67.5	29.5	93.8	88.8	89.7	83.8	45.4	71.3	40.7	82.7	0	68.3	37.3	52.8	31.7	26.6	63.9	99.9	99.9	99.5	99.9	96.8	99.6	33	99.9	97.4	-10.7306	30.1293	-152.47	1.6699	8.6671	-163.916	
1.62	67.5	29.5	93.8	88.8	89.7	83.8	45.4	71.3	40.7	82.7	0	68.3	37.3	52.8	31.7	26.6	63.9	99.9	99.9	99.5	99.9	96.8	99.6	33	99.9	97.4	-10.7306	30.1293	-152.47	1.6699	8.6671	-163.916	
1.63	67.5	29.5	93.8	88.8	89.7	83.8	45.4	71.3	40.7	82.7	0	68.3	37.3	52.8	31.7	26.6	63.9	99.9	99.9	99.5	99.9	96.8	99.6	33	99.9	97.4	-10.7306	30.1293	-152.47	1.6699	8.6671	-163.916	
1.64	67.5	29.5	93.8	88.8	89.7	83.8	45.4	71.3	40.7	82.7	0	68.3	37.3	52.8	31.7	26.6	63.9	99.9	99.9	99.5	99.9	96.8	99.6	33	99.9	97.4	-10.7306	30.1293	-152.47	1.6699	8.6671	-163.916	
1.65	67.5	29.5	93.8	88.8	89.7	83.8	45.4	71.3	40.7	82.7	0	68.3	37.3	52.8	31.7	26.6	63.9	99.9	99.9	99.5	99.9	96.8	99.6	33	99.9	97.4	-10.7306	30.1293	-152.47	1.6699	8.6671	-163.916	
1.66	67.5	29.5	93.8	88.8	89.7	83.8	45.4	71.3	40.7	82.7	0	68.3	37.3	52.8	31.7	26.6	63.9	99.9	99.9	99.5	99.9	96.8	99.6	33	99.9	97.4	-10.7306	30.1293	-152.47	1.6699	8.6671	-163.916	
1.67	67.5	29.5	93.8	88.8	89.7	83.8	45.4	71.3	40.7	82.7	0	68.3	37.3	52.8	31.7	26.6	63.9	99.9	99.9	99.5	99.9	96.8	99.6	33	99.9	97.4	-10.7306	30.1293	-152.47	1.6699	8.6671	-163.916	
1.68	67.5	29.5	93.8	88.8	89.7	83.8	45.4	71.3	40.7	82.7	0	68.3	37.3	52.8	31.7	26.6	63.9	99.9	99.9	99.5	99.9	96.8	99.6	33	99.9	97.4	-10.7306	30.1293	-152.47	1.6699	8.6671	-163.916	
1.69	67.5	29.5	93.8	88.8	89.7	83.8	45.4	71.3	40.7	82.7	0	68.3	37.3	52.8	31.7	26.6	63.9	99.9	99.9	99.5	99.9	96.8	99.6	33	99.9	97.4	-10.7306	30.1293	-152.47	1.6699	8.6671	-163.916	
1.7	67.5	29.5	93.8	88.8	89.7	83.8	45.4	71.3	40.7	82.7	0	68.3	37.3	52.8	31.7	26.6	63.9	99.9	99.9	99.5	99.9	96.8	99.6	33	99.9	97.4	-10.7306	30.1293	-152.47	1.6699	8.6671	-163.916	
1.71	67.5	29.5	93.8	88.8	89.7	83.8	45.4	71.3	40.7	82.7	0	68.3	37.3	52.8	31.7	26.6	63.9	99.9	99.9	99.5	99.9	96.8	99.6	33	99.9	97.4	-10.7306	30.1293	-152.47	1.6699	8.6671	-163.916	
1.72	67.5	29.5	93.8	88.8	89.7	83.8	45.4	71.3	40.7	82.7	0	68.3	37.3	52.8	31.7	26.6	63.9	99.9	99.9	99.5	99.9	96.8	99.6	33	99.9	97.4	-10.7306	30.1293	-152.47	1.6699	8.6671	-163.916	
1.73	67.5	29.5	93.8	88.8	89.7	83.8	45.4	71.3	40.7	82.7	0	68.3	37.3	52.8	31.7	26.6	63.9	99.9	99.9	99.5	99.9	96.8	99.6	33	99.9	97.4	-10.7306	30.1293	-152.47	1.6699	8.6671	-163.916	
1.74	67.5	29.5	93.8	88.8	89.7	83.8	45.4	71.3	40.7	82.7	0	68.3	37.3	52.8	31.7	26.6	63.9	99.9	99.9	99.5	99.9	96.8	99.6	33	99.9	97.4	-10.7306	30.1293	-152.47	1.6699	8.6671	-163.916	
1.75	67.5	29.5	93.8	88.8	89.7	83.8	45.4	71.3	40.7	82.7	0	68.3	37.3	52.8	31.7	26.6	63.9	99.9	99.9	99.5	99.9	96.8	99.6	33	99.9	97.4	-10.7306	30.1293	-152.47	1.6699	8.6671	-163.916	
1.76	67.5	29.5	93.8	88.8	89.7	83.8	45.4	71.3	40.7	82.7	0	68.3	37.3	52.8	31.7	26.6	63.9	99.9	99.9	99.5	99.9	96.8	99.6	33	99.9	97.4	-10.7306	30.1293	-152.47	1.6699	8.6671	-163.916	
1.77	67.5	29.5	93.8	88.8	89.7	83.8	45.4	71.3	40.7	82.7	0	68.3	37.3	52.8	31.7	26.6	63.9	99.9	99.9	99.5	99.9	96.8	99.6	33	99.9	97.4	-10.7306	30.1293	-152.47	1.6699	8.6671	-163.916	
1.78	67.5	29.3	93.6	88.7	89.6	83.6	45.1	71.1	40.9	82.6	0	67.6	37.3	52.45	31.3	26.6	63.5	99.9	99.9	99.5	99.9	96.6	99.6	33.2	99.9	99.9	-10.1356	30.4822	-152.333	2.4458	9.03036	-163.791	
1.79	67.5	29.3	93.6	88.7	89.6	83.6	45.1	71.1	40.9	82.6	0	67.6	37.3	52.45	31.3	26.6	63.5	99.9	99.9	99.5	99.9	96.6	99.6	33.2	99.9	99.9	-10.1356	30.4822	-152.333	2.4458	9.03036	-163.791	
1.8	67.5	29.3	93.6	88.7	89.6	83.6	45.1	71.1	40.9	82.6	0	67.6	37.3	52.45	31.3	26.6	63.5	99.9	99.9	99.5	99.9	96.6	99.6	33.2	99.9	99.9	-10.1356	30.4822	-152.333	2.4458	9.03036	-163.791	
1.81	67.5	29.3	93.6	88.7	89.6	83.6	45.1	71.1	40.9	82.6	0	67.6	37.3	52.45	31.3	26.6	63.5	99.9	99.9	99.5	99.9	96.6	99.6	33.2	99.9	99.9	-10.1356	30.4822	-152.333	2.4458	9.03036	-163.791	
1.82	67.5	29.3	93.6	88.7	89.6	83.6	45.1	71.1	40.9	82.6	0	67.6	37.3	52.45	31.3	26.6	63.5	99.9	99.9	99.5	99.9	96.6	99.6	33.2	99.9	99.9	-10.1356	30.4822	-152.333	2.4458	9.03036	-163.791	
1.83	67.5	29.3	93.6	88.7	89.6	83.6	45.1	71.1	40.9	82.6	0	67.6	37.3	52.45	31.3	26.6	63.5	99.9	99.9	99.5	99.9	96.6	99.6	33.2	99.9	99.9	-10.1356	30.4822	-152.333	2.4458	9.03036	-163.791	
1.84	67.5	29.3	93.6	88.7	89.6	83.6	45.1	71.1	40.9	82.6	0	67.6	37.3	52.45	31.3	26.6	63.5	99.9	99.9	99.5	99.9	96.6	99.6	33.2	99.9	99.9	-10.1356	30.4822	-152.333	2.4458	9.03036	-163.791	
1.85	67.5	29.3	93.6	88.7	89.6	83.6	45.1	71.1	40.9	82.6	0	67.6	37.3	52.45	31.3	26.6	63.5	99.9	99.9	99.5	99.9	96.6	99.6	33.2	99.9	99.9	-10.1356	30.4822	-152.333	2.4458	9.03036	-163.791	
1.86	67.5	29.3	93.6	88.7	89.6	83.6	45.1	71.1	40.9	82.6	0	67.6	37.3	52.45	31.3	26.6	63.5	99.9	99.9	99.5	99.9	96.6	99.6	33.2	99.9	99.9	-10.1356	30.4822	-152.333	2.4458	9.03036	-163.791	
1.87	67.5	29.3	93.6	88.7	89.6	83.6	45.1	71.1	40.9	82.6	0	67.6	37.3	52.45	31.3	26.6	63.5	99.9	99.9	99.5	99.9	96.6	99.6	33.2	99.9	99.9	-10.1356	30.4822	-152.333	2.4458	9.03036	-163.791	
1.88	67.5	29.3	93.6	88.7	89.6	83.6	45.1	71.1	40.9	82.6	0	67.6	37.3	52.45	31.3	26.6	63.5	99.9	99.9	99.5	99.9	96.6	99.6	33.2	99.9	99.9	-10.1356	30.4822	-152.333	2.4458	9.03036	-163.791	
1.89	67.5	29.3	93.6	88.7	89.6	83.6	45.1	71.1	40.9	82.6	0	67.6	37.3	52.45	31.3	26.6	63.5	99.9	99.9	99.5	99.9	96.6	99.6	33.2	99.9	99.9	-10.1356	30.4822	-152.333	2.4458	9.03036	-163.791	
1.9	67.5	29.3	93.6	88.7	89.6	83.6	45.1	71.1	40.9	82.6	0	67.6	37.3	52.45	31.3	26.6	63.5	99.9	99.9	99.5	99.9	96.6	99.6	33.2	99.9	99.9	-10.1356	30.4822	-152.333	2.4458	9.03036	-163.791	
1.91	67.5	29.3	93.6	88.7	89.6	83.6	45.1	71.1	40.9	82.6	0	67.6	37.3	52.45	31.3	26.6	63.5	99.9	99.9	99.5	99.9	96.6	99.6	33.2	99.9	99.9	-10.1356	30.4822	-152.333	2.4458	9.03036	-163.791	
1.92	67.5	29.3	93.6	88.7	89.6	83.6	45.1	71.1	40.9	82.6	0	67.6	37.3	52.45	31.3	26.6	63.5	99.9	99.9	99.5	99.9	96.6	99.6	33.2	99.9	99.9	-10.1356	30.4822	-152.333	2.4458	9.03036	-163.791	
1.93	67.5	29.3	93.6	88.7	89.6	83.6	45.1	71.1	40.9	82.6	0	67.6	37.3	52.45	31.3	26.6	63.5	99.9	99.9	99.5	99.9	96.6	99.6	33.2	99.9	99.9	-10.1356	30.4822	-152.333	2.4458	9.03036	-163.791	
1.94	67.5	29.3	93.6	88.7	89.6	83.6	45.1	71.1	40.9	82.6	0	67.6	37.3	52.45	31.3	26.6	63.5	99.9	99.9	99.5	99.9	96.6	99.6	33.2	99.9	99.9	-10.1356	30.4822	-152.333	2.4458	9.03036	-163.791	
1.95	67.5	29.3	93.6	88.7	89.6	83.6	45.1	71.1	40.9	82.6	0	67.6	37.3	52.45	31.3	26.6	63.5	99.9	99.9	99.5	99.9	96.6	99.6	33.2	99.9	99.9	-10.1356	30.4822	-152.333	2.4458	9.03036	-163.791	
1.96	67.5	29.3	93.6	88.7	89.6	83.6	45.1	71.1	40.9	82.6	0	67.6	37.3	52.45	31.3	26.6	63.5	99.9	99.9	99.5	99.9	96.6	99.6	33.2	99.9	99.9	-10.1356	30.4822	-152.333	2.4458	9.03036	-163.791	
1.97	67.5	29.3	93.6	88.7	89.6	83.6	45.1	71.1	40.9	82.6	0	67.6	37.3	52.45	31.3	26.6	63.5	99.9	99.9	99.5	99.9	96.6	99.6	33.2	99.9	99.9	-10.1356	30.4822	-152.333	2.4458	9.03036	-163.791	
1.98	67.5	29.3	93.6	88.7	89.6	83.6	45.1	71.1	40.9	82.6	0	67.6	37.3	52.45	31.3	26.6	63.5	99.9	99.9	99.5	99.9	96.6	99.6	33.2	99.9	99.9	-10.1356	30.4822	-152.333	2.4458	9.03036	-163.791	
1.99	67.5	29.3	93.6	88.7	89.6	83.6	45.1	71.1	40.9	82.6	0	67.6	37.3	52.45	31.3	26.6	63.5	99.9	99.9	99.5	99.9	96.6	99.6	33.2	99.9	99.9	-10.1356	30.4822	-152.333	2.4458	9.03036	-163.791	
2	67.5	29.3	93.6	88.7	89.6	83.6	45.1	71.1	40.9	82.6	0	67.6	37.3	52.45	31.3	26.6	63.5	99.9	99.9	99.5	99.9	96.6	99.6	33.2	99.9	99.9	-10.1356	30.4822	-152.333	2.4458	9.03036	-163.791	
2.01	67.5	29.3	93.6	88.7	89.6	83.6	45.1	71.1	40.9	82.6	0	67.6	37.3	52.45	31.3	26.6	63.5	99.9	99.9	99.5	99.9	96.6	99.6	33.2	99.9	99.9	-10.1356	30.4822	-152.333	2.4458	9.03036	-163.791	
2.02	67.5	29.3	93.6	88.7	89.6	83.6	45.1	71.1	40.9	82.6	0	67.6	37.3	52.45	31.3	26.6	63.5	99.9	99.9	99.5	99.9	96.6	99.6	33.2	99.9	99.9	-10.1356	30.4822	-152.333	2.4458	9.03036	-163.791	
2.03	67.5	29.3	93.6	88.7	89.6	83.6	45.1	71.1	40.9	82.6	0	67.6	37.3	52.45	31.3	26.6	63.5	99.9	99.9	99.5	99.9	96.6	99.6	33.2	99.9	99.9	-10.1356	30.4822	-152.333	2.4458	9.03036	-163.791	
2.04	67.5	29.3	93.6	88.7	89.6	83.6	45.1	71.1	40.9	82.6	0	67.6	37.3	52.45	31.3	26.6	63.5	99.9	99.9	99.5	99.9	96.6	99.6	33.2	99.9	99.9	-10.1356	30.4822	-152.333	2.4458	9.03036	-163.791	
2.05	67.5	29.3	93.6	88.7	89.6	83.6	45.1	71.1	40.9	82.6	0	67.6	37.3	52.45	31.3	26.6	63.5	99.9	99.9	99.5	99.9	96.6	99.6	33.2	99.9	99.9	-10.1356	30.4822	-152.333	2.4458	9.03036	-163.791	
2.06	67.5	29.3	93.6	88.7	89.6	83.6	45.1	71.1	40.9	82.6	0	67.6	37.3	52.45	31.3	26.6	63.5	99.9	99.9	99.5	99.9	96.6	99.6	33.2	99.9	99.9	-10.1356	30.4822	-152.333	2.4458	9.03036	-163.791	
2.07	67.5	29.3	93.6	88.7	89.6	83.6	45.1	71.1	40.9	82.6	0	67.6	37.3	52.45	31.3	26.6	63.5	99.9	99.9	99.5	99.9	96.6	99.6	33.2	99.9	99.9	-10.1356	30.4822	-152.333	2.4458	9.03036	-163.791	
2.08	67.5	29.3	93.6	88.7	89.6	83.6	45.1	71.1	40.9	82.6	0	67.6	37.3	52.45	31.3	26.6	63.5	99.9	99.9	99.5	99.9	96.6	99.6	33.2	99.9	99.9	-10.1356	30.4822	-152.333	2.4458	9.03036	-163.791	
2.09	67.5	29.3	93.6	88.7	89.6	83.6	45.1	71.1	40.9	82.6	0	67.6	37.3	52.45	31.3	26.6	63.5	99.9	99.9	99.5	99.9	96.6	99.6	33.2	99.9	99.9	-10.1356	30.4822	-152.333	2.4458	9.03036	-163.791	
2.1	67.5	29.3	93.6	88.7	89.6	83.6	45.1	71.1	40.9	82.6	0	67.6	37.3	52.45	31.3	26.6	63.5	99.9	99.9	99.5	99.9	96.6	99.6	33.2	99.9	99.9	-10.1356	30.4822	-152.333	2.4458	9.03036	-163.791	
2.11	67.5	29.3	93.6	88.7	89.6	83.6	45.1	71.1	40.9	82.6	0	67.6	37.3	52.45	31.3	26.6	63.5	99.9	99.9	99.5	99.9	96.6	99.6	33.2	99.9	99.9	-10.1356	30.4822	-152.333	2.4458	9.03036	-163.791	
2.12	67.5	29.3	93.6	88.7	89.6	83.6	45.1	71.1	40.9	82.6	0	67.6	37.3	52.45	31.3	26.6	63.5	99.9	99.9	99.5	99.9	96.6	99.6	33.2	99.9	99.9	-10.1356	30.4822	-152.333	2.4458	9.03036	-163.791	
2.13	67.5	29.3	93.6	88.7	89.6	83.6	45.1	71.1	40.9	82.6	0	67.6	37.3	52.45	31.3	26.6	63.5	99.9	99.9	99.5	99.9	96.6	99.6	33.2	99.9	99.9	-10.1356	30.4822	-152.333	2.4458	9.03036	-163.791	
2.14	67.5	29.3	93.6	88.7	89.6	83.6	45.1	71.1	40.9	82.6	0	67.6	37.3	52.45	31.3	26.6	63.5	99.9	99.9	99.5	99.9	96.6	99.6	33.2	99.9	99.9	-10.1356	30.4822	-152.333	2.4458	9.03036	-163.791	
2.15	67.4	29.2	93.9	88.7	89.4	83.6	45.1	71.1	40.9	82.5	0	67.9	37.2	52.55	31.3	26.5	62.5	99.9	99.9	99.3	99.9	97.1	99.7	33	99.9	99.9	-10.379	30.5405	-152.318	2.26186	8.34637	-163.68	
2.16	67.4	29.2	93.9	88.7	89.4	83.6	45.1	71.1	40.9	82.5	0	67.9	37.2	52.55	31.3	26.5	62.5	99.9	99.9	99.3	99.9	97.1	99.7	33	99.9	99.9	-10.379	30.5405	-152.318	2.26186	8.34637	-163.68	
2.17	67.4	29.2	93.9	88.7	89.4	83.6	45.1	71.1	40.9	82.5	0	67.9	37.2	52.55	31.3	26.5	62.5	99.9	99.9	99.3	99.9	97.1	99.7	33	99.9	99.9	-10.379	30.5405	-152.318	2.26186	8.34637	-163.68	
2.18	67.4	29.2	93.9	88.7	89.4	83.6	45.1	71.1	40.9	82.5	0	67.9	37.2	52.55	31.3	26.5	62.5	99.9	99.9	99.3	99.9	97.1	99.7	33	99.9	99.9	-10.379	30.5405	-152.318	2.26186	8.34637	-163.68	
2.19	67.4	29.2	93.9	88.7	89.4	83.6	45.1	71.1	40.9	82.5	0	67.9	37.2	52.55	31.3	26.5	62.5	99.9	99.9	99.3	99.9	97.1	99.7	33	99.9	99.9	-10.379	30.5405	-152.318	2.26186	8.34637	-163.68	
2.2	67.4	29.2	93.9	88.7	89.4	83.6	45.1	71.1	40.9	82.5	0	67.9	37.2	52.55	31.3	26.5	62.5	99.9	99.9	99.3	99.9	97.1	99.7	33	99.9	99.9	-10.379	30.5405	-152.318	2.26186	8.34637	-163.68	
2.21	67.4	29.2	93.9	88.7	89.4	83.6	45.1	71.1	40.9	82.5	0	67.9	37.2	52.55	31.3	26.5	62.5	99.9	99.9	99.3	99.9	97.1	99.7	33	99.9	99.9	-10.379	30.5405	-152.318	2.26186	8.34637	-163.68	
2.22	67.4	29.2	93.9	88.7	89.4	83.6	45.1	71.1	40.9	82.5	0	67.9	37.2	52.55	31.3	26.5	62.5	99.9	99.9	99.3	99.9	97.1	99.7	33	99.9	99.9	-10.379	30.5405	-152.318	2.26186	8.34637	-163.68	
2.23	67.4	29.2	93.9	88.7	89.4	83.6	45.1	71.1	40.9	82.5	0	67.9	37.2	52.55	31.3	26.5	62.5	99.9	99.9	99.3	99.9	97.1	99.7	33	99.9	99.9	-10.379	30.5405	-152.318	2.26186	8.34637	-163.68	
2.24	67.4	29.2	93.9	88.7	89.4	83.6	45.1	71.1	40.9	82.5	0	67.9	37.2	52.55	31.3	26.5	62.5	99.9	99.9	99.3	99.9	97.1	99.7	33	99.9	99.9	-10.379	30.5405	-152.318	2.26186	8.34637	-163.68	
2.25	67.4	29.2	93.9	88.7	89.4	83.6	45.1	71.1	40.9	82.5	0	67.9	37.2	52.55	31.3	26.5	62.5	99.9	99.9	99.3	99.9	97.1	99.7	33	99.9	99.9	-10.379	30.5405	-152.318	2.26186	8.34637	-163.68	
2.26	67.4	29.2	93.9	88.7	89.4	83.6	45.1	71.1	40.9	82.5	0	67.9	37.2	52.55	31.3	26.5	62.5	99.9	99.9	99.3	99.9	97.1	99.7	33	99.9	99.9	-10.379	30.5405	-152.318	2.26186	8.34637	-163.68	
2.27	67.4	29.2	93.9	88.7	89.4	83.6	45.1	71.1	40.9	82.5	0	67.9	37.2	52.55	31.3	26.5	62.5	99.9	99.9	99.3	99.9	97.1	99.7	33	99.9	99.9	-10.379	30.5405	-152.318	2.26186	8.34637	-163.68	
2.28	67.4	29.2	93.9	88.7	89.4	83.6	45.1	71.1	40.9	82.5	0	67.9	37.2	52.55	31.3	26.5	62.5	99.9	99.9	99.3	99.9	97.1	99.7	33	99.9	99.9	-10.379	30.5405	-152.318	2.26186	8.34637	-163.68	
2.29	67.4	29.2	93.9	88.7	89.4	83.6	45.1	71.1	40.9	82.5	0	67.9	37.2	52.55	31.3	26.5	62.5	99.9	99.9	99.3	99.9	97.1	99.7	33	99.9	99.9	-10.379	30.5405	-152.318	2.26186	8.34637	-163.68	
2.3	67.4	29.2	93.9	88.7	89.4	83.6	45.1	71.1	40.9	82.5	0	67.9	37.2	52.55	31.3	26.5	62.5	99.9	99.9	99.3	99.9	97.1	99.7	33	99.9	99.9	-10.379	30.5405	-152.318	2.26186	8.34637	-163.68	
2.31	67.4	29.2	93.9	88.7	89.4	83.6	45.1	71.1	40.9	82.5	0	67.9	37.2	52.55	31.3	26.5	62.5	99.9	99.9	99.3	99.9	97.1	99.7	33	99.9	99.9	-10.379	30.5405	-152.318	2.26186	8.34637	-163.68	
2.32	67.4	29.2	93.9	88.7	89.4	83.6	45.1	71.1	40.9	82.5	0	67.9	37.2	52.55	31.3	26.5	62.5	99.9	99.9	99.3	99.9	97.1	99.7	33	99.9	99.9	-10.379	30.5405	-152.318	2.26186	8.34637	-163.68	
2.33	67.4	29.2	93.9	88.7	89.4	83.6	45.1	71.1	40.9	82.5	0	67.9	37.2	52.55	31.3	26.5	62.5	99.9	99.9	99.3	99.9	97.1	99.7	33	99.9	99.9	-10.379	30.5405	-152.318	2.26186	8.34637	-163.68	
2.34	67.4	29.2	93.9	88.7	89.4	83.6	45.1	71.1	40.9	82.5	0	67.9	37.2	52.55	31.3	26.5	62.5	99.9	99.9	99.3	99.9	97.1	99.7	33	99.9	99.9	-10.379	30.5405	-152.318	2.26186	8.34637	-163.68	
2.35	67.4	29.2	93.9	88.7	89.4	83.6	45.1	71.1	40.9	82.5	0	67.9	37.2	52.55	31.3	26.5	62.5	99.9	99.9	99.3	99.9	97.1	99.7	33	99.9	99.9	-10.379	30.5405	-152.318	2.26186	8.34637	-163.68	
2.36	67.4	29.2	93.9	88.7	89.4	83.6	45.1	71.1	40.9	82.5	0	67.9	37.2	52.55	31.3	26.5	62.5	99.9	99.9	99.3	99.9	97.1	99.7	33	99.9	99.9	-10.379	30.5405	-152.318	2.26186	8.34637	-163.68	
2.37	67.4	29.2	93.9	88.7	89.4	83.6	45.1	71.1	40.9	82.5	0	67.9	37.2	52.55	31.3	26.5	62.5	99.9	99.9	99.3	99.9	97.1	99.7	33	99.9	99.9	-10.379	30.5405	-152.318	2.26186	8.34637	-163.68	
2.38	67.4	29.2	93.9	88.7	89.4	83.6	45.1	71.1	40.9	82.5	0	67.9	37.2	52.55	31.3	26.5	62.5	99.9	99.9	99.3	99.9	97.1	99.7	33	99.9	99.9	-10.379	30.5405	-152.318	2.26186	8.34637	-163.68	
2.39	67.4	29.2	93.9	88.7	89.4	83.6	45.1	71.1	40.9	82.5	0	67.9	37.2	52.55	31.3	26.5	62.5	99.9	99.9	99.3	99.9	97.1	99.7	33	99.9	99.9	-10.379	30.5405	-152.318	2.26186	8.34637	-163.68	
2.4	67.4	29.2	93.9	88.7	89.4	83.6	45.1	71.1	40.9	82.5	0	67.9	37.2	52.55	31.3	26.5	62.5	99.9	99.9	99.3	99.9	97.1	99.7	33	99.9	99.9	-10.379	30.5405	-152.318	2.26186	8.34637	-163.68	
2.41	67.4	29.2	93.9	88.7	89.4	83.6	45.1	71.1	40.9	82.5	0	67.9	37.2	52.55	31.3	26.5	62.5	99.9	99.9	99.3	99.9	97.1	99.7	33	99.9	99.9	-10.379	30.5405	-152.318	2.26186	8.34637	-163.68	
2.42	67.4	29.2	93.9	88.7	89.4	83.6	45.1	71.1	40.9	82.5	0	67.9	37.2	52.55	31.3	26.5	62.5	99.9	99.9	99.3	99.9	97.1	99.7	33	99.9	99.9	-10.379	30.5405	-152.318	2.26186	8.34637	-163.68	
2.43	67.4	29.2	93.9	88.7	89.4	83.6	45.1	71.1	40.9	82.5	0	67.9	37.2	52.55	31.3	26.5	62.5	99.9	99.9	99.3	99.9	97.1	99.7	33	99.9	99.9	-10.379	30.5405	-152.318	2.26186	8.34637	-163.68	
2.44	67.4	29.2	93.9	88.7	89.4	83.6	45.1	71.1	40.9	82.5	0	67.9	37.2	52.55	31.3	26.5	62.5	99.9	99.9	99.3	99.9	97.1	99.7	33	99.9	99.9	-10.379	30.5405	-152.318	2.26186	8.34637	-163.68	
2.45	67.4	29.2	93.9	88.7	89.4	83.6	45.1	71.1	40.9	82.5	0	67.9	37.2	52.55	31.3	26.5	62.5	99.9	99.9	99.3	99.9	97.1	99.7	33	99.9	99.9	-10.379	30.5405	-152.318	2.26186	8.34637	-163.68	
2.46	67.4	29.2	93.9	88.7	89.4	83.6	45.1	71.1	40.9	82.5	0	67.9	37.2	52.55	31.3	26.5	62.5	99.9	99.9	99.3	99.9	97.1	99.7	33	99.9	99.9	-10.379	30.5405	-152.318	2.26186	8.34637	-163.68	
2.47	67.4	29.2	93.9	88.7	89.4	83.6	45.1	71.1	40.9	82.5	0	67.9	37.2	52.55	31.3	26.5	62.5	99.9	99.9	99.3	99.9	97.1	99.7	33	99.9	99.9	-10.379	30.5405	-152.318	2.26186	8.34637	-163.68	
2.48	67.4	29.2	93.9	88.7	89.4	83.6	45.1	71.1	40.9	82.5	0	67.9	37.2	52.55	31.3	26.5	62.5	99.9	99.9	99.3	99.9	97.1	99.7	33	99.9	99.9	-10.379	30.5405	-152.318	2.26186	8.34637	-163.68	
2.49	67.4	29.2	93.9	88.7	89.4	83.6	45.1	71.1	40.9	82.5	0	67.9	37.2	52.55	31.3	26.5	62.5	99.9	99.9	99.3	99.9	97.1	99.7	33	99.9	99.9	-10.379	30.5405	-152.318	2.26186	8.34637	-163.68	
2.5	67.4	29.2	93.9	88.7	89.4	83.6	45.1	71.1	40.9	82.5	0	67.9	37.2	52.55	31.3	26.5	62.5	99.9	99.9	99.3	99.9	97.1	99.7	33	99.9	99.9	-10.379	30.5405	-152.318	2.26186	8.34637	-163.68	
2.51	67.4	29.2	93.9	88.7	89.4	83.6	45.1	71.1	40.9	82.5	0	67.9	37.2	52.55	31.3	26.5	62.5	99.9	99.9	99.3	99.9	97.1	99.7	33	99.9	99.9	-10.379	30.5405	-152.318	2.26186	8.34637	-163.68	
2.52	67	29.1	93.6	88.7	89.5	83.6	45	71	40.4	82.4	0	68	37.2	52.6	31.5	26.7	62.1	99.9	99.9	99.5	99.9	97.4	99.9	32.7	99.6	99.6	-10.4481	30.1806	-152.296	2.26533	8.91344	-163.733	
2.53	67	29.1	93.6	88.7	89.5	83.6	45	71	40.4	82.4	0	68	37.2	52.6	31.5	26.7	62.1	99.9	99.9	99.5	99.9	97.4	99.9	32.7	99.6	99.6	-10.4481	30.1806	-152.296	2.26533	8.91344	-163.733	
2.54	67	29.1	93.6	88.7	89.5	83.6	45	71	40.4	82.4	0	68	37.2	52.6	31.5	26.7	62.1	99.9	99.9	99.5	99.9	97.4	99.9	32.7	99.6	99.6	-10.4481	30.1806	-152.296	2.26533	8.91344	-163.733	
2.55	67	29.1	93.6	88.7	89.5	83.6	45	71	40.4	82.4	0	68	37.2	52.6	31.5	26.7	62.1	99.9	99.9	99.5	99.9	97.4	99.9	32.7	99.6	99.6	-10.4481	30.1806	-152.296	2.26533	8.91344	-163.733	
2.56	67	29.1	93.6	88.7	89.5	83.6	45	71	40.4	82.4	0	68	37.2	52.6	31.5	26.7	62.1	99.9	99.9	99.5	99.9	97.4	99.9	32.7	99.6	99.6	-10.4481	30.1806	-152.296	2.26533	8.91344	-163.733	
2.57	67	29.1	93.6	88.7	89.5	83.6	45	71	40.4	82.4	0	68	37.2	52.6	31.5	26.7	62.1	99.9	99.9	99.5	99.9	97.4	99.9	32.7	99.6	99.6	-10.4481	30.1806	-152.296	2.26533	8.91344	-163.733	
2.58	67	29.1	93.6	88.7	89.5	83.6	45	71	40.4	82.4	0	68	37.2	52.6	31.5	26.7	62.1	99.9	99.9	99.5	99.9	97.4	99.9	32.7	99.6	99.6	-10.4481	30.1806	-152.296	2.26533	8.91344	-163.733	
2.59	67	29.1	93.6	88.7	89.5	83.6	45	71	40.4	82.4	0	68	37.2	52.6	31.5	26.7	62.1	99.9	99.9	99.5	99.9	97.4	99.9	32.7	99.6	99.6	-10.4481	30.1806	-152.296	2.26533	8.91344	-163.733	
2.6	67	29.1	93.6	88.7	89.5	83.6	45	71	40.4	82.4	0	68	37.2	52.6	31.5	26.7	62.1	99.9	99.9	99.5	99.9	97.4	99.9	32.7	99.6	99.6	-10.4481	30.1806	-152.296	2.26533	8.91344	-163.733	
2.61	67	29.1	93.6	88.7	89.5	83.6	45	71	40.4	82.4	0	68	37.2	52.6	31.5	26.7	62.1	99.9	99.9	99.5	99.9	97.4	99.9	32.7	99.6	99.6	-10.4481	30.1806	-152.296	2.26533	8.91344	-163.733	
2.62	67	29.1	93.6	88.7	89.5	83.6	45	71	40.4	82.4	0	68	37.2	52.6	31.5	26.7	62.1	99.9	99.9	99.5	99.9	97.4	99.9	32.7	99.6	99.6	-10.4481	30.1806	-152.296	2.26533	8.91344	-163.733	
2.63	67	29.1	93.6	88.7	89.5	83.6	45	71	40.4	82.4	0	68	37.2	52.6	31.5	26.7	62.1	99.9	99.9	99.5	99.9	97.4	99.9	32.7	99.6	99.6	-10.4481	30.1806	-152.296	2.26533	8.91344	-163.733	
2.64	67	29.1	93.6	88.7	89.5	83.6	45	71	40.4	82.4	0	68	37.2	52.6	31.5	26.7	62.1	99.9	99.9	99.5	99.9	97.4	99.9	32.7	99.6	99.6	-10.4481	30.1806	-152.296	2.26533	8.91344	-163.733	
2.65	67	29.1	93.6	88.7	89.5	83.6	45	71	40.4	82.4	0	68	37.2	52.6	31.5	26.7	62.1	99.9	99.9	99.5	99.9	97.4	99.9	32.7	99.6	99.6	-10.4481	30.1806	-152.296	2.26533	8.91344	-163.733	
2.66	67	29.1	93.6	88.7	89.5	83.6	45	71	40.4	82.4	0	68	37.2	52.6	31.5	26.7	62.1	99.9	99.9	99.5	99.9	97.4	99.9	32.7	99.6	99.6	-10.4481	30.1806	-152.296	2.26533	8.91344	-163.733	
2.67	67	29.1	93.6	88.7	89.5	83.6	45	71	40.4	82.4	0	68	37.2	52.6	31.5	26.7	62.1	99.9	99.9	99.5	99.9	97.4	99.9	32.7	99.6	99.6	-10.4481	30.1806	-152.296	2.26533	8.91344	-163.733	
2.68	67	29.1	93.6	88.7	89.5	83.6	45	71	40.4	82.4	0	68	37.2	52.6	31.5	26.7	62.1	99.9	99.9	99.5	99.9	97.4	99.9	32.7	99.6	99.6	-10.4481	30.1806	-152.296	2.26533	8.91344	-163.733	
2.69	67	29.1	93.6	88.7	89.5	83.6	45	71	40.4	82.4	0	68	37.2	52.6	31.5	26.7	62.1	99.9	99.9	99.5	99.9	97.4	99.9	32.7	99.6	99.6	-10.4481	30.1806	-152.296	2.26533	8.91344	-163.733	
2.7	67	29.1	93.6	88.7	89.5	83.6	45	71	40.4	82.4	0	68	37.2	52.6	31.5	26.7	62.1	99.9	99.9	99.5	99.9	97.4	99.9	32.7	99.6	99.6	-10.4481	30.1806	-152.296	2.26533	8.91344	-163.733	
2.71	67	29.1	93.6	88.7	89.5	83.6	45	71	40.4	82.4	0	68	37.2	52.6	31.5	26.7	62.1	99.9	99.9	99.5	99.9	97.4	99.9	32.7	99.6	99.6	-10.4481	30.1806	-152.296	2.26533	8.91344	-163.733	
2.72	67	29.1	93.6	88.7	89.5	83.6	45	71	40.4	82.4	0	68	37.2	52.6	31.5	26.7	62.1	99.9	99.9	99.5	99.9	97.4	99.9	32.7	99.6	99.6	-10.4481	30.1806	-152.296	2.26533	8.91344	-163.733	
2.73	67	29.1	93.6	88.7	89.5	83.6	45	71	40.4	82.4	0	68	37.2	52.6	31.5	26.7	62.1	99.9	99.9	99.5	99.9	97.4	99.9	32.7	99.6	99.6	-10.4481	30.1806	-152.296	2.26533	8.91344	-163.733	
2.74	67	29.1	93.6	88.7	89.5	83.6	45	71	40.4	82.4	0	68	37.2	52.6	31.5	26.7	62.1	99.9	99.9	99.5	99.9	97.4	99.9	32.7	99.6	99.6	-10.4481	30.1806	-152.296	2.26533	8.91344	-163.733	
2.75	67	29.1	93.6	88.7	89.5	83.6	45	71	40.4	82.4	0	68	37.2	52.6	31.5	26.7	62.1	99.9	99.9	99.5	99.9	97.4	99.9	32.7	99.6	99.6	-10.4481	30.1806	-152.296	2.26533	8.91344	-163.733	
2.76	67	29.1	93.6	88.7	89.5	83.6	45	71	40.4	82.4	0	68	37.2	52.6	31.5	26.7	62.1	99.9	99.9	99.5	99.9	97.4	99.9	32.7	99.6	99.6	-10.4481	30.1806	-152.296	2.26533	8.91344	-163.733	
2.77	67	29.1	93.6	88.7	89.5	83.6	45	71	40.4	82.4	0	68	37.2	52.6	31.5	26.7	62.1	99.9	99.9	99.5	99.9	97.4	99.9	32.7	99.6	99.6	-10.4481	30.1806	-152.296	2.26533	8.91344	-163.733	
2.78	67	29.1	93.6	88.7	89.5	83.6	45	71	40.4	82.4	0	68	37.2	52.6	31.5	26.7	62.1	99.9	99.9	99.5	99.9	97.4	99.9	32.7	99.6	99.6	-10.4481	30.1806	-152.296	2.26533	8.91344	-163.733	
2.79	67	29.1	93.6	88.7	89.5	83.6	45	71	40.4	82.4	0	68	37.2	52.6	31.5	26.7	62.1	99.9	99.9	99.5	99.9	97.4	99.9	32.7	99.6	99.6	-10.4481	30.1806	-152.296	2.26533	8.91344	-163.733	
2.8	67	29.1	93.6	88.7	89.5	83.6	45	71	40.4	82.4	0	68	37.2	52.6	31.5	26.7	62.1	99.9	99.9	99.5	99.9	97.4	99.9	32.7	99.6	99.6	-10.4481	30.1806	-152.296	2.26533	8.91344	-163.733	
2.81	67	29.1	93.6	88.7	89.5	83.6	45	71	40.4	82.4	0	68	37.2	52.6	31.5	26.7	62.1	99.9	99.9	99.5	99.9	97.4	99.9	32.7	99.6	99.6	-10.4481	30.1806	-152.296	2.26533	8.91344	-163.733	
2.82	67	29.1	93.6	88.7	89.5	83.6	45	71	40.4	82.4	0	68	37.2	52.6	31.5	26.7	62.1	99.9	99.9	99.5	99.9	97.4	99.9	32.7	99.6	99.6	-10.4481	30.1806	-152.296	2.26533	8.91344	-163.733	
2.83	67	29.1	93.6	88.7	89.5	83.6	45	71	40.4	82.4	0	68	37.2	52.6	31.5	26.7	62.1	99.9	99.9	99.5	99.9	97.4	99.9	32.7	99.6	99.6	-10.4481	30.1806	-152.296	2.26533	8.91344	-163.733	
2.84	67	29.1	93.6	88.7	89.5	83.6	45	71	40.4	82.4	0	68	37.2	52.6	31.5	26.7	62.1	99.9	99.9	99.5	99.9	97.4	99.9	32.7	99.6	99.6	-10.4481	30.1806	-152.296	2.26533	8.91344	-163.733	
2.85	67	29.1	93.6	88.7	89.5	83.6	45	71	40.4	82.4	0	68	37.2	52.6	31.5	26.7	62.1	99.9	99.9	99.5	99.9	97.4	99.9	32.7	99.6	99.6	-10.4481	30.1806	-152.296	2.26533	8.91344	-163.733	
2.86	67	29.1	93.6	88.7	89.5	83.6	45	71	40.4	82.4	0	68	37.2	52.6	31.5	26.7	62.1	99.9	99.9	99.5	99.9	97.4	99.9	32.7	99.6	99.6	-10.4481	30.1806	-152.296	2.26533	8.91344	-163.733	
2.87	67	29.1	93.6	88.7	89.5	83.6	45	71	40.4	82.4	0	68	37.2	52.6	31.5	26.7	62.1	99.9	99.9	99.5	99.9	97.4	99.9	32.7	99.6	99.6	-10.4481	30.1806	-152.296	2.26533	8.91344	-163.733	
2.88	66.2	29.1	93.8	88.6	89.9	83.4	44.9	70.8	40.4	82.4	0	68	37.4	52.7	31.3	26.6	68.8	99.9	99.9	99.5	99.9	96.5	99.8	33.9	99.9	99.8	-10.3646	30.0424	-152.359	1.99398	8.62104	-163.809	
2.89	66.2	29.1	93.8	88.7	89.5	83.4	44.9	70.8	40.2	82.3	0	67.6	37.1	52.35	31.3	26.6	67.7	99.9	99.9	99.6	99.9	96.9	99.6	33.8	99.9	99.9	-10.4834	30.6498	-152.394	2.25366	8.93846	-163.769	
2.9	66.2	29.1	93.8	88.7	89.5	83.4	44.9	70.8	40.2	82.3	0	67.6	37.1	52.35	31.3	26.6	67.7	99.9	99.9	99.6	99.9	96.9	99.6	33.8	99.9	99.9	-10.4834	30.6498	-152.394	2.25366	8.93846	-163.769	
2.91	66.2	29.1	93.8	88.7	89.5	83.4	44.9	70.8	40.2	82.3	0	67.6	37.1	52.35	31.3	26.6	67.7	99.9	99.9	99.6	99.9	96.9	99.6	33.8	99.9	99.9	-10.4834	30.6498	-152.394	2.25366	8.93846	-163.769	
2.92	66.2	29.1	93.8	88.7	89.5	83.4	44.9	70.8	40.2	82.3	0	67.6	37.1	52.35	31.3	26.6	67.7	99.9	99.9	99.6	99.9	96.9	99.6	33.8	99.9	99.9	-10.4834	30.6498	-152.394	2.25366	8.93846	-163.769	
2.93	66.2	29.1	93.8	88.7	89.5	83.4	44.9	70.8	40.2	82.3	0	67.6	37.1	52.35	31.3	26.6	67.7	99.9	99.9	99.6	99.9	96.9	99.6	33.8	99.9	99.9	-10.4834	30.6498	-152.394	2.25366	8.93846	-163.769	
2.94	66.2	29.1	93.8	88.7	89.5	83.4	44.9	70.8	40.2	82.3	0	67.6	37.1	52.35	31.3	26.6	67.7	99.9	99.9	99.6	99.9	96.9	99.6	33.8	99.9	99.9	-10.4834	30.6498	-152.394	2.25366	8.93846	-163.769	
2.95	66.2	29.1	93.8	88.7	89.5	83.4	44.9	70.8	40.2	82.3	0	67.6	37.1	52.35	31.3	26.6	67.7	99.9	99.9	99.6	99.9	96.9	99.6	33.8	99.9	99.9	-10.4834	30.6498	-152.394	2.25366	8.93846	-163.769	
2.96	66.2	29.1	93.8	88.7	89.5	83.4	44.9	70.8	40.2	82.3	0	67.6	37.1	52.35	31.3	26.6	67.7	99.9	99.9	99.6	99.9	96.9	99.6	33.8	99.9	99.9	-10.4834	30.6498	-152.394	2.25366	8.93846	-163.769	
2.97	66.2	29.1	93.8	88.7	89.5	83.4	44.9	70.8	40.2	82.3	0	67.6	37.1	52.35	31.3	26.6	67.7	99.9	99.9	99.6	99.9	96.9	99.6	33.8	99.9	99.9	-10.4834	30.6498	-152.394	2.25366	8.93846	-163.769	
2.98	66.2	29.1	93.8	88.7	89.5	83.4	44.9	70.8	40.2	82.3	0	67.6	37.1	52.35	31.3	26.6	67.7	99.9	99.9	99.6	99.9	96.9	99.6	33.8	99.9	99.9	-10.4834	30.6498	-152.394	2.25366	8.93846	-163.769	
2.99	66.2	29.1	93.8	88.7	89.5	83.4	44.9	70.8	40.2	82.3	0	67.6	37.1	52.35	31.3	26.6	67.7	99.9	99.9	99.6	99.9	96.9	99.6	33.8	99.9	99.9	-10.4834	30.6498	-152.394	2.25366	8.93846	-163.769	
3	66.2	29.1	93.8	88.7	89.5	83.4	44.9	70.8	40.2	82.3	0	67.6	37.1	52.35	31.3	26.6	67.7	99.9	99.9	99.6	99.9	96.9	99.6	33.8	99.9	99.9	-10.4834	30.6498	-152.394	2.25366	8.93846	-163.769	
3.01	66.2	29.1	93.8	88.7	89.5	83.4	44.9	70.8	40.2	82.3	0	67.6	37.1	52.35	31.3	26.6	67.7	99.9	99.9	99.6	99.9	96.9	99.6	33.8	99.9	99.9	-10.4834	30.6498	-152.394	2.25366	8.93846	-163.769	
3.02	66.2	29.1	93.8	88.7	89.5	83.4	44.9	70.8	40.2	82.3	0	67.6	37.1	52.35	31.3	26.6	67.7	99.9	99.9	99.6	99.9	96.9	99.6	33.8	99.9	99.9	-10.4834	30.6498	-152.394	2.25366	8.93846	-163.769	
3.03	66.2	29.1	93.8	88.7	89.5	83.4	44.9	70.8	40.2	82.3	0	67.6	37.1	52.35	31.3	26.6	67.7	99.9	99.9	99.6	99.9	96.9	99.6	33.8	99.9	99.9	-10.4834	30.6498	-152.394	2.25366	8.93846	-163.769	
3.04	66.2	29.1	93.8	88.7	89.5	83.4	44.9	70.8	40.2	82.3	0	67.6	37.1	52.35	31.3	26.6	67.7	99.9	99.9	99.6	99.9	96.9	99.6	33.8	99.9	99.9	-10.4834	30.6498	-152.394	2.25366	8.93846	-163.769	
3.05	66.2	29.1	93.8	88.7	89.5	83.4	44.9	70.8	40.2	82.3	0	67.6	37.1	52.35	31.3	26.6	67.7	99.9	99.9	99.6	99.9	96.9	99.6	33.8	99.9	99.9	-10.4834	30.6498	-152.394	2.25366	8.93846	-163.769	
3.06	66.2	29.1	93.8	88.7	89.5	83.4	44.9	70.8	40.2	82.3	0	67.6	37.1	52.35	31.3	26.6	67.7	99.9	99.9	99.6	99.9	96.9	99.6	33.8	99.9	99.9	-10.4834	30.6498	-152.394	2.25366	8.93846	-163.769	
3.07	66.2	29.1	93.8	88.7	89.5	83.4	44.9	70.8	40.2	82.3	0	67.6	37.1	52.35	31.3	26.6	67.7	99.9	99.9	99.6	99.9	96.9	99.6	33.8	99.9	99.9	-10.4834	30.6498	-152.394	2.25366	8.93846	-163.769	
3.08	66.2	29.1	93.8	88.7	89.5	83.4	44.9	70.8	40.2	82.3	0	67.6	37.1	52.35	31.3	26.6	67.7	99.9	99.9	99.6	99.9	96.9	99.6	33.8	99.9	99.9	-10.4834	30.6498	-152.394	2.25366	8.93846	-163.769	
3.09	66.2	29.1	93.8	88.7	89.5	83.4	44.9	70.8	40.2	82.3	0	67.6	37.1	52.35	31.3	26.6	67.7	99.9	99.9	99.6	99.9	96.9	99.6	33.8	99.9	99.9	-10.4834	30.6498	-152.394	2.25366	8.93846	-163.769	
3.1	66.2	29.1	93.8	88.7	89.5	83.4	44.9	70.8	40.2	82.3	0	67.6	37.1	52.35	31.3	26.6	67.7	99.9	99.9	99.6	99.9	96.9	99.6	33.8	99.9	99.9	-10.4834	30.6498	-152.394	2.25366	8.93846	-163.769	
3.11	66.2	29.1	93.8	88.7	89.5	83.4	44.9	70.8	40.2	82.3	0	67.6	37.1	52.35	31.3	26.6	67.7	99.9	99.9	99.6	99.9	96.9	99.6	33.8	99.9	99.9	-10.4834	30.6498	-152.394	2.25366	8.93846	-163.769	
3.12	66.2	29.1	93.8	88.7	89.5	83.4	44.9	70.8	40.2	82.3	0	67.6	37.1	52.35	31.3	26.6	67.7	99.9	99.9	99.6	99.9	96.9	99.6	33.8	99.9	99.9	-10.4834	30.6498	-152.394	2.25366	8.93846	-163.769	
3.13	66.2	29.1	93.8	88.7	89.5	83.4	44.9	70.8	40.2	82.3	0	67.6	37.1	52.35	31.3	26.6	67.7	99.9	99.9	99.6	99.9	96.9	99.6	33.8	99.9	99.9	-10.4834	30.6498	-152.394	2.25366	8.93846	-163.769	
3.14	66.2	29.1	93.8	88.7	89.5	83.4	44.9	70.8	40.2	82.3	0	67.6	37.1	52.35	31.3	26.6	67.7	99.9	99.9	99.6	99.9	96.9	99.6	33.8	99.9	99.9	-10.4834	30.6498	-152.394	2.25366	8.93846	-163.769	
3.15	66.2	29.1	93.8	88.7	89.5	83.4	44.9	70.8	40.2	82.3	0	67.6	37.1	52.35	31.3	26.6	67.7	99.9	99.9	99.6	99.9	96.9	99.6	33.8	99.9	99.9	-10.4834	30.6498	-152.394	2.25366	8.93846	-163.769	
3.16	66.2	29.1	93.8	88.7	89.5	83.4	44.9	70.8	40.2	82.3	0	67.6	37.1	52.35	31.3	26.6	67.7	99.9	99.9	99.6	99.9	96.9	99.6	33.8	99.9	99.9	-10.4834	30.6498	-152.394	2.25366	8.93846	-163.769	
3.17	66.2	29.1	93.8	88.7	89.5	83.4	44.9	70.8	40.2	82.3	0	67.6	37.1	52.35	31.3	26.6	67.7	99.9	99.9	99.6	99.9	96.9	99.6	33.8	99.9	99.9	-10.4834	30.6498	-152.394	2.25366	8.93846	-163.769	
3.18	66.2	29.1	93.8	88.7	89.5	83.4	44.9	70.8	40.2	82.3	0	67.6	37.1	52.35	31.3	26.6	67.7	99.9	99.9	99.6	99.9	96.9	99.6	33.8	99.9	99.9	-10.4834	30.6498	-152.394	2.25366	8.93846	-163.769	
3.19	66.2	29.1	93.8	88.7	89.5	83.4	44.9	70.8	40.2	82.3	0	67.6	37.1	52.35	31.3	26.6	67.7	99.9	99.9	99.6	99.9	96.9	99.6	33.8	99.9	99.9	-10.4834	30.6498	-152.394	2.25366	8.93846	-163.769	
3.2	66.2	29.1	93.8	88.7	89.5	83.4	44.9	70.8	40.2	82.3	0	67.6	37.1	52.35	31.3	26.6	67.7	99.9	99.9	99.6	99.9	96.9	99.6	33.8	99.9	99.9	-10.4834	30.6498	-152.394	2.25366	8.93846	-163.769	
3.21	66.2	29.1	93.8	88.7	89.5	83.4	44.9	70.8	40.2	82.3	0	67.6	37.1	52.35	31.3	26.6	67.7	99.9	99.9	99.6	99.9	96.9	99.6	33.8	99.9	99.9	-10.4834	30.6498	-152.394	2.25366	8.93846	-163.769	
3.22	66.2	29.1	93.8	88.7	89.5	83.4	44.9	70.8	40.2	82.3	0	67.6	37.1	52.35	31.3	26.6	67.7	99.9	99.9	99.6	99.9	96.9	99.6	33.8	99.9	99.9	-10.4834	30.6498	-152.394	2.25366	8.93846	-163.769	
3.23	66.2	29.1	93.8	88.7	89.5	83.4	44.9	70.8	40.2	82.3	0	67.6	37.1	52.35	31.3	26.6	67.7	99.9	99.9	99.6	99.9	96.9	99.6	33.8	99.9	99.9	-10.4834	30.6498	-152.394	2.25366	8.93846	-163.769	
3.24	66.2	29.1	93.8	88.7	89.5	83.4	44.9	70.8	40.2	82.3	0	67.6	37.1	52.35	31.3	26.6	67.7	99.9	99.9	99.6	99.9	96.9	99.6	33.8	99.9	99.9	-10.4834	30.6498	-152.394	2.25366	8.93846	-163.769	
3.25	66	28.9	93.4	88.7	89.2	83.4	44.9	70.6	40	82.4	0	67.6	37.2	52.4	31.3	26.5	67.9	99.9	99.9	99.6	99.9	97.2	99.9	33.6	99.9	99.4	-10.3487	30.4058	-152.281	2.31616	9.12999	-163.775	
3.26	66	28.9	93.4	88.7	89.2	83.4	44.9	70.6	40	82.4	0	67.6	37.2	52.4	31.3	26.5	67.9	99.9	99.9	99.6	99.9	97.2	99.9	33.6	99.9	99.4	-10.3487	30.4058	-152.281	2.31616	9.12999	-163.775	
3.27	66	28.9	93.4	88.7	89.2	83.4	44.9	70.6	40	82.4	0	67.6	37.2	52.4	31.3	26.5	67.9	99.9	99.9	99.6	99.9	97.2	99.9	33.6	99.9	99.4	-10.3487	30.4058	-152.281	2.31616	9.12999	-163.775	
3.28	66	28.9	93.4	88.7	89.2	83.4	44.9	70.6	40	82.4	0	67.6	37.2	52.4	31.3	26.5	67.9	99.9	99.9	99.6	99.9	97.2	99.9	33.6	99.9	99.4	-10.3487	30.4058	-152.281	2.31616	9.12999	-163.775	
3.29	66	28.9	93.4	88.7	89.2	83.4	44.9	70.6	40	82.4	0	67.6	37.2	52.4	31.3	26.5	67.9	99.9	99.9	99.6	99.9	97.2	99.9	33.6	99.9	99.4	-10.3487	30.4058	-152.281	2.31616	9.12999	-163.775	
3.3	66	28.9	93.4	88.7	89.2	83.4	44.9	70.6	40	82.4	0	67.6	37.2	52.4	31.3	26.5	67.9	99.9	99.9	99.6	99.9	97.2	99.9	33.6	99.9	99.4	-10.3487	30.4058	-152.281	2.31616	9.12999	-163.775	
3.31	66	28.9	93.4	88.7	89.2	83.4	44.9	70.6	40	82.4	0	67.6	37.2	52.4	31.3	26.5	67.9	99.9	99.9	99.6	99.9	97.2	99.9	33.6	99.9	99.4	-10.3487	30.4058	-152.281	2.31616	9.12999	-163.775	
3.32	66	28.9	93.4	88.7	89.2	83.4	44.9	70.6	40	82.4	0	67.6	37.2	52.4	31.3	26.5	67.9	99.9	99.9	99.6	99.9	97.2	99.9	33.6	99.9	99.4	-10.3487	30.4058	-152.281	2.31616	9.12999	-163.775	
3.33	66	28.9	93.4	88.7	89.2	83.4	44.9	70.6	40	82.4	0	67.6	37.2	52.4	31.3	26.5	67.9	99.9	99.9	99.6	99.9	97.2	99.9	33.6	99.9	99.4	-10.3487	30.4058	-152.281	2.31616	9.12999	-163.775	
3.34	66	28.9	93.4	88.7	89.2	83.4	44.9	70.6	40	82.4	0	67.6	37.2	52.4	31.3	26.5	67.9	99.9	99.9	99.6	99.9	97.2	99.9	33.6	99.9	99.4	-10.3487	30.4058	-152.281	2.31616	9.12999	-163.775	
3.35	66	28.9	93.4	88.7	89.2	83.4	44.9	70.6	40	82.4	0	67.6	37.2	52.4	31.3	26.5	67.9	99.9	99.9	99.6	99.9	97.2	99.9	33.6	99.9	99.4	-10.3487	30.4058	-152.281	2.31616	9.12999	-163.775	
3.36	66	28.9	93.4	88.7	89.2	83.4	44.9	70.6	40	82.4	0	67.6	37.2	52.4	31.3	26.5	67.9	99.9	99.9	99.6	99.9	97.2	99.9	33.6	99.9	99.4	-10.3487	30.4058	-152.281	2.31616	9.12999	-163.775	
3.37	66	28.9	93.4	88.7	89.2	83.4	44.9	70.6	40	82.4	0	67.6	37.2	52.4	31.3	26.5	67.9	99.9	99.9	99.6	99.9	97.2	99.9	33.6	99.9	99.4	-10.3487	30.4058	-152.281	2.31616	9.12999	-163.775	
3.38	66	28.9	93.4	88.7	89.2	83.4	44.9	70.6	40	82.4	0	67.6	37.2	52.4	31.3	26.5	67.9	99.9	99.9	99.6	99.9	97.2	99.9	33.6	99.9	99.4	-10.3487	30.4058	-152.281	2.31616	9.12999	-163.775	
3.39	66	28.9	93.4	88.7	89.2	83.4	44.9	70.6	40	82.4	0	67.6	37.2	52.4	31.3	26.5	67.9	99.9	99.9	99.6	99.9	97.2	99.9	33.6	99.9	99.4	-10.3487	30.4058	-152.281	2.31616	9.12999	-163.775	
3.4	66	28.9	93.4	88.7	89.2	83.4	44.9	70.6	40	82.4	0	67.6	37.2	52.4	31.3	26.5	67.9	99.9	99.9	99.6	99.9	97.2	99.9	33.6	99.9	99.4	-10.3487	30.4058	-152.281	2.31616	9.12999	-163.775	
3.41	66	28.9	93.4	88.7	89.2	83.4	44.9	70.6	40	82.4	0	67.6	37.2	52.4	31.3	26.5	67.9	99.9	99.9	99.6	99.9	97.2	99.9	33.6	99.9	99.4	-10.3487	30.4058	-152.281	2.31616	9.12999	-163.775	
3.42	66	28.9	93.4	88.7	89.2	83.4	44.9	70.6	40	82.4	0	67.6	37.2	52.4	31.3	26.5	67.9	99.9	99.9	99.6	99.9	97.2	99.9	33.6	99.9	99.4	-10.3487	30.4058	-152.281	2.31616	9.12999	-163.775	
3.43	66	28.9	93.4	88.7	89.2	83.4	44.9	70.6	40	82.4	0	67.6	37.2	52.4	31.3	26.5	67.9	99.9	99.9	99.6	99.9	97.2	99.9	33.6	99.9	99.4	-10.3487	30.4058	-152.281	2.31616	9.12999	-163.775	
3.44	66	28.9	93.4	88.7	89.2	83.4	44.9	70.6	40	82.4	0	67.6	37.2	52.4	31.3	26.5	67.9	99.9	99.9	99.6	99.9	97.2	99.9	33.6	99.9	99.4	-10.3487	30.4058	-152.281	2.31616	9.12999	-163.775	
3.45	66	28.9	93.4	88.7	89.2	83.4	44.9	70.6	40	82.4	0	67.6	37.2	52.4	31.3	26.5	67.9	99.9	99.9	99.6	99.9	97.2	99.9	33.6	99.9	99.4	-10.3487	30.4058	-152.281	2.31616	9.12999	-163.775	
3.46	66	28.9	93.4	88.7	89.2	83.4	44.9	70.6	40	82.4	0	67.6	37.2	52.4	31.3	26.5	67.9	99.9	99.9	99.6	99.9	97.2	99.9	33.6	99.9	99.4	-10.3487	30.4058	-152.281	2.31616	9.12999	-163.775	
3.47	66	28.9	93.4	88.7	89.2	83.4	44.9	70.6	40	82.4	0	67.6	37.2	52.4	31.3	26.5	67.9	99.9	99.9	99.6	99.9	97.2	99.9	33.6	99.9	99.4	-10.3487	30.4058	-152.281	2.31616	9.12999	-163.775	
3.48	66	28.9	93.4	88.7	89.2	83.4	44.9	70.6	40	82.4	0	67.6	37.2	52.4	31.3	26.5	67.9	99.9	99.9	99.6	99.9	97.2	99.9	33.6	99.9	99.4	-10.3487	30.4058	-152.281	2.31616	9.12999	-163.775	
3.49	66	28.9	93.4	88.7	89.2	83.4	44.9	70.6	40	82.4	0	67.6	37.2	52.4	31.3	26.5	67.9	99.9	99.9	99.6	99.9	97.2	99.9	33.6	99.9	99.4	-10.3487	30.4058	-152.281	2.31616	9.12999	-163.775	
3.5	66	28.9	93.4	88.7	89.2	83.4	44.9	70.6	40	82.4	0	67.6	37.2	52.4	31.3	26.5	67.9	99.9	99.9	99.6	99.9	97.2	99.9	33.6	99.9	99.4	-10.3487	30.4058	-152.281	2.31616	9.12999	-163.775	
3.51	66	28.9	93.4	88.7	89.2	83.4	44.9	70.6	40	82.4	0	67.6	37.2	52.4	31.3	26.5	67.9	99.9	99.9	99.6	99.9	97.2	99.9	33.6	99.9	99.4	-10.3487	30.4058	-152.281	2.31616	9.12999	-163.775	
3.52	66	28.9	93.4	88.7	89.2	83.4	44.9	70.6	40	82.4	0	67.6	37.2	52.4	31.3	26.5	67.9	99.9	99.9	99.6	99.9	97.2	99.9	33.6	99.9	99.4	-10.3487	30.4058	-152.281	2.31616	9.12999	-163.775	
3.53	66	28.9	93.4	88.7	89.2	83.4	44.9	70.6	40	82.4	0	67.6	37.2	52.4	31.3	26.5	67.9	99.9	99.9	99.6	99.9	97.2	99.9	33.6	99.9	99.4	-10.3487	30.4058	-152.281	2.31616	9.12999	-163.775	
3.54	66	28.9	93.4	88.7	89.2	83.4	44.9	70.6	40	82.4	0	67.6	37.2	52.4	31.3	26.5	67.9	99.9	99.9	99.6	99.9	97.2	99.9	33.6	99.9	99.4	-10.3487	30.4058	-152.281	2.31616	9.12999	-163.775	
3.55	66	28.9	93.4	88.7	89.2	83.4	44.9	70.6	40	82.4	0	67.6	37.2	52.4	31.3	26.5	67.9	99.9	99.9	99.6	99.9	97.2	99.9	33.6	99.9	99.4	-10.3487	30.4058	-152.281	2.31616	9.12999	-163.775	
3.56	66	28.9	93.4	88.7	89.2	83.4	44.9	70.6	40	82.4	0	67.6	37.2	52.4	31.3	26.5	67.9	99.9	99.9	99.6	99.9	97.2	99.9	33.6	99.9	99.4	-10.3487	30.4058	-152.281	2.31616	9.12999	-163.775	
3.57	66	28.9	93.4	88.7	89.2	83.4	44.9	70.6	40	82.4	0	67.6	37.2	52.4	31.3	26.5	67.9	99.9	99.9	99.6	99.9	97.2	99.9	33.6	99.9	99.4	-10.3487	30.4058	-152.281	2.31616	9.12999	-163.775	
3.58	66	28.9	93.4	88.7	89.2	83.4	44.9	70.6	40	82.4	0	67.6	37.2	52.4	31.3	26.5	67.9	99.9	99.9	99.6	99.9	97.2	99.9	33.6	99.9	99.4	-10.3487	30.4058	-152.281	2.31616	9.12999	-163.775	
3.59	66	28.9	93.4	88.7	89.2	83.4	44.9	70.6	40	82.4	0	67.6	37.2	52.4	31.3	26.5	67.9	99.9	99.9	99.6	99.9	97.2	99.9	33.6	99.9	99.4	-10.3487	30.4058	-152.281	2.31616	9.12999	-163.775	
3.6	66	28.9	93.4	88.7	89.2	83.4	44.9	70.6	40	82.4	0	67.6	37.2	52.4	31.3	26.5	67.9	99.9	99.9	99.6	99.9	97.2	99.9	33.6	99.9	99.4	-10.3487	30.4058	-152.281	2.31616	9.12999	-163.775	
3.61	66	28.9	93.4	88.7	89.2	83.4	44.9	70.6	40	82.4	0	67.6	37.2	52.4	31.3	26.5	67.9	99.9	99.9	99.6	99.9	97.2	99.9	33.6	99.9	99.4	-10.3487	30.4058	-152.281	2.31616	9.12999	-163.775	
3.62	65.3	29	93.6	88.5	89.1	83.4	44.7	70.6	40	82.3	0	68.2	37.3	52.75	31.2	26.2	66.8	99.9	99.9	99.5	99.9	97.2	99.9	33.4	99.6	99.4	-10.266	30.3974	-152.266	2.80065	9.05184	-163.694	
3.63	65.3	29	93.6	88.5	89.1	83.4	44.7	70.6	40	82.3	0	68.2	37.3	52.75	31.2	26.2	66.8	99.9	99.9	99.5	99.9	97.2	99.9	33.4	99.6	99.4	-10.266	30.3974	-152.266	2.80065	9.05184	-163.694	
3.64	65.3	29	93.6	88.5	89.1	83.4	44.7	70.6	40	82.3	0	68.2	37.3	52.75	31.2	26.2	66.8	99.9	99.9	99.5	99.9	97.2	99.9	33.4	99.6	99.4	-10.266	30.3974	-152.266	2.80065	9.05184	-163.694	
3.65	65.3	29	93.6	88.5	89.1	83.4	44.7	70.6	40	82.3	0	68.2	37.3	52.75	31.2	26.2	66.8	99.9	99.9	99.5	99.9	97.2	99.9	33.4	99.6	99.4	-10.266	30.3974	-152.266	2.80065	9.05184	-163.694	
3.66	65.3	29	93.6	88.5	89.1	83.4	44.7	70.6	40	82.3	0	68.2	37.3	52.75	31.2	26.2	66.8	99.9	99.9	99.5	99.9	97.2	99.9	33.4	99.6	99.4	-10.266	30.3974	-152.266	2.80065	9.05184	-163.694	
3.67	65.3	29	93.6	88.5	89.1	83.4	44.7	70.6	40	82.3	0	68.2	37.3	52.75	31.2	26.2	66.8	99.9	99.9	99.5	99.9	97.2	99.9	33.4	99.6	99.4	-10.266	30.3974	-152.266	2.80065	9.05184	-163.694	
3.68	65.3	29	93.6	88.5	89.1	83.4	44.7	70.6	40	82.3	0	68.2	37.3	52.75	31.2	26.2	66.8	99.9	99.9	99.5	99.9	97.2	99.9	33.4	99.6	99.4	-10.266	30.3974	-152.266	2.80065	9.05184	-163.694	
3.69	65.3	29	93.6	88.5	89.1	83.4	44.7	70.6	40	82.3	0	68.2	37.3	52.75	31.2	26.2	66.8	99.9	99.9	99.5	99.9	97.2	99.9	33.4	99.6	99.4	-10.266	30.3974	-152.266	2.80065	9.05184	-163.694	
3.7	65.3	29	93.6	88.5	89.1	83.4	44.7	70.6	40	82.3	0	68.2	37.3	52.75	31.2	26.2	66.8	99.9	99.9	99.5	99.9	97.2	99.9	33.4	99.6	99.4	-10.266	30.3974	-152.266	2.80065	9.05184	-163.694	
3.71	65.3	29	93.6	88.5	89.1	83.4	44.7	70.6	40	82.3	0	68.2	37.3	52.75	31.2	26.2	66.8	99.9	99.9	99.5	99.9	97.2	99.9	33.4	99.6	99.4	-10.266	30.3974	-152.266	2.80065	9.05184	-163.694	
3.72	65.3	29	93.6	88.5	89.1	83.4	44.7	70.6	40	82.3	0	68.2	37.3	52.75	31.2	26.2	66.8	99.9	99.9	99.5	99.9	97.2	99.9	33.4	99.6	99.4	-10.266	30.3974	-152.266	2.80065	9.05184	-163.694	
3.73	65.3	29	93.6	88.5	89.1	83.4	44.7	70.6	40	82.3	0	68.2	37.3	52.75	31.2	26.2	66.8	99.9	99.9	99.5	99.9	97.2	99.9	33.4	99.6	99.4	-10.266	30.3974	-152.266	2.80065	9.05184	-163.694	
3.74	65.3	29	93.6	88.5	89.1	83.4	44.7	70.6	40	82.3	0	68.2	37.3	52.75	31.2	26.2	66.8	99.9	99.9	99.5	99.9	97.2	99.9	33.4	99.6	99.4	-10.266	30.3974	-152.266	2.80065	9.05184	-163.694	
3.75	65.3	29	93.6	88.5	89.1	83.4	44.7	70.6	40	82.3	0	68.2	37.3	52.75	31.2	26.2	66.8	99.9	99.9	99.5	99.9	97.2	99.9	33.4	99.6	99.4	-10.266	30.3974	-152.266	2.80065	9.05184	-163.694	
3.76	65.3	29	93.6	88.5	89.1	83.4	44.7	70.6	40	82.3	0	68.2	37.3	52.75	31.2	26.2	66.8	99.9	99.9	99.5	99.9	97.2	99.9	33.4	99.6	99.4	-10.266	30.3974	-152.266	2.80065	9.05184	-163.694	
3.77	65.3	29	93.6	88.5	89.1	83.4	44.7	70.6	40	82.3	0	68.2	37.3	52.75	31.2	26.2	66.8	99.9	99.9	99.5	99.9	97.2	99.9	33.4	99.6	99.4	-10.266	30.3974	-152.266	2.80065	9.05184	-163.694	
3.78	65.3	29	93.6	88.5	89.1	83.4	44.7	70.6	40	82.3	0	68.2	37.3	52.75	31.2	26.2	66.8	99.9	99.9	99.5	99.9	97.2	99.9	33.4	99.6	99.4	-10.266	30.3974	-152.266	2.80065	9.05184	-163.694	
3.79	65.3	29	93.6	88.5	89.1	83.4	44.7	70.6	40	82.3	0	68.2	37.3	52.75	31.2	26.2	66.8	99.9	99.9	99.5	99.9	97.2	99.9	33.4	99.6	99.4	-10.266	30.3974	-152.266	2.80065	9.05184	-163.694	
3.8	65.3	29	93.6	88.5	89.1	83.4	44.7	70.6	40	82.3	0	68.2	37.3	52.75	31.2	26.2	66.8	99.9	99.9	99.5	99.9	97.2	99.9	33.4	99.6	99.4	-10.266	30.3974	-152.266	2.80065	9.05184	-163.694	
3.81	65.3	29	93.6	88.5	89.1	83.4	44.7	70.6	40	82.3	0	68.2	37.3	52.75	31.2	26.2	66.8	99.9	99.9	99.5	99.9	97.2	99.9	33.4	99.6	99.4	-10.266	30.3974	-152.266	2.80065	9.05184	-163.694	
3.82	65.3	29	93.6	88.5	89.1	83.4	44.7	70.6	40	82.3	0	68.2	37.3	52.75	31.2	26.2	66.8	99.9	99.9	99.5	99.9	97.2	99.9	33.4	99.6	99.4	-10.266	30.3974	-152.266	2.80065	9.05184	-163.694	
3.83	65.3	29	93.6	88.5	89.1	83.4	44.7	70.6	40	82.3	0	68.2	37.3	52.75	31.2	26.2	66.8	99.9	99.9	99.5	99.9	97.2	99.9	33.4	99.6	99.4	-10.266	30.3974	-152.266	2.80065	9.05184	-163.694	
3.84	65.3	29	93.6	88.5	89.1	83.4	44.7	70.6	40	82.3	0	68.2	37.3	52.75	31.2	26.2	66.8	99.9	99.9	99.5	99.9	97.2	99.9	33.4	99.6	99.4	-10.266	30.3974	-152.266	2.80065	9.05184	-163.694	
3.85	65.3	29	93.6	88.5	89.1	83.4	44.7	70.6	40	82.3	0	68.2	37.3	52.75	31.2	26.2	66.8	99.9	99.9	99.5	99.9	97.2	99.9	33.4	99.6	99.4	-10.266	30.3974	-152.266	2.80065	9.05184	-163.694	
3.86	65.3	29	93.6	88.5	89.1	83.4	44.7	70.6	40	82.3	0	68.2	37.3	52.75	31.2	26.2	66.8	99.9	99.9	99.5	99.9	97.2	99.9	33.4	99.6	99.4	-10.266	30.3974	-152.266	2.80065	9.05184	-163.694	
3.87	65.3	29	93.6	88.5	89.1	83.4	44.7	70.6	40	82.3	0	68.2	37.3	52.75	31.2	26.2	66.8	99.9	99.9	99.5	99.9	97.2	99.9	33.4	99.6	99.4	-10.266	30.3974	-152.266	2.80065	9.05184	-163.694	
3.88	65.3	29	93.6	88.5	89.1	83.4	44.7	70.6	40	82.3	0	68.2	37.3	52.75	31.2	26.2	66.8	99.9	99.9	99.5	99.9	97.2	99.9	33.4	99.6	99.4	-10.266	30.3974	-152.266	2.80065	9.05184	-163.694	
3.89	65.3	29	93.6	88.5	89.1	83.4	44.7	70.6	40	82.3	0	68.2	37.3	52.75	31.2	26.2	66.8	99.9	99.9	99.5	99.9	97.2	99.9	33.4	99.6	99.4	-10.266	30.3974	-152.266	2.80065	9.05184	-163.694	
3.9	65.3	29	93.6	88.5	89.1	83.4	44.7	70.6	40	82.3	0	68.2	37.3	52.75	31.2	26.2	66.8	99.9	99.9	99.5	99.9	97.2	99.9	33.4	99.6	99.4	-10.266	30.3974	-152.266	2.80065	9.05184	-163.694	
3.91	65.3	29	93.6	88.5	89.1	83.4	44.7	70.6	40	82.3	0	68.2	37.3	52.75	31.2	26.2	66.8	99.9	99.9	99.5	99.9	97.2	99.9	33.4	99.6	99.4	-10.266	30.3974	-152.266	2.80065	9.05184	-163.694	
