Hora de inicio de la toma de datos: 12:04:09
AT(s)	F1.1	F1.2	F2.1	F2.2	F3.1	F3.2	F4.1	F4.2	F5.1	F5.2	ABD1	ABD2	ABD3	ABD4	PA	TCO	P1	P2	P3	P4	P5	P6	P7	P8	P9	P10	HRoll	HPitch	HYaw	WRoll	WPitch	WYaw	
0.01	3.7	2.8	100	98.7	87.9	91.7	83.3	78.4	88.5	83	0	94.3	46.8	70.55	20.3	26.4	100	99.9	57.1	96.5	99.9	98.5	99.7	99.9	99.9	99.9	-87.1986	-14.883	45.0417	-77.2045	9.38119	64.0451	
0.02	3.7	2.8	100	98.7	87.9	91.7	83.3	78.4	88.5	83	0	94.3	46.8	70.55	20.3	26.4	100	99.9	57.1	96.5	99.9	98.5	99.7	99.9	99.9	99.9	-87.1986	-14.883	45.0417	-77.2045	9.38119	64.0451	
0.03	3.7	2.8	100	98.7	87.9	91.7	83.3	78.4	88.5	83	0	94.3	46.8	70.55	20.3	26.4	100	99.9	57.1	96.5	99.9	98.5	99.7	99.9	99.9	99.9	-87.1986	-14.883	45.0417	-77.2045	9.38119	64.0451	
0.04	3.7	2.8	100	98.7	87.9	91.7	83.3	78.4	88.5	83	0	94.3	46.8	70.55	20.3	26.4	100	99.9	57.1	96.5	99.9	98.5	99.7	99.9	99.9	99.9	-87.1986	-14.883	45.0417	-77.2045	9.38119	64.0451	
0.05	3.7	2.8	100	98.7	87.9	91.7	83.3	78.4	88.5	83	0	94.3	46.8	70.55	20.3	26.4	100	99.9	57.1	96.5	99.9	98.5	99.7	99.9	99.9	99.9	-87.1986	-14.883	45.0417	-77.2045	9.38119	64.0451	
0.06	3.7	2.8	100	98.7	87.9	91.7	83.3	78.4	88.5	83	0	94.3	46.8	70.55	20.3	26.4	100	99.9	57.1	96.5	99.9	98.5	99.7	99.9	99.9	99.9	-87.1986	-14.883	45.0417	-77.2045	9.38119	64.0451	
0.07	3.7	2.8	100	98.7	87.9	91.7	83.3	78.4	88.5	83	0	94.3	46.8	70.55	20.3	26.4	100	99.9	57.1	96.5	99.9	98.5	99.7	99.9	99.9	99.9	-87.1986	-14.883	45.0417	-77.2045	9.38119	64.0451	
0.08	3.7	2.8	100	98.7	87.9	91.7	83.3	78.4	88.5	83	0	94.3	46.8	70.55	20.3	26.4	100	99.9	57.1	96.5	99.9	98.5	99.7	99.9	99.9	99.9	-87.1986	-14.883	45.0417	-77.2045	9.38119	64.0451	
0.09	3.7	2.8	100	98.7	87.9	91.7	83.3	78.4	88.5	83	0	94.3	46.8	70.55	20.3	26.4	100	99.9	57.1	96.5	99.9	98.5	99.7	99.9	99.9	99.9	-87.1986	-14.883	45.0417	-77.2045	9.38119	64.0451	
0.1	3.7	2.8	100	98.7	87.9	91.7	83.3	78.4	88.5	83	0	94.3	46.8	70.55	20.3	26.4	100	99.9	57.1	96.5	99.9	98.5	99.7	99.9	99.9	99.9	-87.1986	-14.883	45.0417	-77.2045	9.38119	64.0451	
0.11	3.7	2.8	100	98.7	87.9	91.7	83.3	78.4	88.5	83	0	94.3	46.8	70.55	20.3	26.4	100	99.9	57.1	96.5	99.9	98.5	99.7	99.9	99.9	99.9	-87.1986	-14.883	45.0417	-77.2045	9.38119	64.0451	
0.12	3.7	2.8	100	98.7	87.9	91.7	83.3	78.4	88.5	83	0	94.3	46.8	70.55	20.3	26.4	100	99.9	57.1	96.5	99.9	98.5	99.7	99.9	99.9	99.9	-87.1986	-14.883	45.0417	-77.2045	9.38119	64.0451	
0.13	3.7	2.8	100	98.7	87.9	91.7	83.3	78.4	88.5	83	0	94.3	46.8	70.55	20.3	26.4	100	99.9	57.1	96.5	99.9	98.5	99.7	99.9	99.9	99.9	-87.1986	-14.883	45.0417	-77.2045	9.38119	64.0451	
0.14	3.7	2.8	100	98.7	87.9	91.7	83.3	78.4	88.5	83	0	94.3	46.8	70.55	20.3	26.4	100	99.9	57.1	96.5	99.9	98.5	99.7	99.9	99.9	99.9	-87.1986	-14.883	45.0417	-77.2045	9.38119	64.0451	
0.15	3.7	2.8	100	98.7	87.9	91.7	83.3	78.4	88.5	83	0	94.3	46.8	70.55	20.3	26.4	100	99.9	57.1	96.5	99.9	98.5	99.7	99.9	99.9	99.9	-87.1986	-14.883	45.0417	-77.2045	9.38119	64.0451	
0.16	3.7	2.8	100	98.7	87.9	91.7	83.3	78.4	88.5	83	0	94.3	46.8	70.55	20.3	26.4	100	99.9	57.1	96.5	99.9	98.5	99.7	99.9	99.9	99.9	-87.1986	-14.883	45.0417	-77.2045	9.38119	64.0451	
0.171	3.7	2.8	100	98.7	87.9	91.7	83.3	78.4	88.5	83	0	94.3	46.8	70.55	20.3	26.4	100	99.9	57.1	96.5	99.9	98.5	99.7	99.9	99.9	99.9	-87.1986	-14.883	45.0417	-77.2045	9.38119	64.0451	
0.181	3.7	2.8	100	98.7	87.9	91.7	83.3	78.4	88.5	83	0	94.3	46.8	70.55	20.3	26.4	100	99.9	57.1	96.5	99.9	98.5	99.7	99.9	99.9	99.9	-87.1986	-14.883	45.0417	-77.2045	9.38119	64.0451	
0.191	3.7	2.8	100	98.7	87.9	91.7	83.3	78.4	88.5	83	0	94.3	46.8	70.55	20.3	26.4	100	99.9	57.1	96.5	99.9	98.5	99.7	99.9	99.9	99.9	-87.1986	-14.883	45.0417	-77.2045	9.38119	64.0451	
0.201	3.7	2.8	100	98.7	87.9	91.7	83.3	78.4	88.5	83	0	94.3	46.8	70.55	20.3	26.4	100	99.9	57.1	96.5	99.9	98.5	99.7	99.9	99.9	99.9	-87.1986	-14.883	45.0417	-77.2045	9.38119	64.0451	
0.211	3.7	2.8	100	98.7	87.9	91.7	83.3	78.4	88.5	83	0	94.3	46.8	70.55	20.3	26.4	100	99.9	57.1	96.5	99.9	98.5	99.7	99.9	99.9	99.9	-87.1986	-14.883	45.0417	-77.2045	9.38119	64.0451	
0.221	3	3.2	100	98.2	87.4	90.6	82.3	77.1	87.4	80.8	0	94.5	46.7	70.6	19.8	26.7	100	99.9	61.4	96.8	99.9	98.8	99.7	99.5	99.9	99.9	-88.0001	-14.642	45.0808	-77.3897	9.91638	63.9073	
0.231	3	3.2	100	98.2	87.4	90.6	82.3	77.1	87.4	80.8	0	94.5	46.7	70.6	19.8	26.7	100	99.9	61.4	96.8	99.9	98.8	99.7	99.5	99.9	99.9	-88.0001	-14.642	45.0808	-77.3897	9.91638	63.9073	
0.241	3	3.2	100	98.2	87.4	90.6	82.3	77.1	87.4	80.8	0	94.5	46.7	70.6	19.8	26.7	100	99.9	61.4	96.8	99.9	98.8	99.7	99.5	99.9	99.9	-88.0001	-14.642	45.0808	-77.3897	9.91638	63.9073	
0.251	3	3.2	100	98.2	87.4	90.6	82.3	77.1	87.4	80.8	0	94.5	46.7	70.6	19.8	26.7	100	99.9	61.4	96.8	99.9	98.8	99.7	99.5	99.9	99.9	-88.0001	-14.642	45.0808	-77.3897	9.91638	63.9073	
0.261	3	3.2	100	98.2	87.4	90.6	82.3	77.1	87.4	80.8	0	94.5	46.7	70.6	19.8	26.7	100	99.9	61.4	96.8	99.9	98.8	99.7	99.5	99.9	99.9	-88.0001	-14.642	45.0808	-77.3897	9.91638	63.9073	
0.271	3	3.2	100	98.2	87.4	90.6	82.3	77.1	87.4	80.8	0	94.5	46.7	70.6	19.8	26.7	100	99.9	61.4	96.8	99.9	98.8	99.7	99.5	99.9	99.9	-88.0001	-14.642	45.0808	-77.3897	9.91638	63.9073	
0.281	3	3.2	100	98.2	87.4	90.6	82.3	77.1	87.4	80.8	0	94.5	46.7	70.6	19.8	26.7	100	99.9	61.4	96.8	99.9	98.8	99.7	99.5	99.9	99.9	-88.0001	-14.642	45.0808	-77.3897	9.91638	63.9073	
0.29	3	3.2	100	98.2	87.4	90.6	82.3	77.1	87.4	80.8	0	94.5	46.7	70.6	19.8	26.7	100	99.9	61.4	96.8	99.9	98.8	99.7	99.5	99.9	99.9	-88.0001	-14.642	45.0808	-77.3897	9.91638	63.9073	
0.3	3	3.2	100	98.2	87.4	90.6	82.3	77.1	87.4	80.8	0	94.5	46.7	70.6	19.8	26.7	100	99.9	61.4	96.8	99.9	98.8	99.7	99.5	99.9	99.9	-88.0001	-14.642	45.0808	-77.3897	9.91638	63.9073	
0.31	3	3.2	100	98.2	87.4	90.6	82.3	77.1	87.4	80.8	0	94.5	46.7	70.6	19.8	26.7	100	99.9	61.4	96.8	99.9	98.8	99.7	99.5	99.9	99.9	-88.0001	-14.642	45.0808	-77.3897	9.91638	63.9073	
0.32	3	3.2	100	98.2	87.4	90.6	82.3	77.1	87.4	80.8	0	94.5	46.7	70.6	19.8	26.7	100	99.9	61.4	96.8	99.9	98.8	99.7	99.5	99.9	99.9	-88.0001	-14.642	45.0808	-77.3897	9.91638	63.9073	
0.33	3	3.2	100	98.2	87.4	90.6	82.3	77.1	87.4	80.8	0	94.5	46.7	70.6	19.8	26.7	100	99.9	61.4	96.8	99.9	98.8	99.7	99.5	99.9	99.9	-88.0001	-14.642	45.0808	-77.3897	9.91638	63.9073	
0.34	3	3.2	100	98.2	87.4	90.6	82.3	77.1	87.4	80.8	0	94.5	46.7	70.6	19.8	26.7	100	99.9	61.4	96.8	99.9	98.8	99.7	99.5	99.9	99.9	-88.0001	-14.642	45.0808	-77.3897	9.91638	63.9073	
0.35	3	3.2	100	98.2	87.4	90.6	82.3	77.1	87.4	80.8	0	94.5	46.7	70.6	19.8	26.7	100	99.9	61.4	96.8	99.9	98.8	99.7	99.5	99.9	99.9	-88.0001	-14.642	45.0808	-77.3897	9.91638	63.9073	
0.36	3	3.2	100	98.2	87.4	90.6	82.3	77.1	87.4	80.8	0	94.5	46.7	70.6	19.8	26.7	100	99.9	61.4	96.8	99.9	98.8	99.7	99.5	99.9	99.9	-88.0001	-14.642	45.0808	-77.3897	9.91638	63.9073	
0.37	3	3.2	100	98.2	87.4	90.6	82.3	77.1	87.4	80.8	0	94.5	46.7	70.6	19.8	26.7	100	99.9	61.4	96.8	99.9	98.8	99.7	99.5	99.9	99.9	-88.0001	-14.642	45.0808	-77.3897	9.91638	63.9073	
0.38	3	3.2	100	98.2	87.4	90.6	82.3	77.1	87.4	80.8	0	94.5	46.7	70.6	19.8	26.7	100	99.9	61.4	96.8	99.9	98.8	99.7	99.5	99.9	99.9	-88.0001	-14.642	45.0808	-77.3897	9.91638	63.9073	
0.39	3	3.2	100	98.2	87.4	90.6	82.3	77.1	87.4	80.8	0	94.5	46.7	70.6	19.8	26.7	100	99.9	61.4	96.8	99.9	98.8	99.7	99.5	99.9	99.9	-88.0001	-14.642	45.0808	-77.3897	9.91638	63.9073	
0.4	3	3.2	100	98.2	87.4	90.6	82.3	77.1	87.4	80.8	0	94.5	46.7	70.6	19.8	26.7	100	99.9	61.4	96.8	99.9	98.8	99.7	99.5	99.9	99.9	-88.0001	-14.642	45.0808	-77.3897	9.91638	63.9073	
0.41	3	3.2	100	98.2	87.4	90.6	82.3	77.1	87.4	80.8	0	94.5	46.7	70.6	19.8	26.7	100	99.9	61.4	96.8	99.9	98.8	99.7	99.5	99.9	99.9	-88.0001	-14.642	45.0808	-77.3897	9.91638	63.9073	
0.42	3	3.2	100	98.2	87.4	90.6	82.3	77.1	87.4	80.8	0	94.5	46.7	70.6	19.8	26.7	100	99.9	61.4	96.8	99.9	98.8	99.7	99.5	99.9	99.9	-88.0001	-14.642	45.0808	-77.3897	9.91638	63.9073	
0.43	3	3.2	100	98.2	87.4	90.6	82.3	77.1	87.4	80.8	0	94.5	46.7	70.6	19.8	26.7	100	99.9	61.4	96.8	99.9	98.8	99.7	99.5	99.9	99.9	-88.0001	-14.642	45.0808	-77.3897	9.91638	63.9073	
0.44	3	3.2	100	98.2	87.4	90.6	82.3	77.1	87.4	80.8	0	94.5	46.7	70.6	19.8	26.7	100	99.9	61.4	96.8	99.9	98.8	99.7	99.5	99.9	99.9	-88.0001	-14.642	45.0808	-77.3897	9.91638	63.9073	
0.45	3	3.2	100	98.2	87.4	90.6	82.3	77.1	87.4	80.8	0	94.5	46.7	70.6	19.8	26.7	100	99.9	61.4	96.8	99.9	98.8	99.7	99.5	99.9	99.9	-88.0001	-14.642	45.0808	-77.3897	9.91638	63.9073	
0.46	3	3.2	100	98.2	87.4	90.6	82.3	77.1	87.4	80.8	0	94.5	46.7	70.6	19.8	26.7	100	99.9	61.4	96.8	99.9	98.8	99.7	99.5	99.9	99.9	-88.0001	-14.642	45.0808	-77.3897	9.91638	63.9073	
0.47	3	3.2	100	98.2	87.4	90.6	82.3	77.1	87.4	80.8	0	94.5	46.7	70.6	19.8	26.7	100	99.9	61.4	96.8	99.9	98.8	99.7	99.5	99.9	99.9	-88.0001	-14.642	45.0808	-77.3897	9.91638	63.9073	
0.48	3	3.2	100	98.2	87.4	90.6	82.3	77.1	87.4	80.8	0	94.5	46.7	70.6	19.8	26.7	100	99.9	61.4	96.8	99.9	98.8	99.7	99.5	99.9	99.9	-88.0001	-14.642	45.0808	-77.3897	9.91638	63.9073	
0.49	3	3.2	100	98.2	87.4	90.6	82.3	77.1	87.4	80.8	0	94.5	46.7	70.6	19.8	26.7	100	99.9	61.4	96.8	99.9	98.8	99.7	99.5	99.9	99.9	-88.0001	-14.642	45.0808	-77.3897	9.91638	63.9073	
0.5	3	3.2	100	98.2	87.4	90.6	82.3	77.1	87.4	80.8	0	94.5	46.7	70.6	19.8	26.7	100	99.9	61.4	96.8	99.9	98.8	99.7	99.5	99.9	99.9	-88.0001	-14.642	45.0808	-77.3897	9.91638	63.9073	
0.51	3	3.2	100	98.2	87.4	90.6	82.3	77.1	87.4	80.8	0	94.5	46.7	70.6	19.8	26.7	100	99.9	61.4	96.8	99.9	98.8	99.7	99.5	99.9	99.9	-88.0001	-14.642	45.0808	-77.3897	9.91638	63.9073	
0.52	3	3.2	100	98.2	87.4	90.6	82.3	77.1	87.4	80.8	0	94.5	46.7	70.6	19.8	26.7	100	99.9	61.4	96.8	99.9	98.8	99.7	99.5	99.9	99.9	-88.0001	-14.642	45.0808	-77.3897	9.91638	63.9073	
0.53	3	3.2	100	98.2	87.4	90.6	82.3	77.1	87.4	80.8	0	94.5	46.7	70.6	19.8	26.7	100	99.9	61.4	96.8	99.9	98.8	99.7	99.5	99.9	99.9	-88.0001	-14.642	45.0808	-77.3897	9.91638	63.9073	
0.54	3	3.2	100	98.2	87.4	90.6	82.3	77.1	87.4	80.8	0	94.5	46.7	70.6	19.8	26.7	100	99.9	61.4	96.8	99.9	98.8	99.7	99.5	99.9	99.9	-88.0001	-14.642	45.0808	-77.3897	9.91638	63.9073	
0.55	3	3.2	100	98.2	87.4	90.6	82.3	77.1	87.4	80.8	0	94.5	46.7	70.6	19.8	26.7	100	99.9	61.4	96.8	99.9	98.8	99.7	99.5	99.9	99.9	-88.0001	-14.642	45.0808	-77.3897	9.91638	63.9073	
0.56	3	3.2	100	98.2	87.4	90.6	82.3	77.1	87.4	80.8	0	94.5	46.7	70.6	19.8	26.7	100	99.9	61.4	96.8	99.9	98.8	99.7	99.5	99.9	99.9	-88.0001	-14.642	45.0808	-77.3897	9.91638	63.9073	
0.57	3	3.2	100	98.2	87.4	90.6	82.3	77.1	87.4	80.8	0	94.5	46.7	70.6	19.8	26.7	100	99.9	61.4	96.8	99.9	98.8	99.7	99.5	99.9	99.9	-88.0001	-14.642	45.0808	-77.3897	9.91638	63.9073	
0.58	3	3.2	100	98.2	87.4	90.6	82.3	77.1	87.4	80.8	0	94.5	46.7	70.6	19.8	26.7	100	99.9	61.4	96.8	99.9	98.8	99.7	99.5	99.9	99.9	-88.0001	-14.642	45.0808	-77.3897	9.91638	63.9073	
0.59	2.5	2.8	100	97.6	86.9	89.6	80.7	76	85.5	79.8	0	93.6	46.8	70.2	20.3	27.2	99.9	99.9	58.7	97	99.9	98.4	99.8	99.5	99.8	99.9	-87.9656	-15.0025	45.3978	-77.1035	10.1309	63.6703	
0.6	2.5	2.8	100	97.6	86.9	89.6	80.7	76	85.5	79.8	0	93.6	46.8	70.2	20.3	27.2	99.9	99.9	58.7	97	99.9	98.4	99.8	99.5	99.8	99.9	-87.9656	-15.0025	45.3978	-77.1035	10.1309	63.6703	
0.61	2.5	2.8	100	97.6	86.9	89.6	80.7	76	85.5	79.8	0	93.6	46.8	70.2	20.3	27.2	99.9	99.9	58.7	97	99.9	98.4	99.8	99.5	99.8	99.9	-87.9656	-15.0025	45.3978	-77.1035	10.1309	63.6703	
0.62	2.5	2.8	100	97.6	86.9	89.6	80.7	76	85.5	79.8	0	93.6	46.8	70.2	20.3	27.2	99.9	99.9	58.7	97	99.9	98.4	99.8	99.5	99.8	99.9	-87.9656	-15.0025	45.3978	-77.1035	10.1309	63.6703	
0.63	2.5	2.8	100	97.6	86.9	89.6	80.7	76	85.5	79.8	0	93.6	46.8	70.2	20.3	27.2	99.9	99.9	58.7	97	99.9	98.4	99.8	99.5	99.8	99.9	-87.9656	-15.0025	45.3978	-77.1035	10.1309	63.6703	
0.64	2.5	2.8	100	97.6	86.9	89.6	80.7	76	85.5	79.8	0	93.6	46.8	70.2	20.3	27.2	99.9	99.9	58.7	97	99.9	98.4	99.8	99.5	99.8	99.9	-87.9656	-15.0025	45.3978	-77.1035	10.1309	63.6703	
0.65	2.5	2.8	100	97.6	86.9	89.6	80.7	76	85.5	79.8	0	93.6	46.8	70.2	20.3	27.2	99.9	99.9	58.7	97	99.9	98.4	99.8	99.5	99.8	99.9	-87.9656	-15.0025	45.3978	-77.1035	10.1309	63.6703	
0.66	2.5	2.8	100	97.6	86.9	89.6	80.7	76	85.5	79.8	0	93.6	46.8	70.2	20.3	27.2	99.9	99.9	58.7	97	99.9	98.4	99.8	99.5	99.8	99.9	-87.9656	-15.0025	45.3978	-77.1035	10.1309	63.6703	
0.67	2.5	2.8	100	97.6	86.9	89.6	80.7	76	85.5	79.8	0	93.6	46.8	70.2	20.3	27.2	99.9	99.9	58.7	97	99.9	98.4	99.8	99.5	99.8	99.9	-87.9656	-15.0025	45.3978	-77.1035	10.1309	63.6703	
0.68	2.5	2.8	100	97.6	86.9	89.6	80.7	76	85.5	79.8	0	93.6	46.8	70.2	20.3	27.2	99.9	99.9	58.7	97	99.9	98.4	99.8	99.5	99.8	99.9	-87.9656	-15.0025	45.3978	-77.1035	10.1309	63.6703	
0.69	2.5	2.8	100	97.6	86.9	89.6	80.7	76	85.5	79.8	0	93.6	46.8	70.2	20.3	27.2	99.9	99.9	58.7	97	99.9	98.4	99.8	99.5	99.8	99.9	-87.9656	-15.0025	45.3978	-77.1035	10.1309	63.6703	
0.7	2.5	2.8	100	97.6	86.9	89.6	80.7	76	85.5	79.8	0	93.6	46.8	70.2	20.3	27.2	99.9	99.9	58.7	97	99.9	98.4	99.8	99.5	99.8	99.9	-87.9656	-15.0025	45.3978	-77.1035	10.1309	63.6703	
0.71	2.5	2.8	100	97.6	86.9	89.6	80.7	76	85.5	79.8	0	93.6	46.8	70.2	20.3	27.2	99.9	99.9	58.7	97	99.9	98.4	99.8	99.5	99.8	99.9	-87.9656	-15.0025	45.3978	-77.1035	10.1309	63.6703	
0.72	2.5	2.8	100	97.6	86.9	89.6	80.7	76	85.5	79.8	0	93.6	46.8	70.2	20.3	27.2	99.9	99.9	58.7	97	99.9	98.4	99.8	99.5	99.8	99.9	-87.9656	-15.0025	45.3978	-77.1035	10.1309	63.6703	
0.73	2.5	2.8	100	97.6	86.9	89.6	80.7	76	85.5	79.8	0	93.6	46.8	70.2	20.3	27.2	99.9	99.9	58.7	97	99.9	98.4	99.8	99.5	99.8	99.9	-87.9656	-15.0025	45.3978	-77.1035	10.1309	63.6703	
0.74	2.5	2.8	100	97.6	86.9	89.6	80.7	76	85.5	79.8	0	93.6	46.8	70.2	20.3	27.2	99.9	99.9	58.7	97	99.9	98.4	99.8	99.5	99.8	99.9	-87.9656	-15.0025	45.3978	-77.1035	10.1309	63.6703	
0.75	2.5	2.8	100	97.6	86.9	89.6	80.7	76	85.5	79.8	0	93.6	46.8	70.2	20.3	27.2	99.9	99.9	58.7	97	99.9	98.4	99.8	99.5	99.8	99.9	-87.9656	-15.0025	45.3978	-77.1035	10.1309	63.6703	
0.76	2.5	2.8	100	97.6	86.9	89.6	80.7	76	85.5	79.8	0	93.6	46.8	70.2	20.3	27.2	99.9	99.9	58.7	97	99.9	98.4	99.8	99.5	99.8	99.9	-87.9656	-15.0025	45.3978	-77.1035	10.1309	63.6703	
0.77	2.5	2.8	100	97.6	86.9	89.6	80.7	76	85.5	79.8	0	93.6	46.8	70.2	20.3	27.2	99.9	99.9	58.7	97	99.9	98.4	99.8	99.5	99.8	99.9	-87.9656	-15.0025	45.3978	-77.1035	10.1309	63.6703	
0.78	2.5	2.8	100	97.6	86.9	89.6	80.7	76	85.5	79.8	0	93.6	46.8	70.2	20.3	27.2	99.9	99.9	58.7	97	99.9	98.4	99.8	99.5	99.8	99.9	-87.9656	-15.0025	45.3978	-77.1035	10.1309	63.6703	
0.79	2.5	2.8	100	97.6	86.9	89.6	80.7	76	85.5	79.8	0	93.6	46.8	70.2	20.3	27.2	99.9	99.9	58.7	97	99.9	98.4	99.8	99.5	99.8	99.9	-87.9656	-15.0025	45.3978	-77.1035	10.1309	63.6703	
0.8	2.5	2.8	100	97.6	86.9	89.6	80.7	76	85.5	79.8	0	93.6	46.8	70.2	20.3	27.2	99.9	99.9	58.7	97	99.9	98.4	99.8	99.5	99.8	99.9	-87.9656	-15.0025	45.3978	-77.1035	10.1309	63.6703	
0.81	2.5	2.8	100	97.6	86.9	89.6	80.7	76	85.5	79.8	0	93.6	46.8	70.2	20.3	27.2	99.9	99.9	58.7	97	99.9	98.4	99.8	99.5	99.8	99.9	-87.9656	-15.0025	45.3978	-77.1035	10.1309	63.6703	
0.82	2.5	2.8	100	97.6	86.9	89.6	80.7	76	85.5	79.8	0	93.6	46.8	70.2	20.3	27.2	99.9	99.9	58.7	97	99.9	98.4	99.8	99.5	99.8	99.9	-87.9656	-15.0025	45.3978	-77.1035	10.1309	63.6703	
0.83	2.5	2.8	100	97.6	86.9	89.6	80.7	76	85.5	79.8	0	93.6	46.8	70.2	20.3	27.2	99.9	99.9	58.7	97	99.9	98.4	99.8	99.5	99.8	99.9	-87.9656	-15.0025	45.3978	-77.1035	10.1309	63.6703	
0.84	2.5	2.8	100	97.6	86.9	89.6	80.7	76	85.5	79.8	0	93.6	46.8	70.2	20.3	27.2	99.9	99.9	58.7	97	99.9	98.4	99.8	99.5	99.8	99.9	-87.9656	-15.0025	45.3978	-77.1035	10.1309	63.6703	
0.85	2.5	2.8	100	97.6	86.9	89.6	80.7	76	85.5	79.8	0	93.6	46.8	70.2	20.3	27.2	99.9	99.9	58.7	97	99.9	98.4	99.8	99.5	99.8	99.9	-87.9656	-15.0025	45.3978	-77.1035	10.1309	63.6703	
0.86	2.5	2.8	100	97.6	86.9	89.6	80.7	76	85.5	79.8	0	93.6	46.8	70.2	20.3	27.2	99.9	99.9	58.7	97	99.9	98.4	99.8	99.5	99.8	99.9	-87.9656	-15.0025	45.3978	-77.1035	10.1309	63.6703	
0.87	2.5	2.8	100	97.6	86.9	89.6	80.7	76	85.5	79.8	0	93.6	46.8	70.2	20.3	27.2	99.9	99.9	58.7	97	99.9	98.4	99.8	99.5	99.8	99.9	-87.9656	-15.0025	45.3978	-77.1035	10.1309	63.6703	
0.88	2.5	2.8	100	97.6	86.9	89.6	80.7	76	85.5	79.8	0	93.6	46.8	70.2	20.3	27.2	99.9	99.9	58.7	97	99.9	98.4	99.8	99.5	99.8	99.9	-87.9656	-15.0025	45.3978	-77.1035	10.1309	63.6703	
0.89	2.5	2.8	100	97.6	86.9	89.6	80.7	76	85.5	79.8	0	93.6	46.8	70.2	20.3	27.2	99.9	99.9	58.7	97	99.9	98.4	99.8	99.5	99.8	99.9	-87.9656	-15.0025	45.3978	-77.1035	10.1309	63.6703	
0.9	2.5	2.8	100	97.6	86.9	89.6	80.7	76	85.5	79.8	0	93.6	46.8	70.2	20.3	27.2	99.9	99.9	58.7	97	99.9	98.4	99.8	99.5	99.8	99.9	-87.9656	-15.0025	45.3978	-77.1035	10.1309	63.6703	
0.91	2.5	2.8	100	97.6	86.9	89.6	80.7	76	85.5	79.8	0	93.6	46.8	70.2	20.3	27.2	99.9	99.9	58.7	97	99.9	98.4	99.8	99.5	99.8	99.9	-87.9656	-15.0025	45.3978	-77.1035	10.1309	63.6703	
0.92	2.5	2.8	100	97.6	86.9	89.6	80.7	76	85.5	79.8	0	93.6	46.8	70.2	20.3	27.2	99.9	99.9	58.7	97	99.9	98.4	99.8	99.5	99.8	99.9	-87.9656	-15.0025	45.3978	-77.1035	10.1309	63.6703	
0.93	2.5	2.8	100	97.6	86.9	89.6	80.7	76	85.5	79.8	0	93.6	46.8	70.2	20.3	27.2	99.9	99.9	58.7	97	99.9	98.4	99.8	99.5	99.8	99.9	-87.9656	-15.0025	45.3978	-77.1035	10.1309	63.6703	
0.94	2.5	2.8	100	97.6	86.9	89.6	80.7	76	85.5	79.8	0	93.6	46.8	70.2	20.3	27.2	99.9	99.9	58.7	97	99.9	98.4	99.8	99.5	99.8	99.9	-87.9656	-15.0025	45.3978	-77.1035	10.1309	63.6703	
0.95	2.5	2.8	100	97.6	86.9	89.6	80.7	76	85.5	79.8	0	93.6	46.8	70.2	20.3	27.2	99.9	99.9	58.7	97	99.9	98.4	99.8	99.5	99.8	99.9	-87.9656	-15.0025	45.3978	-77.1035	10.1309	63.6703	
0.96	2.5	3.2	100	97.6	86.2	89	79.2	75.3	81.2	79.8	0	93.3	46.6	69.95	20.2	27.7	99.9	99.9	56.5	96.7	99.9	98.2	99.7	99.2	99.9	99.9	-87.7739	-15.185	45.3808	-77.0332	10.3351	63.5596	
0.97	2.5	3.2	100	97.6	86.2	89	79.2	75.3	81.2	79.8	0	93.3	46.6	69.95	20.2	27.7	99.9	99.9	56.5	96.7	99.9	98.2	99.7	99.2	99.9	99.9	-87.7739	-15.185	45.3808	-77.0332	10.3351	63.5596	
0.98	2.5	3.2	100	97.6	86.2	89	79.2	75.3	81.2	79.8	0	93.3	46.6	69.95	20.2	27.7	99.9	99.9	56.5	96.7	99.9	98.2	99.7	99.2	99.9	99.9	-87.7739	-15.185	45.3808	-77.0332	10.3351	63.5596	
0.99	2.5	3.2	100	97.6	86.2	89	79.2	75.3	81.2	79.8	0	93.3	46.6	69.95	20.2	27.7	99.9	99.9	56.5	96.7	99.9	98.2	99.7	99.2	99.9	99.9	-87.7739	-15.185	45.3808	-77.0332	10.3351	63.5596	
1	2.5	3.2	100	97.6	86.2	89	79.2	75.3	81.2	79.8	0	93.3	46.6	69.95	20.2	27.7	99.9	99.9	56.5	96.7	99.9	98.2	99.7	99.2	99.9	99.9	-87.7739	-15.185	45.3808	-77.0332	10.3351	63.5596	
1.01	2.5	3.2	100	97.6	86.2	89	79.2	75.3	81.2	79.8	0	93.3	46.6	69.95	20.2	27.7	99.9	99.9	56.5	96.7	99.9	98.2	99.7	99.2	99.9	99.9	-87.7739	-15.185	45.3808	-77.0332	10.3351	63.5596	
1.02	2.5	3.2	100	97.6	86.2	89	79.2	75.3	81.2	79.8	0	93.3	46.6	69.95	20.2	27.7	99.9	99.9	56.5	96.7	99.9	98.2	99.7	99.2	99.9	99.9	-87.7739	-15.185	45.3808	-77.0332	10.3351	63.5596	
1.03	2.5	3.2	100	97.6	86.2	89	79.2	75.3	81.2	79.8	0	93.3	46.6	69.95	20.2	27.7	99.9	99.9	56.5	96.7	99.9	98.2	99.7	99.2	99.9	99.9	-87.7739	-15.185	45.3808	-77.0332	10.3351	63.5596	
1.04	2.5	3.2	100	97.6	86.2	89	79.2	75.3	81.2	79.8	0	93.3	46.6	69.95	20.2	27.7	99.9	99.9	56.5	96.7	99.9	98.2	99.7	99.2	99.9	99.9	-87.7739	-15.185	45.3808	-77.0332	10.3351	63.5596	
1.05	2.5	3.2	100	97.6	86.2	89	79.2	75.3	81.2	79.8	0	93.3	46.6	69.95	20.2	27.7	99.9	99.9	56.5	96.7	99.9	98.2	99.7	99.2	99.9	99.9	-87.7739	-15.185	45.3808	-77.0332	10.3351	63.5596	
1.06	2.5	3.2	100	97.6	86.2	89	79.2	75.3	81.2	79.8	0	93.3	46.6	69.95	20.2	27.7	99.9	99.9	56.5	96.7	99.9	98.2	99.7	99.2	99.9	99.9	-87.7739	-15.185	45.3808	-77.0332	10.3351	63.5596	
1.07	2.5	3.2	100	97.6	86.2	89	79.2	75.3	81.2	79.8	0	93.3	46.6	69.95	20.2	27.7	99.9	99.9	56.5	96.7	99.9	98.2	99.7	99.2	99.9	99.9	-87.7739	-15.185	45.3808	-77.0332	10.3351	63.5596	
1.08	2.5	3.2	100	97.6	86.2	89	79.2	75.3	81.2	79.8	0	93.3	46.6	69.95	20.2	27.7	99.9	99.9	56.5	96.7	99.9	98.2	99.7	99.2	99.9	99.9	-87.7739	-15.185	45.3808	-77.0332	10.3351	63.5596	
1.09	2.5	3.2	100	97.6	86.2	89	79.2	75.3	81.2	79.8	0	93.3	46.6	69.95	20.2	27.7	99.9	99.9	56.5	96.7	99.9	98.2	99.7	99.2	99.9	99.9	-87.7739	-15.185	45.3808	-77.0332	10.3351	63.5596	
1.1	2.5	3.2	100	97.6	86.2	89	79.2	75.3	81.2	79.8	0	93.3	46.6	69.95	20.2	27.7	99.9	99.9	56.5	96.7	99.9	98.2	99.7	99.2	99.9	99.9	-87.7739	-15.185	45.3808	-77.0332	10.3351	63.5596	
1.11	2.5	3.2	100	97.6	86.2	89	79.2	75.3	81.2	79.8	0	93.3	46.6	69.95	20.2	27.7	99.9	99.9	56.5	96.7	99.9	98.2	99.7	99.2	99.9	99.9	-87.7739	-15.185	45.3808	-77.0332	10.3351	63.5596	
1.12	2.5	3.2	100	97.6	86.2	89	79.2	75.3	81.2	79.8	0	93.3	46.6	69.95	20.2	27.7	99.9	99.9	56.5	96.7	99.9	98.2	99.7	99.2	99.9	99.9	-87.7739	-15.185	45.3808	-77.0332	10.3351	63.5596	
1.13	2.5	3.2	100	97.6	86.2	89	79.2	75.3	81.2	79.8	0	93.3	46.6	69.95	20.2	27.7	99.9	99.9	56.5	96.7	99.9	98.2	99.7	99.2	99.9	99.9	-87.7739	-15.185	45.3808	-77.0332	10.3351	63.5596	
1.14	2.5	3.2	100	97.6	86.2	89	79.2	75.3	81.2	79.8	0	93.3	46.6	69.95	20.2	27.7	99.9	99.9	56.5	96.7	99.9	98.2	99.7	99.2	99.9	99.9	-87.7739	-15.185	45.3808	-77.0332	10.3351	63.5596	
1.15	2.5	3.2	100	97.6	86.2	89	79.2	75.3	81.2	79.8	0	93.3	46.6	69.95	20.2	27.7	99.9	99.9	56.5	96.7	99.9	98.2	99.7	99.2	99.9	99.9	-87.7739	-15.185	45.3808	-77.0332	10.3351	63.5596	
1.16	2.5	3.2	100	97.6	86.2	89	79.2	75.3	81.2	79.8	0	93.3	46.6	69.95	20.2	27.7	99.9	99.9	56.5	96.7	99.9	98.2	99.7	99.2	99.9	99.9	-87.7739	-15.185	45.3808	-77.0332	10.3351	63.5596	
1.17	2.5	3.2	100	97.6	86.2	89	79.2	75.3	81.2	79.8	0	93.3	46.6	69.95	20.2	27.7	99.9	99.9	56.5	96.7	99.9	98.2	99.7	99.2	99.9	99.9	-87.7739	-15.185	45.3808	-77.0332	10.3351	63.5596	
1.18	2.5	3.2	100	97.6	86.2	89	79.2	75.3	81.2	79.8	0	93.3	46.6	69.95	20.2	27.7	99.9	99.9	56.5	96.7	99.9	98.2	99.7	99.2	99.9	99.9	-87.7739	-15.185	45.3808	-77.0332	10.3351	63.5596	
1.19	2.5	3.2	100	97.6	86.2	89	79.2	75.3	81.2	79.8	0	93.3	46.6	69.95	20.2	27.7	99.9	99.9	56.5	96.7	99.9	98.2	99.7	99.2	99.9	99.9	-87.7739	-15.185	45.3808	-77.0332	10.3351	63.5596	
1.2	2.5	3.2	100	97.6	86.2	89	79.2	75.3	81.2	79.8	0	93.3	46.6	69.95	20.2	27.7	99.9	99.9	56.5	96.7	99.9	98.2	99.7	99.2	99.9	99.9	-87.7739	-15.185	45.3808	-77.0332	10.3351	63.5596	
1.21	2.5	3.2	100	97.6	86.2	89	79.2	75.3	81.2	79.8	0	93.3	46.6	69.95	20.2	27.7	99.9	99.9	56.5	96.7	99.9	98.2	99.7	99.2	99.9	99.9	-87.7739	-15.185	45.3808	-77.0332	10.3351	63.5596	
1.22	2.5	3.2	100	97.6	86.2	89	79.2	75.3	81.2	79.8	0	93.3	46.6	69.95	20.2	27.7	99.9	99.9	56.5	96.7	99.9	98.2	99.7	99.2	99.9	99.9	-87.7739	-15.185	45.3808	-77.0332	10.3351	63.5596	
1.23	2.5	3.2	100	97.6	86.2	89	79.2	75.3	81.2	79.8	0	93.3	46.6	69.95	20.2	27.7	99.9	99.9	56.5	96.7	99.9	98.2	99.7	99.2	99.9	99.9	-87.7739	-15.185	45.3808	-77.0332	10.3351	63.5596	
1.24	2.5	3.2	100	97.6	86.2	89	79.2	75.3	81.2	79.8	0	93.3	46.6	69.95	20.2	27.7	99.9	99.9	56.5	96.7	99.9	98.2	99.7	99.2	99.9	99.9	-87.7739	-15.185	45.3808	-77.0332	10.3351	63.5596	
1.25	2.5	3.2	100	97.6	86.2	89	79.2	75.3	81.2	79.8	0	93.3	46.6	69.95	20.2	27.7	99.9	99.9	56.5	96.7	99.9	98.2	99.7	99.2	99.9	99.9	-87.7739	-15.185	45.3808	-77.0332	10.3351	63.5596	
1.26	2.5	3.2	100	97.6	86.2	89	79.2	75.3	81.2	79.8	0	93.3	46.6	69.95	20.2	27.7	99.9	99.9	56.5	96.7	99.9	98.2	99.7	99.2	99.9	99.9	-87.7739	-15.185	45.3808	-77.0332	10.3351	63.5596	
1.27	2.5	3.2	100	97.6	86.2	89	79.2	75.3	81.2	79.8	0	93.3	46.6	69.95	20.2	27.7	99.9	99.9	56.5	96.7	99.9	98.2	99.7	99.2	99.9	99.9	-87.7739	-15.185	45.3808	-77.0332	10.3351	63.5596	
1.28	2.5	3.2	100	97.6	86.2	89	79.2	75.3	81.2	79.8	0	93.3	46.6	69.95	20.2	27.7	99.9	99.9	56.5	96.7	99.9	98.2	99.7	99.2	99.9	99.9	-87.7739	-15.185	45.3808	-77.0332	10.3351	63.5596	
1.29	2.5	3.2	100	97.6	86.2	89	79.2	75.3	81.2	79.8	0	93.3	46.6	69.95	20.2	27.7	99.9	99.9	56.5	96.7	99.9	98.2	99.7	99.2	99.9	99.9	-87.7739	-15.185	45.3808	-77.0332	10.3351	63.5596	
1.3	2.5	3.2	100	97.6	86.2	89	79.2	75.3	81.2	79.8	0	93.3	46.6	69.95	20.2	27.7	99.9	99.9	56.5	96.7	99.9	98.2	99.7	99.2	99.9	99.9	-87.7739	-15.185	45.3808	-77.0332	10.3351	63.5596	
1.31	2.5	3.2	100	97.6	86.2	89	79.2	75.3	81.2	79.8	0	93.3	46.6	69.95	20.2	27.7	99.9	99.9	56.5	96.7	99.9	98.2	99.7	99.2	99.9	99.9	-87.7739	-15.185	45.3808	-77.0332	10.3351	63.5596	
1.32	2.2	3.4	100	97.5	85.9	88.9	78.1	74.6	77.7	79.4	0	93.4	46.6	70	20.4	27.2	100	99.9	57.7	96.7	99.9	98.1	99.9	98.7	99.7	99.6	-87.526	-15.6956	44.9306	-75.1946	9.78421	63.4609	
1.33	2.4	3.4	100	97.5	86.1	89	78	74.6	77.3	79.5	0	93	46.6	69.8	20.2	27.7	99.9	99.9	57.4	96.8	99.9	98.1	99.9	98.5	99.9	99.6	-86.7835	-15.2677	44.5968	-76.2153	9.14754	63.1375	
1.34	2.4	3.4	100	97.5	86.1	89	78	74.6	77.3	79.5	0	93	46.6	69.8	20.2	27.7	99.9	99.9	57.4	96.8	99.9	98.1	99.9	98.5	99.9	99.6	-86.7835	-15.2677	44.5968	-76.2153	9.14754	63.1375	
1.35	2.4	3.4	100	97.5	86.1	89	78	74.6	77.3	79.5	0	93	46.6	69.8	20.2	27.7	99.9	99.9	57.4	96.8	99.9	98.1	99.9	98.5	99.9	99.6	-86.7835	-15.2677	44.5968	-76.2153	9.14754	63.1375	
1.36	2.4	3.4	100	97.5	86.1	89	78	74.6	77.3	79.5	0	93	46.6	69.8	20.2	27.7	99.9	99.9	57.4	96.8	99.9	98.1	99.9	98.5	99.9	99.6	-86.7835	-15.2677	44.5968	-76.2153	9.14754	63.1375	
1.37	2.4	3.4	100	97.5	86.1	89	78	74.6	77.3	79.5	0	93	46.6	69.8	20.2	27.7	99.9	99.9	57.4	96.8	99.9	98.1	99.9	98.5	99.9	99.6	-86.7835	-15.2677	44.5968	-76.2153	9.14754	63.1375	
1.38	2.4	3.4	100	97.5	86.1	89	78	74.6	77.3	79.5	0	93	46.6	69.8	20.2	27.7	99.9	99.9	57.4	96.8	99.9	98.1	99.9	98.5	99.9	99.6	-86.7835	-15.2677	44.5968	-76.2153	9.14754	63.1375	
1.39	2.4	3.4	100	97.5	86.1	89	78	74.6	77.3	79.5	0	93	46.6	69.8	20.2	27.7	99.9	99.9	57.4	96.8	99.9	98.1	99.9	98.5	99.9	99.6	-86.7835	-15.2677	44.5968	-76.2153	9.14754	63.1375	
1.4	2.4	3.4	100	97.5	86.1	89	78	74.6	77.3	79.5	0	93	46.6	69.8	20.2	27.7	99.9	99.9	57.4	96.8	99.9	98.1	99.9	98.5	99.9	99.6	-86.7835	-15.2677	44.5968	-76.2153	9.14754	63.1375	
1.41	2.4	3.4	100	97.5	86.1	89	78	74.6	77.3	79.5	0	93	46.6	69.8	20.2	27.7	99.9	99.9	57.4	96.8	99.9	98.1	99.9	98.5	99.9	99.6	-86.7835	-15.2677	44.5968	-76.2153	9.14754	63.1375	
1.42	2.4	3.4	100	97.5	86.1	89	78	74.6	77.3	79.5	0	93	46.6	69.8	20.2	27.7	99.9	99.9	57.4	96.8	99.9	98.1	99.9	98.5	99.9	99.6	-86.7835	-15.2677	44.5968	-76.2153	9.14754	63.1375	
1.43	2.4	3.4	100	97.5	86.1	89	78	74.6	77.3	79.5	0	93	46.6	69.8	20.2	27.7	99.9	99.9	57.4	96.8	99.9	98.1	99.9	98.5	99.9	99.6	-86.7835	-15.2677	44.5968	-76.2153	9.14754	63.1375	
1.44	2.4	3.4	100	97.5	86.1	89	78	74.6	77.3	79.5	0	93	46.6	69.8	20.2	27.7	99.9	99.9	57.4	96.8	99.9	98.1	99.9	98.5	99.9	99.6	-86.7835	-15.2677	44.5968	-76.2153	9.14754	63.1375	
1.45	2.4	3.4	100	97.5	86.1	89	78	74.6	77.3	79.5	0	93	46.6	69.8	20.2	27.7	99.9	99.9	57.4	96.8	99.9	98.1	99.9	98.5	99.9	99.6	-86.7835	-15.2677	44.5968	-76.2153	9.14754	63.1375	
1.46	2.4	3.4	100	97.5	86.1	89	78	74.6	77.3	79.5	0	93	46.6	69.8	20.2	27.7	99.9	99.9	57.4	96.8	99.9	98.1	99.9	98.5	99.9	99.6	-86.7835	-15.2677	44.5968	-76.2153	9.14754	63.1375	
1.47	2.4	3.4	100	97.5	86.1	89	78	74.6	77.3	79.5	0	93	46.6	69.8	20.2	27.7	99.9	99.9	57.4	96.8	99.9	98.1	99.9	98.5	99.9	99.6	-86.7835	-15.2677	44.5968	-76.2153	9.14754	63.1375	
1.48	2.4	3.4	100	97.5	86.1	89	78	74.6	77.3	79.5	0	93	46.6	69.8	20.2	27.7	99.9	99.9	57.4	96.8	99.9	98.1	99.9	98.5	99.9	99.6	-86.7835	-15.2677	44.5968	-76.2153	9.14754	63.1375	
1.49	2.4	3.4	100	97.5	86.1	89	78	74.6	77.3	79.5	0	93	46.6	69.8	20.2	27.7	99.9	99.9	57.4	96.8	99.9	98.1	99.9	98.5	99.9	99.6	-86.7835	-15.2677	44.5968	-76.2153	9.14754	63.1375	
1.5	2.4	3.4	100	97.5	86.1	89	78	74.6	77.3	79.5	0	93	46.6	69.8	20.2	27.7	99.9	99.9	57.4	96.8	99.9	98.1	99.9	98.5	99.9	99.6	-86.7835	-15.2677	44.5968	-76.2153	9.14754	63.1375	
1.51	2.4	3.4	100	97.5	86.1	89	78	74.6	77.3	79.5	0	93	46.6	69.8	20.2	27.7	99.9	99.9	57.4	96.8	99.9	98.1	99.9	98.5	99.9	99.6	-86.7835	-15.2677	44.5968	-76.2153	9.14754	63.1375	
1.52	2.4	3.4	100	97.5	86.1	89	78	74.6	77.3	79.5	0	93	46.6	69.8	20.2	27.7	99.9	99.9	57.4	96.8	99.9	98.1	99.9	98.5	99.9	99.6	-86.7835	-15.2677	44.5968	-76.2153	9.14754	63.1375	
1.53	2.4	3.4	100	97.5	86.1	89	78	74.6	77.3	79.5	0	93	46.6	69.8	20.2	27.7	99.9	99.9	57.4	96.8	99.9	98.1	99.9	98.5	99.9	99.6	-86.7835	-15.2677	44.5968	-76.2153	9.14754	63.1375	
1.54	2.4	3.4	100	97.5	86.1	89	78	74.6	77.3	79.5	0	93	46.6	69.8	20.2	27.7	99.9	99.9	57.4	96.8	99.9	98.1	99.9	98.5	99.9	99.6	-86.7835	-15.2677	44.5968	-76.2153	9.14754	63.1375	
1.55	2.4	3.4	100	97.5	86.1	89	78	74.6	77.3	79.5	0	93	46.6	69.8	20.2	27.7	99.9	99.9	57.4	96.8	99.9	98.1	99.9	98.5	99.9	99.6	-86.7835	-15.2677	44.5968	-76.2153	9.14754	63.1375	
1.56	2.4	3.4	100	97.5	86.1	89	78	74.6	77.3	79.5	0	93	46.6	69.8	20.2	27.7	99.9	99.9	57.4	96.8	99.9	98.1	99.9	98.5	99.9	99.6	-86.7835	-15.2677	44.5968	-76.2153	9.14754	63.1375	
1.57	2.4	3.4	100	97.5	86.1	89	78	74.6	77.3	79.5	0	93	46.6	69.8	20.2	27.7	99.9	99.9	57.4	96.8	99.9	98.1	99.9	98.5	99.9	99.6	-86.7835	-15.2677	44.5968	-76.2153	9.14754	63.1375	
1.58	2.4	3.4	100	97.5	86.1	89	78	74.6	77.3	79.5	0	93	46.6	69.8	20.2	27.7	99.9	99.9	57.4	96.8	99.9	98.1	99.9	98.5	99.9	99.6	-86.7835	-15.2677	44.5968	-76.2153	9.14754	63.1375	
1.59	2.4	3.4	100	97.5	86.1	89	78	74.6	77.3	79.5	0	93	46.6	69.8	20.2	27.7	99.9	99.9	57.4	96.8	99.9	98.1	99.9	98.5	99.9	99.6	-86.7835	-15.2677	44.5968	-76.2153	9.14754	63.1375	
1.6	2.4	3.4	100	97.5	86.1	89	78	74.6	77.3	79.5	0	93	46.6	69.8	20.2	27.7	99.9	99.9	57.4	96.8	99.9	98.1	99.9	98.5	99.9	99.6	-86.7835	-15.2677	44.5968	-76.2153	9.14754	63.1375	
1.61	2.4	3.4	100	97.5	86.1	89	78	74.6	77.3	79.5	0	93	46.6	69.8	20.2	27.7	99.9	99.9	57.4	96.8	99.9	98.1	99.9	98.5	99.9	99.6	-86.7835	-15.2677	44.5968	-76.2153	9.14754	63.1375	
1.62	2.4	3.4	100	97.5	86.1	89	78	74.6	77.3	79.5	0	93	46.6	69.8	20.2	27.7	99.9	99.9	57.4	96.8	99.9	98.1	99.9	98.5	99.9	99.6	-86.7835	-15.2677	44.5968	-76.2153	9.14754	63.1375	
1.63	2.4	3.4	100	97.5	86.1	89	78	74.6	77.3	79.5	0	93	46.6	69.8	20.2	27.7	99.9	99.9	57.4	96.8	99.9	98.1	99.9	98.5	99.9	99.6	-86.7835	-15.2677	44.5968	-76.2153	9.14754	63.1375	
1.64	2.4	3.4	100	97.5	86.1	89	78	74.6	77.3	79.5	0	93	46.6	69.8	20.2	27.7	99.9	99.9	57.4	96.8	99.9	98.1	99.9	98.5	99.9	99.6	-86.7835	-15.2677	44.5968	-76.2153	9.14754	63.1375	
1.65	2.4	3.4	100	97.5	86.1	89	78	74.6	77.3	79.5	0	93	46.6	69.8	20.2	27.7	99.9	99.9	57.4	96.8	99.9	98.1	99.9	98.5	99.9	99.6	-86.7835	-15.2677	44.5968	-76.2153	9.14754	63.1375	
1.66	2.4	3.4	100	97.5	86.1	89	78	74.6	77.3	79.5	0	93	46.6	69.8	20.2	27.7	99.9	99.9	57.4	96.8	99.9	98.1	99.9	98.5	99.9	99.6	-86.7835	-15.2677	44.5968	-76.2153	9.14754	63.1375	
1.67	2.4	3.4	100	97.5	86.1	89	78	74.6	77.3	79.5	0	93	46.6	69.8	20.2	27.7	99.9	99.9	57.4	96.8	99.9	98.1	99.9	98.5	99.9	99.6	-86.7835	-15.2677	44.5968	-76.2153	9.14754	63.1375	
1.68	2.4	3.4	100	97.5	86.1	89	78	74.6	77.3	79.5	0	93	46.6	69.8	20.2	27.7	99.9	99.9	57.4	96.8	99.9	98.1	99.9	98.5	99.9	99.6	-86.7835	-15.2677	44.5968	-76.2153	9.14754	63.1375	
1.69	2.3	3.1	100	97.4	85.9	88.6	77.7	74.6	76.6	79.1	0	93	46.5	69.75	20.2	27.6	100	99.9	57.6	96.9	99.9	98.2	99.8	97.8	99.9	99.9	-86.5838	-15.1585	44.3198	-74.6074	9.65166	63.2925	
1.7	2.3	2.9	100	97.5	85.7	88.7	77.5	74.3	76.5	79.1	0	92.8	46.5	69.65	19.9	27.8	100	99.9	57.2	96.6	99.9	98.6	99.9	96.8	99.6	99.9	-86.4659	-14.9773	44.4188	-75.7357	9.70917	63.2031	
1.71	2.3	2.9	100	97.5	85.7	88.7	77.5	74.3	76.5	79.1	0	92.8	46.5	69.65	19.9	27.8	100	99.9	57.2	96.6	99.9	98.6	99.9	96.8	99.6	99.9	-86.4659	-14.9773	44.4188	-75.7357	9.70917	63.2031	
1.72	2.3	2.9	100	97.5	85.7	88.7	77.5	74.3	76.5	79.1	0	92.8	46.5	69.65	19.9	27.8	100	99.9	57.2	96.6	99.9	98.6	99.9	96.8	99.6	99.9	-86.4659	-14.9773	44.4188	-75.7357	9.70917	63.2031	
1.73	2.3	2.9	100	97.5	85.7	88.7	77.5	74.3	76.5	79.1	0	92.8	46.5	69.65	19.9	27.8	100	99.9	57.2	96.6	99.9	98.6	99.9	96.8	99.6	99.9	-86.4659	-14.9773	44.4188	-75.7357	9.70917	63.2031	
1.74	2.3	2.9	100	97.5	85.7	88.7	77.5	74.3	76.5	79.1	0	92.8	46.5	69.65	19.9	27.8	100	99.9	57.2	96.6	99.9	98.6	99.9	96.8	99.6	99.9	-86.4659	-14.9773	44.4188	-75.7357	9.70917	63.2031	
1.75	2.3	2.9	100	97.5	85.7	88.7	77.5	74.3	76.5	79.1	0	92.8	46.5	69.65	19.9	27.8	100	99.9	57.2	96.6	99.9	98.6	99.9	96.8	99.6	99.9	-86.4659	-14.9773	44.4188	-75.7357	9.70917	63.2031	
1.76	2.3	2.9	100	97.5	85.7	88.7	77.5	74.3	76.5	79.1	0	92.8	46.5	69.65	19.9	27.8	100	99.9	57.2	96.6	99.9	98.6	99.9	96.8	99.6	99.9	-86.4659	-14.9773	44.4188	-75.7357	9.70917	63.2031	
1.77	2.3	2.9	100	97.5	85.7	88.7	77.5	74.3	76.5	79.1	0	92.8	46.5	69.65	19.9	27.8	100	99.9	57.2	96.6	99.9	98.6	99.9	96.8	99.6	99.9	-86.4659	-14.9773	44.4188	-75.7357	9.70917	63.2031	
1.78	2.3	2.9	100	97.5	85.7	88.7	77.5	74.3	76.5	79.1	0	92.8	46.5	69.65	19.9	27.8	100	99.9	57.2	96.6	99.9	98.6	99.9	96.8	99.6	99.9	-86.4659	-14.9773	44.4188	-75.7357	9.70917	63.2031	
1.79	2.3	2.9	100	97.5	85.7	88.7	77.5	74.3	76.5	79.1	0	92.8	46.5	69.65	19.9	27.8	100	99.9	57.2	96.6	99.9	98.6	99.9	96.8	99.6	99.9	-86.4659	-14.9773	44.4188	-75.7357	9.70917	63.2031	
1.8	2.3	2.9	100	97.5	85.7	88.7	77.5	74.3	76.5	79.1	0	92.8	46.5	69.65	19.9	27.8	100	99.9	57.2	96.6	99.9	98.6	99.9	96.8	99.6	99.9	-86.4659	-14.9773	44.4188	-75.7357	9.70917	63.2031	
1.81	2.3	2.9	100	97.5	85.7	88.7	77.5	74.3	76.5	79.1	0	92.8	46.5	69.65	19.9	27.8	100	99.9	57.2	96.6	99.9	98.6	99.9	96.8	99.6	99.9	-86.4659	-14.9773	44.4188	-75.7357	9.70917	63.2031	
1.82	2.3	2.9	100	97.5	85.7	88.7	77.5	74.3	76.5	79.1	0	92.8	46.5	69.65	19.9	27.8	100	99.9	57.2	96.6	99.9	98.6	99.9	96.8	99.6	99.9	-86.4659	-14.9773	44.4188	-75.7357	9.70917	63.2031	
1.83	2.3	2.9	100	97.5	85.7	88.7	77.5	74.3	76.5	79.1	0	92.8	46.5	69.65	19.9	27.8	100	99.9	57.2	96.6	99.9	98.6	99.9	96.8	99.6	99.9	-86.4659	-14.9773	44.4188	-75.7357	9.70917	63.2031	
1.84	2.3	2.9	100	97.5	85.7	88.7	77.5	74.3	76.5	79.1	0	92.8	46.5	69.65	19.9	27.8	100	99.9	57.2	96.6	99.9	98.6	99.9	96.8	99.6	99.9	-86.4659	-14.9773	44.4188	-75.7357	9.70917	63.2031	
1.85	2.3	2.9	100	97.5	85.7	88.7	77.5	74.3	76.5	79.1	0	92.8	46.5	69.65	19.9	27.8	100	99.9	57.2	96.6	99.9	98.6	99.9	96.8	99.6	99.9	-86.4659	-14.9773	44.4188	-75.7357	9.70917	63.2031	
1.86	2.3	2.9	100	97.5	85.7	88.7	77.5	74.3	76.5	79.1	0	92.8	46.5	69.65	19.9	27.8	100	99.9	57.2	96.6	99.9	98.6	99.9	96.8	99.6	99.9	-86.4659	-14.9773	44.4188	-75.7357	9.70917	63.2031	
1.87	2.3	2.9	100	97.5	85.7	88.7	77.5	74.3	76.5	79.1	0	92.8	46.5	69.65	19.9	27.8	100	99.9	57.2	96.6	99.9	98.6	99.9	96.8	99.6	99.9	-86.4659	-14.9773	44.4188	-75.7357	9.70917	63.2031	
1.88	2.3	2.9	100	97.5	85.7	88.7	77.5	74.3	76.5	79.1	0	92.8	46.5	69.65	19.9	27.8	100	99.9	57.2	96.6	99.9	98.6	99.9	96.8	99.6	99.9	-86.4659	-14.9773	44.4188	-75.7357	9.70917	63.2031	
1.89	2.3	2.9	100	97.5	85.7	88.7	77.5	74.3	76.5	79.1	0	92.8	46.5	69.65	19.9	27.8	100	99.9	57.2	96.6	99.9	98.6	99.9	96.8	99.6	99.9	-86.4659	-14.9773	44.4188	-75.7357	9.70917	63.2031	
1.9	2.3	2.9	100	97.5	85.7	88.7	77.5	74.3	76.5	79.1	0	92.8	46.5	69.65	19.9	27.8	100	99.9	57.2	96.6	99.9	98.6	99.9	96.8	99.6	99.9	-86.4659	-14.9773	44.4188	-75.7357	9.70917	63.2031	
1.91	2.3	2.9	100	97.5	85.7	88.7	77.5	74.3	76.5	79.1	0	92.8	46.5	69.65	19.9	27.8	100	99.9	57.2	96.6	99.9	98.6	99.9	96.8	99.6	99.9	-86.4659	-14.9773	44.4188	-75.7357	9.70917	63.2031	
1.92	2.3	2.9	100	97.5	85.7	88.7	77.5	74.3	76.5	79.1	0	92.8	46.5	69.65	19.9	27.8	100	99.9	57.2	96.6	99.9	98.6	99.9	96.8	99.6	99.9	-86.4659	-14.9773	44.4188	-75.7357	9.70917	63.2031	
1.93	2.3	2.9	100	97.5	85.7	88.7	77.5	74.3	76.5	79.1	0	92.8	46.5	69.65	19.9	27.8	100	99.9	57.2	96.6	99.9	98.6	99.9	96.8	99.6	99.9	-86.4659	-14.9773	44.4188	-75.7357	9.70917	63.2031	
1.94	2.3	2.9	100	97.5	85.7	88.7	77.5	74.3	76.5	79.1	0	92.8	46.5	69.65	19.9	27.8	100	99.9	57.2	96.6	99.9	98.6	99.9	96.8	99.6	99.9	-86.4659	-14.9773	44.4188	-75.7357	9.70917	63.2031	
1.95	2.3	2.9	100	97.5	85.7	88.7	77.5	74.3	76.5	79.1	0	92.8	46.5	69.65	19.9	27.8	100	99.9	57.2	96.6	99.9	98.6	99.9	96.8	99.6	99.9	-86.4659	-14.9773	44.4188	-75.7357	9.70917	63.2031	
1.96	2.3	2.9	100	97.5	85.7	88.7	77.5	74.3	76.5	79.1	0	92.8	46.5	69.65	19.9	27.8	100	99.9	57.2	96.6	99.9	98.6	99.9	96.8	99.6	99.9	-86.4659	-14.9773	44.4188	-75.7357	9.70917	63.2031	
1.97	2.3	2.9	100	97.5	85.7	88.7	77.5	74.3	76.5	79.1	0	92.8	46.5	69.65	19.9	27.8	100	99.9	57.2	96.6	99.9	98.6	99.9	96.8	99.6	99.9	-86.4659	-14.9773	44.4188	-75.7357	9.70917	63.2031	
1.98	2.3	2.9	100	97.5	85.7	88.7	77.5	74.3	76.5	79.1	0	92.8	46.5	69.65	19.9	27.8	100	99.9	57.2	96.6	99.9	98.6	99.9	96.8	99.6	99.9	-86.4659	-14.9773	44.4188	-75.7357	9.70917	63.2031	
1.99	2.3	2.9	100	97.5	85.7	88.7	77.5	74.3	76.5	79.1	0	92.8	46.5	69.65	19.9	27.8	100	99.9	57.2	96.6	99.9	98.6	99.9	96.8	99.6	99.9	-86.4659	-14.9773	44.4188	-75.7357	9.70917	63.2031	
2	2.3	2.9	100	97.5	85.7	88.7	77.5	74.3	76.5	79.1	0	92.8	46.5	69.65	19.9	27.8	100	99.9	57.2	96.6	99.9	98.6	99.9	96.8	99.6	99.9	-86.4659	-14.9773	44.4188	-75.7357	9.70917	63.2031	
2.01	2.3	2.9	100	97.5	85.7	88.7	77.5	74.3	76.5	79.1	0	92.8	46.5	69.65	19.9	27.8	100	99.9	57.2	96.6	99.9	98.6	99.9	96.8	99.6	99.9	-86.4659	-14.9773	44.4188	-75.7357	9.70917	63.2031	
2.02	2.3	2.9	100	97.5	85.7	88.7	77.5	74.3	76.5	79.1	0	92.8	46.5	69.65	19.9	27.8	100	99.9	57.2	96.6	99.9	98.6	99.9	96.8	99.6	99.9	-86.4659	-14.9773	44.4188	-75.7357	9.70917	63.2031	
2.03	2.3	2.9	100	97.5	85.7	88.7	77.5	74.3	76.5	79.1	0	92.8	46.5	69.65	19.9	27.8	100	99.9	57.2	96.6	99.9	98.6	99.9	96.8	99.6	99.9	-86.4659	-14.9773	44.4188	-75.7357	9.70917	63.2031	
2.04	2.3	2.9	100	97.5	85.7	88.7	77.5	74.3	76.5	79.1	0	92.8	46.5	69.65	19.9	27.8	100	99.9	57.2	96.6	99.9	98.6	99.9	96.8	99.6	99.9	-86.4659	-14.9773	44.4188	-75.7357	9.70917	63.2031	
2.05	2.3	2.9	100	97.5	85.7	88.7	77.5	74.3	76.5	79.1	0	92.8	46.5	69.65	19.9	27.8	100	99.9	57.2	96.6	99.9	98.6	99.9	96.8	99.6	99.9	-86.4659	-14.9773	44.4188	-75.7357	9.70917	63.2031	
2.06	2.3	2.7	100	97.5	85.7	88.5	77.4	74.2	76.4	79.1	0	92.7	46.3	69.5	20.1	27.7	100	99.9	55.1	96.7	99.9	98	99.6	95.8	99.9	99.9	-86.13	-15.4568	44.4779	-75.3764	9.31817	63.3286	
2.07	2.2	3.3	100	97.4	85.8	88.3	77.2	74.2	75.7	78.8	0	92.8	46.4	69.6	20.2	27.9	100	99.9	54.9	97	99.9	97.5	99.9	96.6	99.6	99.6	-85.894	-15.0493	44.3984	-74.9303	9.55779	63.4031	
2.08	2.2	3.3	100	97.4	85.8	88.3	77.2	74.2	75.7	78.8	0	92.8	46.4	69.6	20.2	27.9	100	99.9	54.9	97	99.9	97.5	99.9	96.6	99.6	99.6	-85.894	-15.0493	44.3984	-74.9303	9.55779	63.4031	
2.09	2.2	3.3	100	97.4	85.8	88.3	77.2	74.2	75.7	78.8	0	92.8	46.4	69.6	20.2	27.9	100	99.9	54.9	97	99.9	97.5	99.9	96.6	99.6	99.6	-85.894	-15.0493	44.3984	-74.9303	9.55779	63.4031	
2.1	2.2	3.3	100	97.4	85.8	88.3	77.2	74.2	75.7	78.8	0	92.8	46.4	69.6	20.2	27.9	100	99.9	54.9	97	99.9	97.5	99.9	96.6	99.6	99.6	-85.894	-15.0493	44.3984	-74.9303	9.55779	63.4031	
2.11	2.2	3.3	100	97.4	85.8	88.3	77.2	74.2	75.7	78.8	0	92.8	46.4	69.6	20.2	27.9	100	99.9	54.9	97	99.9	97.5	99.9	96.6	99.6	99.6	-85.894	-15.0493	44.3984	-74.9303	9.55779	63.4031	
2.12	2.2	3.3	100	97.4	85.8	88.3	77.2	74.2	75.7	78.8	0	92.8	46.4	69.6	20.2	27.9	100	99.9	54.9	97	99.9	97.5	99.9	96.6	99.6	99.6	-85.894	-15.0493	44.3984	-74.9303	9.55779	63.4031	
2.13	2.2	3.3	100	97.4	85.8	88.3	77.2	74.2	75.7	78.8	0	92.8	46.4	69.6	20.2	27.9	100	99.9	54.9	97	99.9	97.5	99.9	96.6	99.6	99.6	-85.894	-15.0493	44.3984	-74.9303	9.55779	63.4031	
2.14	2.2	3.3	100	97.4	85.8	88.3	77.2	74.2	75.7	78.8	0	92.8	46.4	69.6	20.2	27.9	100	99.9	54.9	97	99.9	97.5	99.9	96.6	99.6	99.6	-85.894	-15.0493	44.3984	-74.9303	9.55779	63.4031	
2.15	2.2	3.3	100	97.4	85.8	88.3	77.2	74.2	75.7	78.8	0	92.8	46.4	69.6	20.2	27.9	100	99.9	54.9	97	99.9	97.5	99.9	96.6	99.6	99.6	-85.894	-15.0493	44.3984	-74.9303	9.55779	63.4031	
2.16	2.2	3.3	100	97.4	85.8	88.3	77.2	74.2	75.7	78.8	0	92.8	46.4	69.6	20.2	27.9	100	99.9	54.9	97	99.9	97.5	99.9	96.6	99.6	99.6	-85.894	-15.0493	44.3984	-74.9303	9.55779	63.4031	
2.17	2.2	3.3	100	97.4	85.8	88.3	77.2	74.2	75.7	78.8	0	92.8	46.4	69.6	20.2	27.9	100	99.9	54.9	97	99.9	97.5	99.9	96.6	99.6	99.6	-85.894	-15.0493	44.3984	-74.9303	9.55779	63.4031	
2.18	2.2	3.3	100	97.4	85.8	88.3	77.2	74.2	75.7	78.8	0	92.8	46.4	69.6	20.2	27.9	100	99.9	54.9	97	99.9	97.5	99.9	96.6	99.6	99.6	-85.894	-15.0493	44.3984	-74.9303	9.55779	63.4031	
2.19	2.2	3.3	100	97.4	85.8	88.3	77.2	74.2	75.7	78.8	0	92.8	46.4	69.6	20.2	27.9	100	99.9	54.9	97	99.9	97.5	99.9	96.6	99.6	99.6	-85.894	-15.0493	44.3984	-74.9303	9.55779	63.4031	
2.2	2.2	3.3	100	97.4	85.8	88.3	77.2	74.2	75.7	78.8	0	92.8	46.4	69.6	20.2	27.9	100	99.9	54.9	97	99.9	97.5	99.9	96.6	99.6	99.6	-85.894	-15.0493	44.3984	-74.9303	9.55779	63.4031	
2.21	2.2	3.3	100	97.4	85.8	88.3	77.2	74.2	75.7	78.8	0	92.8	46.4	69.6	20.2	27.9	100	99.9	54.9	97	99.9	97.5	99.9	96.6	99.6	99.6	-85.894	-15.0493	44.3984	-74.9303	9.55779	63.4031	
2.22	2.2	3.3	100	97.4	85.8	88.3	77.2	74.2	75.7	78.8	0	92.8	46.4	69.6	20.2	27.9	100	99.9	54.9	97	99.9	97.5	99.9	96.6	99.6	99.6	-85.894	-15.0493	44.3984	-74.9303	9.55779	63.4031	
2.23	2.2	3.3	100	97.4	85.8	88.3	77.2	74.2	75.7	78.8	0	92.8	46.4	69.6	20.2	27.9	100	99.9	54.9	97	99.9	97.5	99.9	96.6	99.6	99.6	-85.894	-15.0493	44.3984	-74.9303	9.55779	63.4031	
2.24	2.2	3.3	100	97.4	85.8	88.3	77.2	74.2	75.7	78.8	0	92.8	46.4	69.6	20.2	27.9	100	99.9	54.9	97	99.9	97.5	99.9	96.6	99.6	99.6	-85.894	-15.0493	44.3984	-74.9303	9.55779	63.4031	
2.25	2.2	3.3	100	97.4	85.8	88.3	77.2	74.2	75.7	78.8	0	92.8	46.4	69.6	20.2	27.9	100	99.9	54.9	97	99.9	97.5	99.9	96.6	99.6	99.6	-85.894	-15.0493	44.3984	-74.9303	9.55779	63.4031	
2.26	2.2	3.3	100	97.4	85.8	88.3	77.2	74.2	75.7	78.8	0	92.8	46.4	69.6	20.2	27.9	100	99.9	54.9	97	99.9	97.5	99.9	96.6	99.6	99.6	-85.894	-15.0493	44.3984	-74.9303	9.55779	63.4031	
2.27	2.2	3.3	100	97.4	85.8	88.3	77.2	74.2	75.7	78.8	0	92.8	46.4	69.6	20.2	27.9	100	99.9	54.9	97	99.9	97.5	99.9	96.6	99.6	99.6	-85.894	-15.0493	44.3984	-74.9303	9.55779	63.4031	
2.28	2.2	3.3	100	97.4	85.8	88.3	77.2	74.2	75.7	78.8	0	92.8	46.4	69.6	20.2	27.9	100	99.9	54.9	97	99.9	97.5	99.9	96.6	99.6	99.6	-85.894	-15.0493	44.3984	-74.9303	9.55779	63.4031	
2.29	2.2	3.3	100	97.4	85.8	88.3	77.2	74.2	75.7	78.8	0	92.8	46.4	69.6	20.2	27.9	100	99.9	54.9	97	99.9	97.5	99.9	96.6	99.6	99.6	-85.894	-15.0493	44.3984	-74.9303	9.55779	63.4031	
2.3	2.2	3.3	100	97.4	85.8	88.3	77.2	74.2	75.7	78.8	0	92.8	46.4	69.6	20.2	27.9	100	99.9	54.9	97	99.9	97.5	99.9	96.6	99.6	99.6	-85.894	-15.0493	44.3984	-74.9303	9.55779	63.4031	
2.31	2.2	3.3	100	97.4	85.8	88.3	77.2	74.2	75.7	78.8	0	92.8	46.4	69.6	20.2	27.9	100	99.9	54.9	97	99.9	97.5	99.9	96.6	99.6	99.6	-85.894	-15.0493	44.3984	-74.9303	9.55779	63.4031	
2.32	2.2	3.3	100	97.4	85.8	88.3	77.2	74.2	75.7	78.8	0	92.8	46.4	69.6	20.2	27.9	100	99.9	54.9	97	99.9	97.5	99.9	96.6	99.6	99.6	-85.894	-15.0493	44.3984	-74.9303	9.55779	63.4031	
2.33	2.2	3.3	100	97.4	85.8	88.3	77.2	74.2	75.7	78.8	0	92.8	46.4	69.6	20.2	27.9	100	99.9	54.9	97	99.9	97.5	99.9	96.6	99.6	99.6	-85.894	-15.0493	44.3984	-74.9303	9.55779	63.4031	
2.34	2.2	3.3	100	97.4	85.8	88.3	77.2	74.2	75.7	78.8	0	92.8	46.4	69.6	20.2	27.9	100	99.9	54.9	97	99.9	97.5	99.9	96.6	99.6	99.6	-85.894	-15.0493	44.3984	-74.9303	9.55779	63.4031	
2.35	2.2	3.3	100	97.4	85.8	88.3	77.2	74.2	75.7	78.8	0	92.8	46.4	69.6	20.2	27.9	100	99.9	54.9	97	99.9	97.5	99.9	96.6	99.6	99.6	-85.894	-15.0493	44.3984	-74.9303	9.55779	63.4031	
2.36	2.2	3.3	100	97.4	85.8	88.3	77.2	74.2	75.7	78.8	0	92.8	46.4	69.6	20.2	27.9	100	99.9	54.9	97	99.9	97.5	99.9	96.6	99.6	99.6	-85.894	-15.0493	44.3984	-74.9303	9.55779	63.4031	
2.37	2.2	3.3	100	97.4	85.8	88.3	77.2	74.2	75.7	78.8	0	92.8	46.4	69.6	20.2	27.9	100	99.9	54.9	97	99.9	97.5	99.9	96.6	99.6	99.6	-85.894	-15.0493	44.3984	-74.9303	9.55779	63.4031	
2.38	2.2	3.3	100	97.4	85.8	88.3	77.2	74.2	75.7	78.8	0	92.8	46.4	69.6	20.2	27.9	100	99.9	54.9	97	99.9	97.5	99.9	96.6	99.6	99.6	-85.894	-15.0493	44.3984	-74.9303	9.55779	63.4031	
2.39	2.2	3.3	100	97.4	85.8	88.3	77.2	74.2	75.7	78.8	0	92.8	46.4	69.6	20.2	27.9	100	99.9	54.9	97	99.9	97.5	99.9	96.6	99.6	99.6	-85.894	-15.0493	44.3984	-74.9303	9.55779	63.4031	
2.4	2.2	3.3	100	97.4	85.8	88.3	77.2	74.2	75.7	78.8	0	92.8	46.4	69.6	20.2	27.9	100	99.9	54.9	97	99.9	97.5	99.9	96.6	99.6	99.6	-85.894	-15.0493	44.3984	-74.9303	9.55779	63.4031	
2.41	2.2	3.3	100	97.4	85.8	88.3	77.2	74.2	75.7	78.8	0	92.8	46.4	69.6	20.2	27.9	100	99.9	54.9	97	99.9	97.5	99.9	96.6	99.6	99.6	-85.894	-15.0493	44.3984	-74.9303	9.55779	63.4031	
2.42	2.2	3.3	100	97.4	85.8	88.3	77.2	74.2	75.7	78.8	0	92.8	46.4	69.6	20.2	27.9	100	99.9	54.9	97	99.9	97.5	99.9	96.6	99.6	99.6	-85.894	-15.0493	44.3984	-74.9303	9.55779	63.4031	
2.43	2.2	2.9	100	97.4	85.4	88.2	77.2	74.2	75.7	78.7	0	92.6	46.5	69.55	20.2	27.7	100	99.9	56.1	96.9	99.9	97.6	99.9	97	99.9	99.6	-86.1389	-15.2154	44.4484	-75.3189	9.50279	63.2885	
2.44	1.9	3.3	100	97.3	85.3	88	76.9	73.9	75.3	78.6	0	92.4	46.5	69.45	20.2	27.9	99.9	99.9	56.9	97.1	99.9	98	99.6	96.3	99.9	99.9	-85.9524	-15.4535	44.5387	-75.313	9.32618	63.3372	
2.45	1.9	3.3	100	97.3	85.3	88	76.9	73.9	75.3	78.6	0	92.4	46.5	69.45	20.2	27.9	99.9	99.9	56.9	97.1	99.9	98	99.6	96.3	99.9	99.9	-85.9524	-15.4535	44.5387	-75.313	9.32618	63.3372	
2.46	1.9	3.3	100	97.3	85.3	88	76.9	73.9	75.3	78.6	0	92.4	46.5	69.45	20.2	27.9	99.9	99.9	56.9	97.1	99.9	98	99.6	96.3	99.9	99.9	-85.9524	-15.4535	44.5387	-75.313	9.32618	63.3372	
2.47	1.9	3.3	100	97.3	85.3	88	76.9	73.9	75.3	78.6	0	92.4	46.5	69.45	20.2	27.9	99.9	99.9	56.9	97.1	99.9	98	99.6	96.3	99.9	99.9	-85.9524	-15.4535	44.5387	-75.313	9.32618	63.3372	
2.48	1.9	3.3	100	97.3	85.3	88	76.9	73.9	75.3	78.6	0	92.4	46.5	69.45	20.2	27.9	99.9	99.9	56.9	97.1	99.9	98	99.6	96.3	99.9	99.9	-85.9524	-15.4535	44.5387	-75.313	9.32618	63.3372	
2.49	1.9	3.3	100	97.3	85.3	88	76.9	73.9	75.3	78.6	0	92.4	46.5	69.45	20.2	27.9	99.9	99.9	56.9	97.1	99.9	98	99.6	96.3	99.9	99.9	-85.9524	-15.4535	44.5387	-75.313	9.32618	63.3372	
2.5	1.9	3.3	100	97.3	85.3	88	76.9	73.9	75.3	78.6	0	92.4	46.5	69.45	20.2	27.9	99.9	99.9	56.9	97.1	99.9	98	99.6	96.3	99.9	99.9	-85.9524	-15.4535	44.5387	-75.313	9.32618	63.3372	
2.51	1.9	3.3	100	97.3	85.3	88	76.9	73.9	75.3	78.6	0	92.4	46.5	69.45	20.2	27.9	99.9	99.9	56.9	97.1	99.9	98	99.6	96.3	99.9	99.9	-85.9524	-15.4535	44.5387	-75.313	9.32618	63.3372	
2.52	1.9	3.3	100	97.3	85.3	88	76.9	73.9	75.3	78.6	0	92.4	46.5	69.45	20.2	27.9	99.9	99.9	56.9	97.1	99.9	98	99.6	96.3	99.9	99.9	-85.9524	-15.4535	44.5387	-75.313	9.32618	63.3372	
2.53	1.9	3.3	100	97.3	85.3	88	76.9	73.9	75.3	78.6	0	92.4	46.5	69.45	20.2	27.9	99.9	99.9	56.9	97.1	99.9	98	99.6	96.3	99.9	99.9	-85.9524	-15.4535	44.5387	-75.313	9.32618	63.3372	
2.54	1.9	3.3	100	97.3	85.3	88	76.9	73.9	75.3	78.6	0	92.4	46.5	69.45	20.2	27.9	99.9	99.9	56.9	97.1	99.9	98	99.6	96.3	99.9	99.9	-85.9524	-15.4535	44.5387	-75.313	9.32618	63.3372	
2.55	1.9	3.3	100	97.3	85.3	88	76.9	73.9	75.3	78.6	0	92.4	46.5	69.45	20.2	27.9	99.9	99.9	56.9	97.1	99.9	98	99.6	96.3	99.9	99.9	-85.9524	-15.4535	44.5387	-75.313	9.32618	63.3372	
2.56	1.9	3.3	100	97.3	85.3	88	76.9	73.9	75.3	78.6	0	92.4	46.5	69.45	20.2	27.9	99.9	99.9	56.9	97.1	99.9	98	99.6	96.3	99.9	99.9	-85.9524	-15.4535	44.5387	-75.313	9.32618	63.3372	
2.57	1.9	3.3	100	97.3	85.3	88	76.9	73.9	75.3	78.6	0	92.4	46.5	69.45	20.2	27.9	99.9	99.9	56.9	97.1	99.9	98	99.6	96.3	99.9	99.9	-85.9524	-15.4535	44.5387	-75.313	9.32618	63.3372	
2.58	1.9	3.3	100	97.3	85.3	88	76.9	73.9	75.3	78.6	0	92.4	46.5	69.45	20.2	27.9	99.9	99.9	56.9	97.1	99.9	98	99.6	96.3	99.9	99.9	-85.9524	-15.4535	44.5387	-75.313	9.32618	63.3372	
2.59	1.9	3.3	100	97.3	85.3	88	76.9	73.9	75.3	78.6	0	92.4	46.5	69.45	20.2	27.9	99.9	99.9	56.9	97.1	99.9	98	99.6	96.3	99.9	99.9	-85.9524	-15.4535	44.5387	-75.313	9.32618	63.3372	
2.6	1.9	3.3	100	97.3	85.3	88	76.9	73.9	75.3	78.6	0	92.4	46.5	69.45	20.2	27.9	99.9	99.9	56.9	97.1	99.9	98	99.6	96.3	99.9	99.9	-85.9524	-15.4535	44.5387	-75.313	9.32618	63.3372	
2.61	1.9	3.3	100	97.3	85.3	88	76.9	73.9	75.3	78.6	0	92.4	46.5	69.45	20.2	27.9	99.9	99.9	56.9	97.1	99.9	98	99.6	96.3	99.9	99.9	-85.9524	-15.4535	44.5387	-75.313	9.32618	63.3372	
2.62	1.9	3.3	100	97.3	85.3	88	76.9	73.9	75.3	78.6	0	92.4	46.5	69.45	20.2	27.9	99.9	99.9	56.9	97.1	99.9	98	99.6	96.3	99.9	99.9	-85.9524	-15.4535	44.5387	-75.313	9.32618	63.3372	
2.63	1.9	3.3	100	97.3	85.3	88	76.9	73.9	75.3	78.6	0	92.4	46.5	69.45	20.2	27.9	99.9	99.9	56.9	97.1	99.9	98	99.6	96.3	99.9	99.9	-85.9524	-15.4535	44.5387	-75.313	9.32618	63.3372	
2.64	1.9	3.3	100	97.3	85.3	88	76.9	73.9	75.3	78.6	0	92.4	46.5	69.45	20.2	27.9	99.9	99.9	56.9	97.1	99.9	98	99.6	96.3	99.9	99.9	-85.9524	-15.4535	44.5387	-75.313	9.32618	63.3372	
2.65	1.9	3.3	100	97.3	85.3	88	76.9	73.9	75.3	78.6	0	92.4	46.5	69.45	20.2	27.9	99.9	99.9	56.9	97.1	99.9	98	99.6	96.3	99.9	99.9	-85.9524	-15.4535	44.5387	-75.313	9.32618	63.3372	
2.66	1.9	3.3	100	97.3	85.3	88	76.9	73.9	75.3	78.6	0	92.4	46.5	69.45	20.2	27.9	99.9	99.9	56.9	97.1	99.9	98	99.6	96.3	99.9	99.9	-85.9524	-15.4535	44.5387	-75.313	9.32618	63.3372	
2.67	1.9	3.3	100	97.3	85.3	88	76.9	73.9	75.3	78.6	0	92.4	46.5	69.45	20.2	27.9	99.9	99.9	56.9	97.1	99.9	98	99.6	96.3	99.9	99.9	-85.9524	-15.4535	44.5387	-75.313	9.32618	63.3372	
2.68	1.9	3.3	100	97.3	85.3	88	76.9	73.9	75.3	78.6	0	92.4	46.5	69.45	20.2	27.9	99.9	99.9	56.9	97.1	99.9	98	99.6	96.3	99.9	99.9	-85.9524	-15.4535	44.5387	-75.313	9.32618	63.3372	
2.69	1.9	3.3	100	97.3	85.3	88	76.9	73.9	75.3	78.6	0	92.4	46.5	69.45	20.2	27.9	99.9	99.9	56.9	97.1	99.9	98	99.6	96.3	99.9	99.9	-85.9524	-15.4535	44.5387	-75.313	9.32618	63.3372	
2.7	1.9	3.3	100	97.3	85.3	88	76.9	73.9	75.3	78.6	0	92.4	46.5	69.45	20.2	27.9	99.9	99.9	56.9	97.1	99.9	98	99.6	96.3	99.9	99.9	-85.9524	-15.4535	44.5387	-75.313	9.32618	63.3372	
2.71	1.9	3.3	100	97.3	85.3	88	76.9	73.9	75.3	78.6	0	92.4	46.5	69.45	20.2	27.9	99.9	99.9	56.9	97.1	99.9	98	99.6	96.3	99.9	99.9	-85.9524	-15.4535	44.5387	-75.313	9.32618	63.3372	
2.72	1.9	3.3	100	97.3	85.3	88	76.9	73.9	75.3	78.6	0	92.4	46.5	69.45	20.2	27.9	99.9	99.9	56.9	97.1	99.9	98	99.6	96.3	99.9	99.9	-85.9524	-15.4535	44.5387	-75.313	9.32618	63.3372	
2.73	1.9	3.3	100	97.3	85.3	88	76.9	73.9	75.3	78.6	0	92.4	46.5	69.45	20.2	27.9	99.9	99.9	56.9	97.1	99.9	98	99.6	96.3	99.9	99.9	-85.9524	-15.4535	44.5387	-75.313	9.32618	63.3372	
2.74	1.9	3.3	100	97.3	85.3	88	76.9	73.9	75.3	78.6	0	92.4	46.5	69.45	20.2	27.9	99.9	99.9	56.9	97.1	99.9	98	99.6	96.3	99.9	99.9	-85.9524	-15.4535	44.5387	-75.313	9.32618	63.3372	
2.75	1.9	3.3	100	97.3	85.3	88	76.9	73.9	75.3	78.6	0	92.4	46.5	69.45	20.2	27.9	99.9	99.9	56.9	97.1	99.9	98	99.6	96.3	99.9	99.9	-85.9524	-15.4535	44.5387	-75.313	9.32618	63.3372	
2.76	1.9	3.3	100	97.3	85.3	88	76.9	73.9	75.3	78.6	0	92.4	46.5	69.45	20.2	27.9	99.9	99.9	56.9	97.1	99.9	98	99.6	96.3	99.9	99.9	-85.9524	-15.4535	44.5387	-75.313	9.32618	63.3372	
2.77	1.9	3.3	100	97.3	85.3	88	76.9	73.9	75.3	78.6	0	92.4	46.5	69.45	20.2	27.9	99.9	99.9	56.9	97.1	99.9	98	99.6	96.3	99.9	99.9	-85.9524	-15.4535	44.5387	-75.313	9.32618	63.3372	
2.78	1.9	3.3	100	97.3	85.3	88	76.9	73.9	75.3	78.6	0	92.4	46.5	69.45	20.2	27.9	99.9	99.9	56.9	97.1	99.9	98	99.6	96.3	99.9	99.9	-85.9524	-15.4535	44.5387	-75.313	9.32618	63.3372	
2.79	1.9	3.3	100	97.3	85.3	88	76.9	73.9	75.3	78.6	0	92.4	46.5	69.45	20.2	27.9	99.9	99.9	56.9	97.1	99.9	98	99.6	96.3	99.9	99.9	-85.9524	-15.4535	44.5387	-75.313	9.32618	63.3372	
2.8	2.2	3.5	100	97.2	85.1	87.8	76.4	73.7	74.9	78.5	0	92.3	46.4	69.35	20.2	27.9	99.9	99.9	56.5	97	99.9	97.6	99.9	97.1	99.8	99.5	-85.7023	-15.5068	44.4433	-74.7746	9.44845	63.4104	
2.81	2.2	3.5	100	97.2	85.1	87.8	76.4	73.7	74.9	78.5	0	92.3	46.4	69.35	20.2	27.9	99.9	99.9	56.5	97	99.9	97.6	99.9	97.1	99.8	99.5	-85.7023	-15.5068	44.4433	-74.7746	9.44845	63.4104	
2.82	2.2	3.5	100	97.2	85.1	87.8	76.4	73.7	74.9	78.5	0	92.3	46.4	69.35	20.2	27.9	99.9	99.9	56.5	97	99.9	97.6	99.9	97.1	99.8	99.5	-85.7023	-15.5068	44.4433	-74.7746	9.44845	63.4104	
2.83	2.2	3.5	100	97.2	85.1	87.8	76.4	73.7	74.9	78.5	0	92.3	46.4	69.35	20.2	27.9	99.9	99.9	56.5	97	99.9	97.6	99.9	97.1	99.8	99.5	-85.7023	-15.5068	44.4433	-74.7746	9.44845	63.4104	
2.84	2.2	3.5	100	97.2	85.1	87.8	76.4	73.7	74.9	78.5	0	92.3	46.4	69.35	20.2	27.9	99.9	99.9	56.5	97	99.9	97.6	99.9	97.1	99.8	99.5	-85.7023	-15.5068	44.4433	-74.7746	9.44845	63.4104	
2.85	2.2	3.5	100	97.2	85.1	87.8	76.4	73.7	74.9	78.5	0	92.3	46.4	69.35	20.2	27.9	99.9	99.9	56.5	97	99.9	97.6	99.9	97.1	99.8	99.5	-85.7023	-15.5068	44.4433	-74.7746	9.44845	63.4104	
2.86	2.2	3.5	100	97.2	85.1	87.8	76.4	73.7	74.9	78.5	0	92.3	46.4	69.35	20.2	27.9	99.9	99.9	56.5	97	99.9	97.6	99.9	97.1	99.8	99.5	-85.7023	-15.5068	44.4433	-74.7746	9.44845	63.4104	
2.87	2.2	3.5	100	97.2	85.1	87.8	76.4	73.7	74.9	78.5	0	92.3	46.4	69.35	20.2	27.9	99.9	99.9	56.5	97	99.9	97.6	99.9	97.1	99.8	99.5	-85.7023	-15.5068	44.4433	-74.7746	9.44845	63.4104	
2.88	2.2	3.5	100	97.2	85.1	87.8	76.4	73.7	74.9	78.5	0	92.3	46.4	69.35	20.2	27.9	99.9	99.9	56.5	97	99.9	97.6	99.9	97.1	99.8	99.5	-85.7023	-15.5068	44.4433	-74.7746	9.44845	63.4104	
2.89	2.2	3.5	100	97.2	85.1	87.8	76.4	73.7	74.9	78.5	0	92.3	46.4	69.35	20.2	27.9	99.9	99.9	56.5	97	99.9	97.6	99.9	97.1	99.8	99.5	-85.7023	-15.5068	44.4433	-74.7746	9.44845	63.4104	
2.9	2.2	3.5	100	97.2	85.1	87.8	76.4	73.7	74.9	78.5	0	92.3	46.4	69.35	20.2	27.9	99.9	99.9	56.5	97	99.9	97.6	99.9	97.1	99.8	99.5	-85.7023	-15.5068	44.4433	-74.7746	9.44845	63.4104	
2.91	2.2	3.5	100	97.2	85.1	87.8	76.4	73.7	74.9	78.5	0	92.3	46.4	69.35	20.2	27.9	99.9	99.9	56.5	97	99.9	97.6	99.9	97.1	99.8	99.5	-85.7023	-15.5068	44.4433	-74.7746	9.44845	63.4104	
2.92	2.2	3.5	100	97.2	85.1	87.8	76.4	73.7	74.9	78.5	0	92.3	46.4	69.35	20.2	27.9	99.9	99.9	56.5	97	99.9	97.6	99.9	97.1	99.8	99.5	-85.7023	-15.5068	44.4433	-74.7746	9.44845	63.4104	
2.93	2.2	3.5	100	97.2	85.1	87.8	76.4	73.7	74.9	78.5	0	92.3	46.4	69.35	20.2	27.9	99.9	99.9	56.5	97	99.9	97.6	99.9	97.1	99.8	99.5	-85.7023	-15.5068	44.4433	-74.7746	9.44845	63.4104	
2.94	2.2	3.5	100	97.2	85.1	87.8	76.4	73.7	74.9	78.5	0	92.3	46.4	69.35	20.2	27.9	99.9	99.9	56.5	97	99.9	97.6	99.9	97.1	99.8	99.5	-85.7023	-15.5068	44.4433	-74.7746	9.44845	63.4104	
2.95	2.2	3.5	100	97.2	85.1	87.8	76.4	73.7	74.9	78.5	0	92.3	46.4	69.35	20.2	27.9	99.9	99.9	56.5	97	99.9	97.6	99.9	97.1	99.8	99.5	-85.7023	-15.5068	44.4433	-74.7746	9.44845	63.4104	
2.96	2.2	3.5	100	97.2	85.1	87.8	76.4	73.7	74.9	78.5	0	92.3	46.4	69.35	20.2	27.9	99.9	99.9	56.5	97	99.9	97.6	99.9	97.1	99.8	99.5	-85.7023	-15.5068	44.4433	-74.7746	9.44845	63.4104	
2.97	2.2	3.5	100	97.2	85.1	87.8	76.4	73.7	74.9	78.5	0	92.3	46.4	69.35	20.2	27.9	99.9	99.9	56.5	97	99.9	97.6	99.9	97.1	99.8	99.5	-85.7023	-15.5068	44.4433	-74.7746	9.44845	63.4104	
2.98	2.2	3.5	100	97.2	85.1	87.8	76.4	73.7	74.9	78.5	0	92.3	46.4	69.35	20.2	27.9	99.9	99.9	56.5	97	99.9	97.6	99.9	97.1	99.8	99.5	-85.7023	-15.5068	44.4433	-74.7746	9.44845	63.4104	
2.99	2.2	3.5	100	97.2	85.1	87.8	76.4	73.7	74.9	78.5	0	92.3	46.4	69.35	20.2	27.9	99.9	99.9	56.5	97	99.9	97.6	99.9	97.1	99.8	99.5	-85.7023	-15.5068	44.4433	-74.7746	9.44845	63.4104	
3	2.2	3.5	100	97.2	85.1	87.8	76.4	73.7	74.9	78.5	0	92.3	46.4	69.35	20.2	27.9	99.9	99.9	56.5	97	99.9	97.6	99.9	97.1	99.8	99.5	-85.7023	-15.5068	44.4433	-74.7746	9.44845	63.4104	
3.01	2.2	3.5	100	97.2	85.1	87.8	76.4	73.7	74.9	78.5	0	92.3	46.4	69.35	20.2	27.9	99.9	99.9	56.5	97	99.9	97.6	99.9	97.1	99.8	99.5	-85.7023	-15.5068	44.4433	-74.7746	9.44845	63.4104	
3.02	2.2	3.5	100	97.2	85.1	87.8	76.4	73.7	74.9	78.5	0	92.3	46.4	69.35	20.2	27.9	99.9	99.9	56.5	97	99.9	97.6	99.9	97.1	99.8	99.5	-85.7023	-15.5068	44.4433	-74.7746	9.44845	63.4104	
3.03	2.2	3.5	100	97.2	85.1	87.8	76.4	73.7	74.9	78.5	0	92.3	46.4	69.35	20.2	27.9	99.9	99.9	56.5	97	99.9	97.6	99.9	97.1	99.8	99.5	-85.7023	-15.5068	44.4433	-74.7746	9.44845	63.4104	
3.04	2.2	3.5	100	97.2	85.1	87.8	76.4	73.7	74.9	78.5	0	92.3	46.4	69.35	20.2	27.9	99.9	99.9	56.5	97	99.9	97.6	99.9	97.1	99.8	99.5	-85.7023	-15.5068	44.4433	-74.7746	9.44845	63.4104	
3.05	2.2	3.5	100	97.2	85.1	87.8	76.4	73.7	74.9	78.5	0	92.3	46.4	69.35	20.2	27.9	99.9	99.9	56.5	97	99.9	97.6	99.9	97.1	99.8	99.5	-85.7023	-15.5068	44.4433	-74.7746	9.44845	63.4104	
3.06	2.2	3.5	100	97.2	85.1	87.8	76.4	73.7	74.9	78.5	0	92.3	46.4	69.35	20.2	27.9	99.9	99.9	56.5	97	99.9	97.6	99.9	97.1	99.8	99.5	-85.7023	-15.5068	44.4433	-74.7746	9.44845	63.4104	
3.07	2.2	3.5	100	97.2	85.1	87.8	76.4	73.7	74.9	78.5	0	92.3	46.4	69.35	20.2	27.9	99.9	99.9	56.5	97	99.9	97.6	99.9	97.1	99.8	99.5	-85.7023	-15.5068	44.4433	-74.7746	9.44845	63.4104	
3.08	2.2	3.5	100	97.2	85.1	87.8	76.4	73.7	74.9	78.5	0	92.3	46.4	69.35	20.2	27.9	99.9	99.9	56.5	97	99.9	97.6	99.9	97.1	99.8	99.5	-85.7023	-15.5068	44.4433	-74.7746	9.44845	63.4104	
3.09	2.2	3.5	100	97.2	85.1	87.8	76.4	73.7	74.9	78.5	0	92.3	46.4	69.35	20.2	27.9	99.9	99.9	56.5	97	99.9	97.6	99.9	97.1	99.8	99.5	-85.7023	-15.5068	44.4433	-74.7746	9.44845	63.4104	
3.1	2.2	3.5	100	97.2	85.1	87.8	76.4	73.7	74.9	78.5	0	92.3	46.4	69.35	20.2	27.9	99.9	99.9	56.5	97	99.9	97.6	99.9	97.1	99.8	99.5	-85.7023	-15.5068	44.4433	-74.7746	9.44845	63.4104	
3.11	2.2	3.5	100	97.2	85.1	87.8	76.4	73.7	74.9	78.5	0	92.3	46.4	69.35	20.2	27.9	99.9	99.9	56.5	97	99.9	97.6	99.9	97.1	99.8	99.5	-85.7023	-15.5068	44.4433	-74.7746	9.44845	63.4104	
3.12	2.2	3.5	100	97.2	85.1	87.8	76.4	73.7	74.9	78.5	0	92.3	46.4	69.35	20.2	27.9	99.9	99.9	56.5	97	99.9	97.6	99.9	97.1	99.8	99.5	-85.7023	-15.5068	44.4433	-74.7746	9.44845	63.4104	
3.13	2.2	3.5	100	97.2	85.1	87.8	76.4	73.7	74.9	78.5	0	92.3	46.4	69.35	20.2	27.9	99.9	99.9	56.5	97	99.9	97.6	99.9	97.1	99.8	99.5	-85.7023	-15.5068	44.4433	-74.7746	9.44845	63.4104	
3.14	2.2	3.5	100	97.2	85.1	87.8	76.4	73.7	74.9	78.5	0	92.3	46.4	69.35	20.2	27.9	99.9	99.9	56.5	97	99.9	97.6	99.9	97.1	99.8	99.5	-85.7023	-15.5068	44.4433	-74.7746	9.44845	63.4104	
3.15	2.2	3.5	100	97.2	85.1	87.8	76.4	73.7	74.9	78.5	0	92.3	46.4	69.35	20.2	27.9	99.9	99.9	56.5	97	99.9	97.6	99.9	97.1	99.8	99.5	-85.7023	-15.5068	44.4433	-74.7746	9.44845	63.4104	
3.16	2.2	3.5	100	97.2	85.1	87.8	76.4	73.7	74.9	78.5	0	92.3	46.4	69.35	20.2	27.9	99.9	99.9	56.5	97	99.9	97.6	99.9	97.1	99.8	99.5	-85.7023	-15.5068	44.4433	-74.7746	9.44845	63.4104	
3.17	2.1	3.3	100	97.2	84.9	87.6	76	73.6	74.5	78.4	0	92	46.3	69.15	20.2	28	100	99.9	57.6	97.3	99.9	98	99.7	94.6	99.9	99.9	-86.0694	-15.5325	44.2615	-75.418	9.53706	63.1811	
3.18	2.1	3.3	100	97.2	84.9	87.6	76	73.6	74.5	78.4	0	92	46.3	69.15	20.2	28	100	99.9	57.6	97.3	99.9	98	99.7	94.6	99.9	99.9	-86.0694	-15.5325	44.2615	-75.418	9.53706	63.1811	
3.19	2.1	3.3	100	97.2	84.9	87.6	76	73.6	74.5	78.4	0	92	46.3	69.15	20.2	28	100	99.9	57.6	97.3	99.9	98	99.7	94.6	99.9	99.9	-86.0694	-15.5325	44.2615	-75.418	9.53706	63.1811	
3.2	2.1	3.3	100	97.2	84.9	87.6	76	73.6	74.5	78.4	0	92	46.3	69.15	20.2	28	100	99.9	57.6	97.3	99.9	98	99.7	94.6	99.9	99.9	-86.0694	-15.5325	44.2615	-75.418	9.53706	63.1811	
3.21	2.1	3.3	100	97.2	84.9	87.6	76	73.6	74.5	78.4	0	92	46.3	69.15	20.2	28	100	99.9	57.6	97.3	99.9	98	99.7	94.6	99.9	99.9	-86.0694	-15.5325	44.2615	-75.418	9.53706	63.1811	
3.22	2.1	3.3	100	97.2	84.9	87.6	76	73.6	74.5	78.4	0	92	46.3	69.15	20.2	28	100	99.9	57.6	97.3	99.9	98	99.7	94.6	99.9	99.9	-86.0694	-15.5325	44.2615	-75.418	9.53706	63.1811	
3.23	2.1	3.3	100	97.2	84.9	87.6	76	73.6	74.5	78.4	0	92	46.3	69.15	20.2	28	100	99.9	57.6	97.3	99.9	98	99.7	94.6	99.9	99.9	-86.0694	-15.5325	44.2615	-75.418	9.53706	63.1811	
3.24	2.1	3.3	100	97.2	84.9	87.6	76	73.6	74.5	78.4	0	92	46.3	69.15	20.2	28	100	99.9	57.6	97.3	99.9	98	99.7	94.6	99.9	99.9	-86.0694	-15.5325	44.2615	-75.418	9.53706	63.1811	
3.25	2.1	3.3	100	97.2	84.9	87.6	76	73.6	74.5	78.4	0	92	46.3	69.15	20.2	28	100	99.9	57.6	97.3	99.9	98	99.7	94.6	99.9	99.9	-86.0694	-15.5325	44.2615	-75.418	9.53706	63.1811	
3.26	2.1	3.3	100	97.2	84.9	87.6	76	73.6	74.5	78.4	0	92	46.3	69.15	20.2	28	100	99.9	57.6	97.3	99.9	98	99.7	94.6	99.9	99.9	-86.0694	-15.5325	44.2615	-75.418	9.53706	63.1811	
3.27	2.1	3.3	100	97.2	84.9	87.6	76	73.6	74.5	78.4	0	92	46.3	69.15	20.2	28	100	99.9	57.6	97.3	99.9	98	99.7	94.6	99.9	99.9	-86.0694	-15.5325	44.2615	-75.418	9.53706	63.1811	
3.28	2.1	3.3	100	97.2	84.9	87.6	76	73.6	74.5	78.4	0	92	46.3	69.15	20.2	28	100	99.9	57.6	97.3	99.9	98	99.7	94.6	99.9	99.9	-86.0694	-15.5325	44.2615	-75.418	9.53706	63.1811	
3.29	2.1	3.3	100	97.2	84.9	87.6	76	73.6	74.5	78.4	0	92	46.3	69.15	20.2	28	100	99.9	57.6	97.3	99.9	98	99.7	94.6	99.9	99.9	-86.0694	-15.5325	44.2615	-75.418	9.53706	63.1811	
3.3	2.1	3.3	100	97.2	84.9	87.6	76	73.6	74.5	78.4	0	92	46.3	69.15	20.2	28	100	99.9	57.6	97.3	99.9	98	99.7	94.6	99.9	99.9	-86.0694	-15.5325	44.2615	-75.418	9.53706	63.1811	
3.31	2.1	3.3	100	97.2	84.9	87.6	76	73.6	74.5	78.4	0	92	46.3	69.15	20.2	28	100	99.9	57.6	97.3	99.9	98	99.7	94.6	99.9	99.9	-86.0694	-15.5325	44.2615	-75.418	9.53706	63.1811	
3.32	2.1	3.3	100	97.2	84.9	87.6	76	73.6	74.5	78.4	0	92	46.3	69.15	20.2	28	100	99.9	57.6	97.3	99.9	98	99.7	94.6	99.9	99.9	-86.0694	-15.5325	44.2615	-75.418	9.53706	63.1811	
3.33	2.1	3.3	100	97.2	84.9	87.6	76	73.6	74.5	78.4	0	92	46.3	69.15	20.2	28	100	99.9	57.6	97.3	99.9	98	99.7	94.6	99.9	99.9	-86.0694	-15.5325	44.2615	-75.418	9.53706	63.1811	
