Hora de inicio de la toma de datos: 12:32:54
AT(s) ROLL1(udig) MCF1 IFD1 A1 MCF2 IFP2 IFD2(*) A2(**) MCF3 IFP3 IFD3(*) A3 MCF4 IFP4 IFD4(*) A4 MCF5 IFP5 IFD5(*) A5 ROLL5 C C_Ano usado
0.01 115 113 113 146 117 96 0 0 122 99 0 137 110 102 0 164 105 92 0 124 240 132 74 0 
0.02 115 113 113 146 117 96 0 0 122 99 0 137 110 102 0 164 105 92 0 124 240 132 74 0 
0.03 115 113 113 146 117 96 0 0 122 99 0 137 110 102 0 164 105 92 0 124 240 132 74 0 
0.04 115 113 113 146 117 96 0 0 122 99 0 137 110 102 0 164 105 92 0 124 240 132 74 0 
0.05 115 113 113 146 117 96 0 0 122 99 0 137 110 102 0 164 105 92 0 124 240 132 74 0 
0.06 115 113 113 146 117 96 0 0 122 99 0 137 110 102 0 164 105 92 0 124 240 132 74 0 
0.07 115 113 113 146 117 96 0 0 122 99 0 137 110 102 0 164 105 92 0 124 240 132 74 0 
0.08 115 113 113 146 117 96 0 0 122 99 0 137 110 102 0 164 105 92 0 124 240 132 74 0 
0.09 115 113 113 146 117 96 0 0 122 99 0 137 110 102 0 164 105 92 0 124 240 132 74 0 
0.1 115 113 113 146 117 96 0 0 122 99 0 137 110 102 0 164 105 92 0 124 240 132 74 0 
0.11 115 113 113 146 117 96 0 0 122 99 0 137 110 102 0 164 105 92 0 124 240 132 74 0 
0.12 115 113 113 146 117 96 0 0 122 99 0 137 110 102 0 164 105 92 0 124 240 132 74 0 
0.13 115 113 113 146 117 96 0 0 122 99 0 137 110 102 0 164 105 92 0 124 240 132 74 0 
0.14 115 113 113 146 117 96 0 0 122 99 0 137 110 102 0 164 105 92 0 124 240 132 74 0 
0.15 115 113 113 146 117 96 0 0 122 99 0 137 110 102 0 164 105 92 0 124 240 132 74 0 
0.161 115 113 113 146 117 96 0 0 122 99 0 137 110 102 0 164 105 92 0 124 240 132 74 0 
0.171 115 113 113 146 117 96 0 0 122 99 0 137 110 102 0 164 105 92 0 124 240 132 74 0 
0.181 115 113 113 146 117 96 0 0 122 99 0 137 110 102 0 164 105 92 0 124 240 132 74 0 
0.191 115 113 113 146 117 96 0 0 122 99 0 137 110 102 0 164 105 92 0 124 240 132 74 0 
0.201 115 113 113 146 117 96 0 0 122 99 0 137 110 102 0 164 105 92 0 124 240 132 74 0 
0.211 115 113 113 146 117 96 0 0 122 99 0 137 110 102 0 164 105 92 0 124 240 132 74 0 
0.221 115 113 113 146 117 96 0 0 122 99 0 137 110 102 0 164 105 92 0 124 240 132 74 0 
0.231 115 113 113 146 117 96 0 0 122 99 0 137 110 102 0 164 105 92 0 124 240 132 74 0 
0.241 115 113 113 146 117 96 0 0 122 99 0 137 110 102 0 164 105 92 0 124 240 132 74 0 
0.251 115 113 113 146 117 96 0 0 122 99 0 137 110 102 0 164 105 92 0 124 240 132 74 0 
0.261 115 113 113 146 117 96 0 0 122 99 0 137 110 102 0 164 105 92 0 124 240 132 74 0 
0.271 115 113 113 146 117 96 0 0 122 99 0 137 110 102 0 164 105 92 0 124 240 132 74 0 
0.281 115 113 113 146 117 96 0 0 122 99 0 137 110 102 0 164 105 92 0 124 240 132 74 0 
0.29 115 113 113 146 117 96 0 0 122 99 0 137 110 102 0 164 105 92 0 124 240 132 74 0 
0.3 115 113 113 146 117 96 0 0 122 99 0 137 110 102 0 164 105 92 0 124 240 132 74 0 
0.31 115 113 113 146 117 96 0 0 122 99 0 137 110 102 0 164 105 92 0 124 240 132 74 0 
0.32 115 113 113 146 117 96 0 0 122 99 0 137 110 102 0 164 105 92 0 124 240 132 74 0 
0.33 115 113 113 146 117 96 0 0 122 99 0 137 110 102 0 164 105 92 0 124 240 132 74 0 
0.34 115 113 113 146 117 96 0 0 122 99 0 137 110 102 0 164 105 92 0 124 240 132 74 0 
0.35 115 113 113 146 117 96 0 0 122 99 0 137 110 102 0 164 105 92 0 124 240 132 74 0 
0.36 115 113 113 146 117 96 0 0 122 99 0 137 110 102 0 164 105 92 0 124 240 132 74 0 
0.37 115 113 113 146 117 96 0 0 122 99 0 137 110 102 0 164 105 92 0 124 240 132 74 0 
0.38 115 113 113 146 117 96 0 0 122 99 0 137 110 102 0 164 105 92 0 124 240 132 74 0 
0.39 115 113 113 146 117 96 0 0 122 99 0 137 110 102 0 164 105 92 0 124 240 132 74 0 
0.4 115 113 113 146 117 96 0 0 122 99 0 137 110 102 0 164 105 92 0 124 240 132 74 0 
0.41 115 113 113 146 117 96 0 0 122 99 0 137 110 102 0 164 105 92 0 124 240 132 74 0 
0.42 115 113 113 146 117 96 0 0 122 99 0 137 110 102 0 164 105 92 0 124 240 132 74 0 
0.43 115 113 113 146 117 96 0 0 122 99 0 137 110 102 0 164 105 92 0 124 240 132 74 0 
0.44 115 113 113 146 117 96 0 0 122 99 0 137 110 102 0 164 105 92 0 124 240 132 74 0 
0.45 115 113 113 146 117 96 0 0 122 99 0 137 110 102 0 164 105 92 0 124 240 132 74 0 
0.46 115 113 113 146 117 96 0 0 122 99 0 137 110 102 0 164 105 92 0 124 240 132 74 0 
0.47 115 113 113 146 117 96 0 0 122 99 0 137 110 102 0 164 105 92 0 124 240 132 74 0 
0.48 115 113 113 146 117 96 0 0 122 99 0 137 110 102 0 164 105 92 0 124 240 132 74 0 
0.49 115 113 113 146 117 96 0 0 122 99 0 137 110 102 0 164 105 92 0 124 240 132 74 0 
0.5 115 113 113 146 117 96 0 0 122 99 0 137 110 102 0 164 105 92 0 124 240 132 74 0 
0.51 115 113 113 146 117 96 0 0 122 99 0 137 110 102 0 164 105 92 0 124 240 132 74 0 
0.52 115 113 113 146 117 96 0 0 122 99 0 137 110 102 0 164 105 92 0 124 240 132 74 0 
0.53 115 113 113 146 117 96 0 0 122 99 0 137 110 102 0 164 105 92 0 124 240 132 74 0 
0.54 115 113 113 146 117 96 0 0 122 99 0 137 110 102 0 164 105 92 0 124 240 132 74 0 
0.55 115 113 113 146 117 96 0 0 122 99 0 137 110 102 0 164 105 92 0 124 240 132 74 0 
0.56 115 113 113 146 117 96 0 0 122 99 0 137 110 102 0 164 105 92 0 124 240 132 74 0 
0.57 115 113 113 146 117 96 0 0 122 99 0 137 110 102 0 164 105 92 0 124 240 132 74 0 
0.58 115 113 113 146 117 96 0 0 122 99 0 137 110 102 0 164 105 92 0 124 240 132 74 0 
0.59 115 113 113 146 117 96 0 0 122 99 0 137 110 102 0 164 105 92 0 124 240 132 74 0 
0.6 115 113 113 146 117 96 0 0 122 99 0 137 110 102 0 164 105 92 0 124 240 132 74 0 
0.61 115 113 113 146 117 96 0 0 122 99 0 137 110 102 0 164 105 92 0 124 240 132 74 0 
0.62 115 113 113 146 117 96 0 0 122 99 0 137 110 102 0 164 105 92 0 124 240 132 74 0 
0.63 115 113 113 146 117 96 0 0 122 99 0 137 110 102 0 164 105 92 0 124 240 132 74 0 
0.64 115 113 113 146 117 96 0 0 122 99 0 137 110 102 0 164 105 92 0 124 240 132 74 0 
0.65 115 113 113 146 117 96 0 0 122 99 0 137 110 102 0 164 105 92 0 124 240 132 74 0 
0.66 115 113 113 146 117 96 0 0 122 99 0 137 110 102 0 164 105 92 0 124 240 132 74 0 
0.67 115 113 113 146 117 96 0 0 122 99 0 137 110 102 0 164 105 92 0 124 240 132 74 0 
0.68 115 113 113 146 117 96 0 0 122 99 0 137 110 102 0 164 105 92 0 124 240 132 74 0 
0.69 115 113 113 146 117 96 0 0 122 99 0 137 110 102 0 164 105 92 0 124 240 132 74 0 
0.7 115 113 113 146 117 96 0 0 122 99 0 137 110 102 0 164 105 92 0 124 240 132 74 0 
0.71 115 113 113 146 117 96 0 0 122 99 0 137 110 102 0 164 105 92 0 124 240 132 74 0 
0.72 115 113 113 146 117 96 0 0 122 99 0 137 110 102 0 164 105 92 0 124 240 132 74 0 
0.73 115 113 113 146 117 96 0 0 122 99 0 137 110 102 0 164 105 92 0 124 240 132 74 0 
0.74 115 113 113 146 117 96 0 0 122 99 0 137 110 102 0 164 105 92 0 124 240 132 74 0 
0.75 115 113 113 146 117 96 0 0 122 99 0 137 110 102 0 164 105 92 0 124 240 132 74 0 
0.76 115 113 113 146 117 96 0 0 122 99 0 137 110 102 0 164 105 92 0 124 240 132 74 0 
0.77 115 113 113 146 117 96 0 0 122 99 0 137 110 102 0 164 105 92 0 124 240 132 74 0 
0.78 115 113 113 146 117 96 0 0 122 99 0 137 110 102 0 164 105 92 0 124 240 132 74 0 
0.79 115 113 113 146 117 96 0 0 122 99 0 137 110 102 0 164 105 92 0 124 240 132 74 0 
0.8 115 113 113 146 117 96 0 0 122 99 0 137 110 102 0 164 105 92 0 124 240 132 74 0 
0.81 115 113 113 146 117 96 0 0 122 99 0 137 110 102 0 164 105 92 0 124 240 132 74 0 
0.82 115 113 113 146 117 96 0 0 122 99 0 137 110 102 0 164 105 92 0 124 240 132 74 0 
0.83 115 113 113 146 117 96 0 0 122 99 0 137 110 102 0 164 105 92 0 124 240 132 74 0 
0.84 115 113 113 146 117 96 0 0 122 99 0 137 110 102 0 164 105 92 0 124 240 132 74 0 
0.85 115 113 113 146 117 96 0 0 122 99 0 137 110 102 0 164 105 92 0 124 240 132 74 0 
0.86 115 113 113 146 117 96 0 0 122 99 0 137 110 102 0 164 105 92 0 124 240 132 74 0 
0.87 115 113 113 146 117 96 0 0 122 99 0 137 110 102 0 164 105 92 0 124 240 132 74 0 
0.88 115 113 113 146 117 96 0 0 122 99 0 137 110 102 0 164 105 92 0 124 240 132 74 0 
0.89 115 113 113 146 117 96 0 0 122 99 0 137 110 102 0 164 105 92 0 124 240 132 74 0 
0.9 115 113 113 146 117 96 0 0 122 99 0 137 110 102 0 164 105 92 0 124 240 132 74 0 
0.91 115 113 113 146 117 96 0 0 122 99 0 137 110 102 0 164 105 92 0 124 240 132 74 0 
0.92 115 113 113 146 117 96 0 0 122 99 0 137 110 102 0 164 105 92 0 124 240 132 74 0 
0.93 115 113 113 146 117 96 0 0 122 99 0 137 110 102 0 164 105 92 0 124 240 132 74 0 
0.94 115 113 113 146 117 96 0 0 122 99 0 137 110 102 0 164 105 92 0 124 240 132 74 0 
0.95 115 113 113 146 117 96 0 0 122 99 0 137 110 102 0 164 105 92 0 124 240 132 74 0 
0.96 115 113 113 146 117 96 0 0 122 99 0 137 110 102 0 164 105 92 0 124 240 132 74 0 
0.97 115 113 113 146 117 96 0 0 122 99 0 137 110 102 0 164 105 92 0 124 240 132 74 0 
0.98 115 113 113 146 117 96 0 0 122 99 0 137 110 102 0 164 105 92 0 124 240 132 74 0 
0.99 115 113 113 146 117 96 0 0 122 99 0 137 110 102 0 164 105 92 0 124 240 132 74 0 
1 115 113 113 146 117 96 0 0 122 99 0 137 110 102 0 164 105 92 0 124 240 132 74 0 
1.01 115 113 113 146 117 96 0 0 122 99 0 137 110 102 0 164 105 92 0 124 240 132 74 0 
1.02 115 113 113 146 117 96 0 0 122 99 0 137 110 102 0 164 105 92 0 124 240 132 74 0 
1.03 115 113 113 146 117 96 0 0 122 99 0 137 110 102 0 164 105 92 0 124 240 132 74 0 
1.04 115 113 113 146 117 96 0 0 122 99 0 137 110 102 0 164 105 92 0 124 240 132 74 0 
1.05 115 113 113 146 117 96 0 0 122 99 0 137 110 102 0 164 105 92 0 124 240 132 74 0 
1.06 115 113 113 146 117 96 0 0 122 99 0 137 110 102 0 164 105 92 0 124 240 132 74 0 
1.07 115 113 113 146 117 96 0 0 122 99 0 137 110 102 0 164 105 92 0 124 240 132 74 0 
1.08 115 113 113 146 117 96 0 0 122 99 0 137 110 102 0 164 105 92 0 124 240 132 74 0 
1.09 115 113 113 146 117 96 0 0 122 99 0 137 110 102 0 164 105 92 0 124 240 132 74 0 
1.1 115 113 113 146 117 96 0 0 122 99 0 137 110 102 0 164 105 92 0 124 240 132 74 0 
1.11 115 113 113 146 117 96 0 0 122 99 0 137 110 102 0 164 105 92 0 124 240 132 74 0 
1.12 115 113 113 146 117 96 0 0 122 99 0 137 110 102 0 164 105 92 0 124 240 132 74 0 
1.13 115 113 113 146 117 96 0 0 122 99 0 137 110 102 0 164 105 92 0 124 240 132 74 0 
1.14 115 113 113 146 117 96 0 0 122 99 0 137 110 102 0 164 105 92 0 124 240 132 74 0 
1.15 115 113 113 146 117 96 0 0 122 99 0 137 110 102 0 164 105 92 0 124 240 132 74 0 
1.16 115 113 113 146 117 96 0 0 122 99 0 137 110 102 0 164 105 92 0 124 240 132 74 0 
1.17 115 113 113 146 117 96 0 0 122 99 0 137 110 102 0 164 105 92 0 124 240 132 74 0 
1.18 115 113 113 146 117 96 0 0 122 99 0 137 110 102 0 164 105 92 0 124 240 132 74 0 
1.19 115 113 113 146 117 96 0 0 122 99 0 137 110 102 0 164 105 92 0 124 240 132 74 0 
1.2 115 113 113 146 117 96 0 0 122 99 0 137 110 102 0 164 105 92 0 124 240 132 74 0 
1.21 115 113 113 146 117 96 0 0 122 99 0 137 110 102 0 164 105 92 0 124 240 132 74 0 
1.22 115 113 113 146 117 96 0 0 122 99 0 137 110 102 0 164 105 92 0 124 240 132 74 0 
1.23 115 113 113 146 117 96 0 0 122 99 0 137 110 102 0 164 105 92 0 124 240 132 74 0 
1.24 115 113 113 146 117 96 0 0 122 99 0 137 110 102 0 164 105 92 0 124 240 132 74 0 
1.25 115 113 113 146 117 96 0 0 122 99 0 137 110 102 0 164 105 92 0 124 240 132 74 0 
1.26 115 113 113 146 117 96 0 0 122 99 0 137 110 102 0 164 105 92 0 124 240 132 74 0 
1.27 115 113 113 146 117 96 0 0 122 99 0 137 110 102 0 164 105 92 0 124 240 132 74 0 
1.28 115 113 113 146 117 96 0 0 122 99 0 137 110 102 0 164 105 92 0 124 240 132 74 0 
1.29 115 113 113 146 117 96 0 0 122 99 0 137 110 102 0 164 105 92 0 124 240 132 74 0 
1.3 115 113 113 146 117 96 0 0 122 99 0 137 110 102 0 164 105 92 0 124 240 132 74 0 
1.31 115 113 113 146 117 96 0 0 122 99 0 137 110 102 0 164 105 92 0 124 240 132 74 0 
1.32 115 113 113 146 117 96 0 0 122 99 0 137 110 102 0 164 105 92 0 124 240 132 74 0 
1.33 115 113 113 146 117 96 0 0 122 99 0 137 110 102 0 164 105 92 0 124 240 132 74 0 
1.34 115 113 113 146 117 96 0 0 122 99 0 137 110 102 0 164 105 92 0 124 240 132 74 0 
1.35 115 113 113 146 117 96 0 0 122 99 0 137 110 102 0 164 105 92 0 124 240 132 74 0 
1.36 115 113 113 146 117 96 0 0 122 99 0 137 110 102 0 164 105 92 0 124 240 132 74 0 
1.37 115 113 113 146 117 96 0 0 122 99 0 137 110 102 0 164 105 92 0 124 240 132 74 0 
1.38 115 113 113 146 117 96 0 0 122 99 0 137 110 102 0 164 105 92 0 124 240 132 74 0 
1.39 115 113 113 146 117 96 0 0 122 99 0 137 110 102 0 164 105 92 0 124 240 132 74 0 
1.4 115 113 113 146 117 96 0 0 122 99 0 137 110 102 0 164 105 92 0 124 240 132 74 0 
1.41 115 113 113 146 117 96 0 0 122 99 0 137 110 102 0 164 105 92 0 124 240 132 74 0 
1.42 115 113 113 146 117 96 0 0 122 99 0 137 110 102 0 164 105 92 0 124 240 132 74 0 
1.43 115 113 113 146 117 96 0 0 122 99 0 137 110 102 0 164 105 92 0 124 240 132 74 0 
1.44 115 113 113 146 117 96 0 0 122 99 0 137 110 102 0 164 105 92 0 124 240 132 74 0 
1.45 115 113 113 146 117 96 0 0 122 99 0 137 110 102 0 164 105 92 0 124 240 132 74 0 
1.46 115 113 113 146 117 96 0 0 122 99 0 137 110 102 0 164 105 92 0 124 240 132 74 0 
1.47 115 113 113 146 117 96 0 0 122 99 0 137 110 102 0 164 105 92 0 124 240 132 74 0 
1.48 115 113 113 146 117 96 0 0 122 99 0 137 110 102 0 164 105 92 0 124 240 132 74 0 
1.49 115 113 113 146 117 96 0 0 122 99 0 137 110 102 0 164 105 92 0 124 240 132 74 0 
1.5 115 113 113 146 117 96 0 0 122 99 0 137 110 102 0 164 105 92 0 124 240 132 74 0 
1.51 115 113 113 146 117 96 0 0 122 99 0 137 110 102 0 164 105 92 0 124 240 132 74 0 
1.52 115 113 113 146 117 96 0 0 122 99 0 137 110 102 0 164 105 92 0 124 240 132 74 0 
1.53 115 113 113 146 117 96 0 0 122 99 0 137 110 102 0 164 105 92 0 124 240 132 74 0 
1.54 115 113 113 146 117 96 0 0 122 99 0 137 110 102 0 164 105 92 0 124 240 132 74 0 
1.55 115 113 113 146 117 96 0 0 122 99 0 137 110 102 0 164 105 92 0 124 240 132 74 0 
1.56 115 113 113 146 117 96 0 0 122 99 0 137 110 102 0 164 105 92 0 124 240 132 74 0 
1.57 115 113 113 146 117 96 0 0 122 99 0 137 110 102 0 164 105 92 0 124 240 132 74 0 
1.58 115 113 113 146 117 96 0 0 122 99 0 137 110 102 0 164 105 92 0 124 240 132 74 0 
1.59 115 113 113 146 117 96 0 0 122 99 0 137 110 102 0 164 105 92 0 124 240 132 74 0 
1.6 115 113 113 146 117 96 0 0 122 99 0 137 110 102 0 164 105 92 0 124 240 132 74 0 
1.61 115 113 113 146 117 96 0 0 122 99 0 137 110 102 0 164 105 92 0 124 240 132 74 0 
1.62 115 113 113 146 117 96 0 0 122 99 0 137 110 102 0 164 105 92 0 124 240 132 74 0 
1.63 115 113 113 146 117 96 0 0 122 99 0 137 110 102 0 164 105 92 0 124 240 132 74 0 
1.64 115 113 113 146 117 96 0 0 122 99 0 137 110 102 0 164 105 92 0 124 240 132 74 0 
1.65 115 113 113 146 117 96 0 0 122 99 0 137 110 102 0 164 105 92 0 124 240 132 74 0 
1.66 115 113 113 146 117 96 0 0 122 99 0 137 110 102 0 164 105 92 0 124 240 132 74 0 
1.67 115 113 113 146 117 96 0 0 122 99 0 137 110 102 0 164 105 92 0 124 240 132 74 0 
1.68 115 113 113 146 117 96 0 0 122 99 0 137 110 102 0 164 105 92 0 124 240 132 74 0 
1.69 115 113 113 146 117 96 0 0 122 99 0 137 110 102 0 164 105 92 0 124 240 132 74 0 
1.7 115 113 113 146 117 96 0 0 122 99 0 137 110 102 0 164 105 92 0 124 240 132 74 0 
1.71 115 113 113 146 117 96 0 0 122 99 0 137 110 102 0 164 105 92 0 124 240 132 74 0 
1.72 115 113 113 146 117 96 0 0 122 99 0 137 110 102 0 164 105 92 0 124 240 132 74 0 
1.73 115 113 113 146 117 96 0 0 122 99 0 137 110 102 0 164 105 92 0 124 240 132 74 0 
1.74 115 113 113 146 117 96 0 0 122 99 0 137 110 102 0 164 105 92 0 124 240 132 74 0 
1.75 115 113 113 146 117 96 0 0 122 99 0 137 110 102 0 164 105 92 0 124 240 132 74 0 
1.76 115 113 113 146 117 96 0 0 122 99 0 137 110 102 0 164 105 92 0 124 240 132 74 0 
1.77 115 113 113 146 117 96 0 0 122 99 0 137 110 102 0 164 105 92 0 124 240 132 74 0 
1.78 115 113 113 146 117 96 0 0 122 99 0 137 110 102 0 164 105 92 0 124 240 132 74 0 
1.79 115 113 113 146 117 96 0 0 122 99 0 137 110 102 0 164 105 92 0 124 240 132 74 0 
1.8 115 113 113 146 117 96 0 0 122 99 0 137 110 102 0 164 105 92 0 124 240 132 74 0 
1.81 115 113 113 146 117 96 0 0 122 99 0 137 110 102 0 164 105 92 0 124 240 132 74 0 
1.82 115 113 113 146 117 96 0 0 122 99 0 137 110 102 0 164 105 92 0 124 240 132 74 0 
1.83 115 113 113 146 117 96 0 0 122 99 0 137 110 102 0 164 105 92 0 124 240 132 74 0 
1.84 115 113 113 146 117 96 0 0 122 99 0 137 110 102 0 164 105 92 0 124 240 132 74 0 
1.85 115 113 113 146 117 96 0 0 122 99 0 137 110 102 0 164 105 92 0 124 240 132 74 0 
1.86 115 113 113 146 117 96 0 0 122 99 0 137 110 102 0 164 105 92 0 124 240 132 74 0 
1.87 115 113 113 146 117 96 0 0 122 99 0 137 110 102 0 164 105 92 0 124 240 132 74 0 
1.88 115 113 113 146 117 96 0 0 122 99 0 137 110 102 0 164 105 92 0 124 240 132 74 0 
1.89 115 113 113 146 117 96 0 0 122 99 0 137 110 102 0 164 105 92 0 124 240 132 74 0 
1.9 115 113 113 146 117 96 0 0 122 99 0 137 110 102 0 164 105 92 0 124 240 132 74 0 
1.91 115 113 113 146 117 96 0 0 122 99 0 137 110 102 0 164 105 92 0 124 240 132 74 0 
1.92 115 113 113 146 117 96 0 0 122 99 0 137 110 102 0 164 105 92 0 124 240 132 74 0 
1.93 115 113 113 146 117 96 0 0 122 99 0 137 110 102 0 164 105 92 0 124 240 132 74 0 
1.94 115 113 113 146 117 96 0 0 122 99 0 137 110 102 0 164 105 92 0 124 240 132 74 0 
1.95 115 113 113 146 117 96 0 0 122 99 0 137 110 102 0 164 105 92 0 124 240 132 74 0 
1.96 115 113 113 146 117 96 0 0 122 99 0 137 110 102 0 164 105 92 0 124 240 132 74 0 
1.97 115 113 113 146 117 96 0 0 122 99 0 137 110 102 0 164 105 92 0 124 240 132 74 0 
1.98 115 113 113 146 117 96 0 0 122 99 0 137 110 102 0 164 105 92 0 124 240 132 74 0 
1.99 115 113 113 146 117 96 0 0 122 99 0 137 110 102 0 164 105 92 0 124 240 132 74 0 
2 115 113 113 146 117 96 0 0 122 99 0 137 110 102 0 164 105 92 0 124 240 132 74 0 
2.01 115 113 113 146 117 96 0 0 122 99 0 137 110 102 0 164 105 92 0 124 240 132 74 0 
2.02 115 113 113 146 117 96 0 0 122 99 0 137 110 102 0 164 105 92 0 124 240 132 74 0 
2.03 115 113 113 146 117 96 0 0 122 99 0 137 110 102 0 164 105 92 0 124 240 132 74 0 
2.04 115 113 113 146 117 96 0 0 122 99 0 137 110 102 0 164 105 92 0 124 240 132 74 0 
2.05 115 113 113 146 117 96 0 0 122 99 0 137 110 102 0 164 105 92 0 124 240 132 74 0 
2.06 115 113 113 146 117 96 0 0 122 99 0 137 110 102 0 164 105 92 0 124 240 132 74 0 
2.07 115 113 113 146 117 96 0 0 122 99 0 137 110 102 0 164 105 92 0 124 240 132 74 0 
2.08 115 113 113 146 117 96 0 0 122 99 0 137 110 102 0 164 105 92 0 124 240 132 74 0 
2.09 115 113 113 146 117 96 0 0 122 99 0 137 110 102 0 164 105 92 0 124 240 132 74 0 
2.1 115 113 113 146 117 96 0 0 122 99 0 137 110 102 0 164 105 92 0 124 240 132 74 0 
2.11 115 113 113 146 117 96 0 0 122 99 0 137 110 102 0 164 105 92 0 124 240 132 74 0 
2.12 115 113 113 146 117 96 0 0 122 99 0 137 110 102 0 164 105 92 0 124 240 132 74 0 
2.13 115 113 113 146 117 96 0 0 122 99 0 137 110 102 0 164 105 92 0 124 240 132 74 0 
2.14 115 113 113 146 117 96 0 0 122 99 0 137 110 102 0 164 105 92 0 124 240 132 74 0 
2.15 115 113 113 146 117 96 0 0 122 99 0 137 110 102 0 164 105 92 0 124 240 132 74 0 
2.16 115 113 113 146 117 96 0 0 122 99 0 137 110 102 0 164 105 92 0 124 240 132 74 0 
2.17 115 113 113 146 117 96 0 0 122 99 0 137 110 102 0 164 105 92 0 124 240 132 74 0 
2.18 115 113 113 146 117 96 0 0 122 99 0 137 110 102 0 164 105 92 0 124 240 132 74 0 
2.19 115 113 113 146 117 96 0 0 122 99 0 137 110 102 0 164 105 92 0 124 240 132 74 0 
2.2 115 113 113 146 117 96 0 0 122 99 0 137 110 102 0 164 105 92 0 124 240 132 74 0 
2.21 115 113 113 146 117 96 0 0 122 99 0 137 110 102 0 164 105 92 0 124 240 132 74 0 
2.22 115 113 113 146 117 96 0 0 122 99 0 137 110 102 0 164 105 92 0 124 240 132 74 0 
2.23 115 113 113 146 117 96 0 0 122 99 0 137 110 102 0 164 105 92 0 124 240 132 74 0 
2.24 115 113 113 146 117 96 0 0 122 99 0 137 110 102 0 164 105 92 0 124 240 132 74 0 
2.25 115 113 113 146 117 96 0 0 122 99 0 137 110 102 0 164 105 92 0 124 240 132 74 0 
2.26 115 113 113 146 117 96 0 0 118 99 0 137 110 102 0 164 105 92 0 124 240 132 74 0 
2.27 115 113 113 146 117 96 0 0 118 99 0 137 110 102 0 164 105 92 0 124 240 132 74 0 
2.28 115 113 113 146 117 96 0 0 118 99 0 137 110 102 0 159 105 92 0 124 240 132 74 0 
2.29 115 113 113 146 117 96 0 0 118 99 0 137 110 102 0 159 105 92 0 124 240 132 74 0 
2.3 115 113 113 146 117 96 0 0 118 99 0 137 110 102 0 159 105 92 0 124 240 132 74 0 
2.31 115 113 113 146 117 96 0 0 118 99 0 137 110 102 0 159 105 92 0 124 240 132 74 0 
2.32 115 113 113 146 117 96 0 0 118 99 0 137 110 102 0 159 105 92 0 124 240 132 74 0 
2.33 115 113 113 146 117 96 0 0 114 99 0 137 110 102 0 159 105 92 0 124 240 132 74 0 
2.34 115 113 113 146 117 96 0 0 114 99 0 137 110 102 0 159 105 92 0 124 240 132 74 0 
2.35 115 113 113 146 117 96 0 0 114 99 0 137 110 102 0 159 105 92 0 124 240 132 74 0 
2.36 115 113 113 146 117 96 0 0 114 99 0 137 110 102 0 159 105 92 0 124 240 132 74 0 
2.37 115 113 113 146 117 96 0 0 114 99 0 137 110 102 0 159 105 92 0 124 240 132 74 0 
2.38 115 113 113 146 117 96 0 0 114 99 0 137 110 102 0 159 105 92 0 124 240 132 74 0 
2.39 115 113 113 146 117 96 0 0 114 99 0 137 110 102 0 159 105 92 0 124 240 132 74 0 
2.4 115 113 113 146 117 96 0 0 114 99 0 137 110 102 0 155 105 92 0 124 240 132 74 0 
2.41 115 113 113 146 117 96 0 0 114 99 0 137 110 102 0 155 105 92 0 124 240 132 74 0 
2.42 115 113 113 146 117 96 0 0 114 99 0 137 110 102 0 155 105 92 0 124 240 132 74 0 
2.43 115 113 113 146 117 96 0 0 114 99 0 137 110 102 0 155 101 92 0 124 240 132 74 0 
2.44 115 113 113 146 117 96 0 0 114 99 0 137 110 102 0 155 101 92 0 124 240 132 74 0 
2.45 115 113 113 146 117 96 0 0 114 99 0 137 110 102 0 155 101 92 0 124 240 132 74 0 
2.46 115 113 113 146 117 96 0 0 114 99 0 137 110 102 0 155 101 92 0 124 240 132 74 0 
2.47 115 113 113 146 117 96 0 0 114 99 0 137 110 102 0 155 101 92 0 124 240 132 74 0 
2.48 115 113 113 146 117 96 0 0 114 99 0 137 110 102 0 155 101 92 0 124 240 132 74 0 
2.49 115 113 113 146 117 96 0 0 114 99 0 137 110 102 0 155 101 92 0 124 240 132 74 0 
2.5 115 113 113 146 117 96 0 0 114 99 0 137 110 102 0 155 101 92 0 124 240 132 74 0 
2.51 115 113 113 146 117 96 0 0 114 99 0 137 110 102 0 155 101 92 0 124 240 132 74 0 
2.52 115 113 113 146 117 96 0 0 114 99 0 137 110 102 0 155 101 92 0 124 240 132 74 0 
2.53 115 113 113 146 117 96 0 0 114 99 0 137 110 102 0 155 101 92 0 124 240 132 74 0 
2.54 115 113 113 146 117 96 0 0 114 99 0 137 110 102 0 155 101 92 0 124 240 132 74 0 
2.55 115 113 113 146 117 96 0 0 114 99 0 137 110 102 0 155 101 92 0 124 240 132 74 0 
2.56 115 113 113 146 117 96 0 0 114 99 0 137 110 102 0 155 101 92 0 124 240 132 74 0 
2.57 115 113 113 146 117 96 0 0 114 99 0 137 110 102 0 155 101 92 0 124 240 132 74 0 
2.58 115 113 113 146 117 96 0 0 114 99 0 137 110 102 0 155 101 92 0 124 236 132 74 0 
2.59 115 113 113 146 117 96 0 0 114 99 0 137 110 102 0 155 101 92 0 124 236 132 74 0 
2.6 115 113 113 146 117 96 0 0 114 99 0 137 110 102 0 155 101 92 0 124 236 132 74 0 
2.61 119 113 113 146 117 96 0 0 114 99 0 137 110 102 0 155 101 92 0 124 236 132 74 0 
2.62 119 113 113 146 117 100 0 0 114 99 0 137 110 102 0 155 101 92 0 124 236 132 78 0 
2.63 119 113 113 146 117 100 0 0 114 99 0 137 110 102 0 155 101 92 0 124 236 132 78 0 
2.64 119 113 113 146 117 100 0 0 114 99 0 137 110 102 0 155 101 92 0 124 236 132 78 0 
2.65 119 113 113 146 117 100 0 0 118 99 0 137 110 102 0 155 101 92 0 124 236 132 78 0 
2.66 119 113 113 146 117 100 0 0 118 99 0 137 110 102 0 155 101 92 0 124 236 132 78 0 
2.67 119 113 113 146 117 100 0 0 118 99 0 137 110 102 0 155 101 92 0 124 236 132 78 0 
2.68 119 113 113 146 117 100 0 0 118 99 0 137 110 106 0 155 101 92 0 124 232 132 78 0 
2.69 119 113 113 142 121 100 0 0 118 99 0 137 110 106 0 155 106 97 0 124 232 132 78 0 
2.7 119 113 113 142 121 100 0 0 122 104 0 137 110 106 0 155 106 97 0 124 232 132 74 0 
2.71 123 113 113 142 121 100 0 0 122 104 0 137 114 106 0 155 106 97 0 124 232 132 74 0 
2.72 123 113 113 142 125 105 0 0 122 104 0 137 114 110 0 155 106 102 0 124 228 132 74 0 
2.73 123 113 113 142 125 105 0 0 122 104 0 137 114 110 0 155 106 102 0 124 228 132 74 0 
2.74 123 113 113 142 125 105 0 0 126 104 0 137 118 110 0 155 110 102 0 124 228 132 74 0 
2.75 123 113 113 142 125 105 0 0 128 104 0 137 118 110 0 155 110 107 0 124 228 132 70 0 
2.76 123 113 113 142 128 105 0 0 128 108 0 137 118 110 0 155 110 107 0 124 228 132 70 0 
2.77 123 113 113 142 128 105 0 0 128 108 0 137 118 110 0 155 110 107 0 124 228 132 70 0 
2.78 123 117 113 142 128 105 0 0 128 108 0 137 122 115 0 155 114 112 0 124 228 128 70 0 
2.79 123 117 113 138 128 105 0 0 128 108 0 137 122 115 0 155 114 112 0 124 228 127 66 0 
2.8 123 117 113 138 128 105 0 0 128 108 0 137 122 115 0 155 114 116 0 124 228 127 66 0 
2.81 123 117 113 138 128 105 0 0 128 112 0 137 122 115 0 155 114 116 0 124 228 127 66 0 
2.82 123 117 113 138 128 105 0 0 128 112 0 137 122 119 0 155 114 116 0 124 228 123 66 0 
2.83 123 117 113 138 128 105 0 0 128 112 0 137 122 119 0 155 114 116 0 124 233 123 66 0 
2.84 123 117 113 138 128 105 0 0 128 112 0 137 122 119 0 155 114 116 0 124 233 123 66 0 
2.85 123 117 113 138 128 105 0 0 128 112 0 133 118 119 0 155 114 116 0 124 237 119 66 0 
2.86 123 117 113 138 128 105 0 0 127 112 0 133 118 119 0 155 110 116 0 124 237 119 66 0 
2.87 123 117 113 138 128 105 0 0 127 112 0 133 118 119 0 155 110 116 0 124 237 119 66 0 
2.88 123 117 113 138 128 105 0 0 127 112 0 128 113 119 0 155 110 116 0 124 242 114 66 0 
2.89 118 117 113 138 128 105 0 0 127 112 0 127 113 119 0 155 106 116 0 124 242 114 66 0 
2.9 118 117 113 138 128 105 0 0 123 112 0 127 109 119 0 155 106 116 0 124 242 114 66 0 
2.91 118 117 113 138 128 105 0 0 123 112 0 123 109 119 0 155 106 116 0 124 242 114 66 0 
2.92 118 117 113 138 127 105 0 0 119 112 0 123 104 119 0 155 101 116 0 124 242 110 66 0 
2.93 118 117 113 138 127 105 0 0 119 112 0 119 104 119 0 155 101 112 0 124 242 110 66 0 
2.94 118 117 113 138 127 105 0 0 114 112 0 119 104 115 0 155 96 112 0 124 242 110 66 0 
2.95 118 117 113 134 127 101 0 0 110 107 0 114 99 115 0 155 92 108 0 119 242 110 70 0 
2.96 114 117 113 134 127 101 0 0 110 107 0 114 95 110 0 155 92 104 0 119 242 110 70 0 
2.97 114 117 113 134 123 101 0 0 106 103 0 114 95 110 0 155 92 104 0 119 242 110 70 0 
2.98 114 117 113 134 123 97 0 0 106 103 0 110 95 106 0 155 92 100 0 119 246 110 70 0 
2.99 114 117 113 134 123 97 0 0 102 99 0 110 90 106 0 155 88 100 0 119 246 110 70 0 
3 114 117 113 134 119 97 0 0 102 99 0 106 90 106 0 155 88 96 0 119 246 110 70 0 
3.01 110 117 113 134 119 97 0 0 98 99 0 106 90 102 0 155 88 96 0 119 246 110 70 0 
3.02 110 113 113 134 119 97 0 0 98 99 0 106 86 102 0 155 84 96 0 115 246 110 70 0 
3.03 110 113 113 134 115 97 0 0 98 95 0 106 86 102 0 155 84 96 0 115 246 110 70 0 
3.04 110 113 113 134 115 97 0 0 98 95 0 106 86 102 0 155 84 92 0 115 246 110 70 0 
3.05 106 113 113 134 115 97 0 0 94 95 0 106 86 102 0 155 84 92 0 115 246 110 70 0 
3.06 106 113 113 134 115 97 0 0 94 95 0 106 86 98 0 155 80 92 0 115 242 110 70 0 
3.07 106 113 113 134 110 92 0 0 94 95 0 106 86 98 0 155 80 92 0 115 242 110 70 0 
3.08 106 113 113 134 110 92 0 0 89 91 0 102 82 98 0 155 80 88 0 115 242 110 70 0 
3.09 106 113 113 134 110 92 0 0 89 91 0 102 82 98 0 155 80 88 0 115 242 110 70 0 
3.1 106 113 113 138 106 92 0 0 85 91 0 102 82 98 0 155 76 88 0 115 242 110 70 0 
3.11 106 109 113 138 106 92 0 0 85 91 0 102 82 98 0 155 76 88 0 115 242 110 70 0 
3.12 101 109 113 138 106 92 0 0 85 91 0 102 82 98 0 155 76 88 0 119 242 110 70 0 
3.13 101 109 113 138 106 92 0 0 85 91 0 102 82 98 0 155 72 88 0 119 237 110 70 0 
3.14 101 109 113 138 106 92 0 0 85 91 0 107 82 98 0 155 72 88 0 119 232 110 76 0 
3.15 95 109 113 143 106 92 0 0 85 91 0 107 82 98 0 155 72 88 0 123 226 110 76 0 
3.16 95 109 113 143 106 92 0 0 85 91 0 107 82 98 0 155 72 88 0 123 221 110 76 0 
3.17 91 109 113 143 106 92 0 0 85 91 0 107 82 98 0 155 72 88 0 123 221 110 76 0 
3.18 91 109 113 143 106 92 0 0 85 91 0 107 82 98 0 155 72 88 0 123 221 110 76 0 
3.19 91 109 113 143 106 92 0 0 85 91 0 107 82 98 0 155 72 88 0 123 217 110 76 0 
3.2 91 109 113 143 106 92 0 0 85 91 0 107 82 98 0 155 72 88 0 123 217 110 76 0 
3.21 91 109 113 143 106 92 0 0 85 91 0 107 82 98 0 155 72 84 0 123 217 110 76 0 
3.22 91 109 113 143 106 92 0 0 85 91 0 107 82 98 0 155 72 84 0 123 212 110 76 0 
3.23 91 109 113 143 106 92 0 0 85 91 0 107 82 98 0 155 72 84 0 123 212 110 76 0 
3.24 91 109 113 143 106 92 0 0 85 91 0 107 82 98 0 155 72 84 0 123 208 110 76 0 
3.25 91 109 113 143 106 92 0 0 85 91 0 107 82 98 0 155 76 84 0 123 208 106 76 0 
3.26 91 109 113 143 106 92 0 0 85 91 0 107 82 98 0 155 76 84 0 123 208 106 76 0 
3.27 91 109 113 143 106 92 0 0 85 91 0 107 82 98 0 155 76 84 0 123 208 106 76 0 
3.28 91 109 113 143 106 92 0 0 85 91 0 107 82 98 0 155 76 84 0 123 208 106 76 0 
3.29 91 109 113 143 106 92 0 0 85 91 0 107 82 98 0 155 76 84 0 123 208 106 76 0 
3.3 91 109 113 143 106 92 0 0 85 91 0 112 82 98 0 159 76 84 0 123 208 106 76 0 
3.31 91 109 113 143 106 92 0 0 85 91 0 112 82 98 0 159 76 84 0 123 208 106 76 0 
3.32 91 109 113 143 106 92 0 0 85 91 0 112 82 98 0 159 76 84 0 123 208 106 76 0 
3.33 91 109 113 143 106 92 0 0 85 91 0 112 82 98 0 159 76 84 0 123 208 106 76 0 
3.34 91 109 113 143 106 92 0 0 85 91 0 112 82 98 0 159 76 84 0 123 208 106 76 0 
3.35 91 109 113 143 106 92 0 0 85 91 0 112 82 98 0 159 76 84 0 123 208 106 76 0 
3.36 91 109 113 143 106 92 0 0 85 91 0 112 86 98 0 159 76 84 0 123 208 106 76 0 
3.37 91 109 113 143 106 92 0 0 85 91 0 112 86 98 0 159 76 84 0 123 208 106 72 0 
3.38 91 109 113 143 106 92 0 0 85 91 0 112 86 98 0 159 76 84 0 123 208 102 72 0 
3.39 91 109 113 143 106 92 0 0 85 91 0 112 86 98 0 159 81 84 0 123 208 102 72 0 
3.4 91 109 113 143 106 92 0 0 85 91 0 112 86 98 0 159 81 84 0 123 208 102 72 0 
3.41 91 109 113 143 106 92 0 0 85 91 0 112 86 98 0 159 81 84 0 123 208 102 72 0 
3.42 91 109 113 143 106 92 0 0 85 91 0 112 86 98 0 159 81 84 0 123 208 102 72 0 
3.43 91 109 113 143 106 92 0 0 85 87 0 112 86 98 0 159 81 84 0 123 208 102 72 0 
3.44 91 113 113 143 106 92 0 0 85 87 0 112 86 98 0 159 81 84 0 123 208 102 72 0 
3.45 91 113 113 143 106 92 0 0 85 87 0 112 86 98 0 159 81 84 0 123 208 102 72 0 
3.46 91 113 113 143 106 92 0 0 89 87 0 112 86 98 0 159 81 84 0 123 208 102 72 0 
3.47 91 113 113 143 106 92 0 0 89 87 0 112 86 98 0 159 81 84 0 123 208 102 72 0 
3.48 91 113 113 143 106 92 0 0 89 87 0 112 86 98 0 159 81 84 0 123 208 102 72 0 
3.49 91 113 113 143 106 92 0 0 89 87 0 112 86 98 0 159 81 84 0 123 208 102 72 0 
3.5 91 113 113 143 106 92 0 0 89 87 0 112 90 98 0 159 81 84 0 123 208 102 72 0 
3.51 91 113 113 143 106 92 0 0 89 87 0 112 90 98 0 159 81 84 0 123 208 102 72 0 
3.52 91 113 113 143 106 92 0 0 89 87 0 112 90 98 0 159 81 84 0 123 208 102 72 0 
3.53 91 113 113 143 106 92 0 0 89 87 0 112 90 98 0 159 81 84 0 123 208 102 72 0 
3.54 91 113 113 143 106 92 0 0 89 87 0 112 90 98 0 159 81 84 0 123 208 102 72 0 
3.55 91 113 113 143 106 92 0 0 89 87 0 112 90 98 0 159 81 84 0 123 208 102 72 0 
3.56 91 113 113 143 106 92 0 0 89 87 0 112 90 98 0 159 81 84 0 123 208 102 72 0 
3.57 91 113 113 143 106 92 0 0 89 87 0 112 90 98 0 159 81 84 0 123 208 102 72 0 
3.58 91 113 113 143 106 92 0 0 89 87 0 112 90 98 0 159 81 84 0 123 208 102 72 0 
3.59 91 113 113 143 106 92 0 0 89 87 0 116 90 98 0 159 81 84 0 123 208 102 72 0 
3.6 91 113 113 143 106 92 0 0 89 87 0 116 90 98 0 159 81 84 0 123 208 102 72 0 
3.61 91 113 113 143 106 92 0 0 89 87 0 116 90 98 0 159 81 84 0 123 208 102 72 0 
3.62 91 113 113 143 106 92 0 0 89 87 0 116 90 98 0 159 81 84 0 123 208 102 72 0 
3.63 91 113 113 143 106 92 0 0 89 87 0 116 90 98 0 159 81 84 0 123 208 102 72 0 
3.64 91 113 113 143 106 92 0 0 89 87 0 116 90 98 0 159 81 84 0 123 208 102 72 0 
3.65 91 113 113 143 106 92 0 0 89 87 0 116 90 98 0 159 81 84 0 123 208 102 72 0 
3.66 91 113 113 143 106 92 0 0 89 87 0 116 90 98 0 159 85 84 0 123 208 102 72 0 
3.67 91 113 113 143 106 92 0 0 89 87 0 116 90 98 0 159 85 84 0 123 208 102 72 0 
3.68 91 113 113 143 106 92 0 0 89 87 0 116 90 98 0 159 85 84 0 123 208 102 72 0 
3.69 91 113 113 139 106 92 0 0 89 87 0 116 90 98 0 159 85 84 0 123 208 102 72 0 
3.7 91 113 113 139 106 92 0 0 94 87 0 116 90 98 0 164 85 84 0 123 213 102 72 0 
3.71 91 113 113 139 106 92 0 0 94 87 0 116 90 98 0 164 85 84 0 123 213 102 72 0 
3.72 91 113 113 139 110 92 0 0 94 87 0 116 94 98 0 164 85 84 0 123 213 102 72 0 
3.73 91 113 113 139 110 92 0 0 94 87 0 116 94 98 0 164 85 84 0 123 213 102 72 0 
3.74 91 113 113 139 110 92 0 0 94 87 0 116 94 98 0 164 85 84 0 123 213 102 72 0 
3.75 91 113 113 139 110 92 0 0 94 87 0 116 94 98 0 164 85 84 0 123 213 102 72 0 
3.76 91 113 113 139 110 96 0 0 94 87 0 116 94 98 0 164 85 84 0 123 213 102 72 0 
3.77 91 113 113 139 110 96 0 0 94 87 0 116 94 98 0 164 85 84 0 123 213 102 72 0 
3.78 91 113 113 139 110 96 0 0 94 87 0 116 94 98 0 164 85 84 0 123 213 102 72 0 
3.79 91 113 113 139 110 96 0 0 94 87 0 116 94 98 0 164 85 84 0 123 213 102 72 0 
3.8 91 113 113 139 110 96 0 0 94 87 0 116 94 98 0 164 85 84 0 123 213 102 72 0 
3.81 91 113 113 139 110 96 0 0 94 87 0 116 94 98 0 164 85 84 0 123 213 102 72 0 
3.82 91 113 113 139 110 96 0 0 94 87 0 116 94 98 0 164 85 84 0 123 213 102 72 0 
3.83 91 113 113 139 110 96 0 0 94 87 0 116 94 98 0 164 85 84 0 123 213 102 72 0 
3.84 91 113 113 139 110 96 0 0 94 87 0 116 94 98 0 164 85 84 0 123 213 102 72 0 
3.85 91 113 113 139 110 96 0 0 94 87 0 116 94 98 0 164 85 84 0 123 213 102 72 0 
3.86 91 113 117 139 110 96 0 0 94 87 0 116 94 98 0 164 85 84 0 123 213 102 72 0 
3.87 91 113 117 139 110 96 0 0 94 87 0 116 94 98 0 164 89 84 0 123 213 102 72 0 
3.88 91 113 117 139 110 96 0 0 94 87 0 116 94 98 0 164 89 84 0 123 213 102 72 0 
3.89 91 113 117 139 110 96 0 0 94 87 0 116 94 98 0 164 89 84 0 123 213 102 72 0 
3.9 91 113 117 139 110 96 0 0 94 87 0 116 94 98 0 164 89 84 0 123 213 102 72 0 
3.91 91 113 117 139 110 96 0 0 94 87 0 116 94 98 0 164 89 84 0 123 213 102 72 0 
3.92 91 113 117 139 110 96 0 0 94 87 0 116 94 98 0 164 89 84 0 123 213 102 72 0 
3.93 91 113 117 139 110 96 0 0 94 87 0 116 94 98 0 164 89 84 0 123 213 102 72 0 
3.94 91 113 117 139 110 96 0 0 94 87 0 116 94 98 0 164 89 84 0 123 213 102 72 0 
3.95 91 113 117 139 110 96 0 0 94 87 0 116 94 98 0 164 89 80 0 127 213 102 68 0 
3.96 91 113 117 139 110 96 0 0 94 87 0 116 94 98 0 164 89 80 0 127 213 102 68 0 
3.97 91 113 117 139 110 96 0 0 94 87 0 116 94 98 0 164 89 80 0 127 213 102 68 0 
3.98 91 113 117 139 110 96 0 0 94 87 0 116 94 98 0 164 89 80 0 127 213 102 68 0 
3.99 91 113 117 139 110 96 0 0 94 87 0 116 98 98 0 164 89 80 0 127 213 102 68 0 
4 91 113 117 139 110 96 0 0 94 87 0 116 98 98 0 164 89 80 0 128 213 102 68 0 
4.01 91 113 117 139 110 96 0 0 94 87 0 116 98 98 0 164 89 80 0 128 213 102 68 0 
4.02 91 113 117 139 110 96 0 0 94 87 0 116 98 98 0 164 89 80 0 128 213 102 68 0 
4.03 91 113 117 139 110 96 0 0 94 87 0 116 98 98 0 164 89 80 0 128 213 102 68 0 
4.04 91 113 117 139 110 96 0 0 94 87 0 116 98 98 0 164 89 80 0 128 213 102 68 0 
4.05 91 113 117 139 110 96 0 0 94 87 0 116 98 98 0 164 89 80 0 128 213 102 68 0 
4.06 91 113 117 139 110 96 0 0 94 87 0 116 98 98 0 164 89 80 0 128 213 102 68 0 
4.07 91 113 117 139 110 96 0 0 94 87 0 116 98 98 0 164 89 80 0 128 213 102 68 0 
4.08 91 113 117 139 110 96 0 0 94 87 0 116 98 98 0 164 89 80 0 128 213 102 68 0 
4.09 91 113 117 139 110 96 0 0 94 87 0 116 98 98 0 164 89 80 0 128 213 102 68 0 
4.1 91 113 117 139 110 96 0 0 94 87 0 116 98 98 0 164 89 80 0 128 213 102 68 0 
4.11 91 113 117 139 110 96 0 0 94 87 0 116 98 98 0 164 89 80 0 128 213 102 68 0 
4.12 91 113 117 139 110 96 0 0 94 87 0 116 98 98 0 164 89 80 0 128 213 102 68 0 
4.13 91 113 117 139 110 96 0 0 94 87 0 116 98 98 0 164 89 80 0 128 213 102 68 0 
4.14 91 113 117 139 110 96 0 0 94 87 0 116 98 98 0 164 89 80 0 128 213 102 68 0 
4.151 91 113 117 139 110 96 0 0 94 87 0 116 98 98 0 164 89 80 0 128 213 102 68 0 
4.161 91 113 117 139 110 96 0 0 94 87 0 116 98 98 0 164 89 80 0 128 213 102 68 0 
4.171 91 113 117 139 110 96 0 0 94 87 0 116 98 98 0 164 89 80 0 128 213 102 68 0 
4.181 91 113 117 139 110 96 0 0 94 87 0 116 98 98 0 164 89 80 0 128 213 102 68 0 
4.191 91 113 117 139 110 96 0 0 94 87 0 116 98 98 0 164 89 80 0 128 213 102 68 0 
4.201 91 113 117 139 110 96 0 0 94 87 0 116 98 98 0 164 89 80 0 128 213 102 68 0 
4.211 91 113 117 139 110 96 0 0 94 87 0 116 98 98 0 164 89 80 0 128 213 102 68 0 
4.221 91 113 117 139 110 96 0 0 94 87 0 116 98 98 0 164 89 80 0 128 213 102 68 0 
4.231 91 113 117 139 110 96 0 0 94 87 0 116 98 98 0 164 89 80 0 128 213 102 68 0 
4.241 91 113 117 139 110 96 0 0 94 87 0 116 98 98 0 164 89 80 0 128 213 102 68 0 
4.251 91 113 117 139 110 96 0 0 94 87 0 116 98 98 0 164 89 80 0 128 213 102 68 0 
4.261 91 113 117 139 110 96 0 0 94 87 0 116 98 98 0 164 89 80 0 128 213 102 68 0 
4.271 91 113 117 139 110 100 0 0 94 87 0 116 98 98 0 164 89 80 0 128 213 102 68 0 
4.281 91 113 117 139 110 100 0 0 94 87 0 116 98 98 0 164 89 80 0 128 213 102 68 0 
4.291 91 113 117 139 110 100 0 0 94 87 0 116 98 98 0 164 89 80 0 128 213 102 68 0 
4.301 91 113 117 139 110 100 0 0 94 87 0 116 98 98 0 164 89 80 0 128 213 102 68 0 
4.311 91 113 117 139 110 100 0 0 94 87 0 116 98 98 0 164 89 80 0 128 213 102 68 0 
4.321 91 113 117 139 110 100 0 0 94 87 0 116 98 98 0 164 89 80 0 128 213 102 68 0 
4.331 91 113 117 139 110 100 0 0 94 87 0 116 98 98 0 164 89 80 0 128 213 102 68 0 
4.341 91 113 117 139 110 100 0 0 94 87 0 116 98 98 0 164 89 80 0 128 213 102 68 0 
4.351 91 113 117 139 110 100 0 0 94 87 0 116 98 98 0 164 89 80 0 128 213 102 68 0 
4.361 91 113 117 139 110 100 0 0 94 87 0 116 98 98 0 164 89 80 0 128 213 102 68 0 
4.371 91 113 117 139 110 100 0 0 94 87 0 116 98 98 0 164 89 80 0 128 213 102 68 0 
4.381 91 113 117 139 110 100 0 0 94 87 0 116 98 98 0 164 89 80 0 128 213 102 68 0 
4.391 91 113 117 139 110 100 0 0 94 87 0 116 98 98 0 164 89 80 0 128 213 102 68 0 
4.401 91 113 117 139 110 100 0 0 94 87 0 116 98 98 0 164 89 80 0 128 213 102 68 0 
4.411 91 113 117 139 106 100 0 0 94 87 0 116 98 98 0 164 89 80 0 128 213 102 68 0 
4.421 91 113 117 139 106 100 0 0 94 87 0 116 98 98 0 164 89 80 0 128 213 102 68 0 
4.431 91 113 117 139 106 100 0 0 94 87 0 116 98 98 0 164 89 80 0 128 213 102 68 0 
4.441 91 113 117 139 106 100 0 0 94 87 0 116 98 98 0 164 89 80 0 128 213 102 68 0 
4.451 91 113 117 139 106 100 0 0 94 87 0 116 98 98 0 164 89 80 0 128 213 102 68 0 
4.461 91 113 117 139 106 100 0 0 94 87 0 116 98 98 0 164 89 80 0 128 213 102 68 0 
4.471 91 113 117 139 106 100 0 0 94 87 0 116 98 98 0 164 89 80 0 128 213 102 68 0 
4.481 91 113 117 139 106 100 0 0 94 87 0 116 98 98 0 164 89 80 0 128 213 102 68 0 
4.491 91 113 117 139 106 100 0 0 94 87 0 116 98 98 0 164 89 80 0 128 213 102 68 0 
4.501 91 113 117 139 106 100 0 0 94 87 0 116 98 98 0 164 89 80 0 128 213 102 68 0 
4.511 91 113 117 139 106 100 0 0 94 87 0 116 98 98 0 164 89 80 0 128 213 102 68 0 
4.521 91 113 117 139 106 100 0 0 94 87 0 116 98 98 0 164 89 80 0 128 213 102 68 0 
4.531 91 113 117 139 106 100 0 0 94 87 0 116 98 98 0 164 89 80 0 128 213 102 68 0 
4.541 91 113 117 139 106 100 0 0 94 87 0 116 98 98 0 164 89 80 0 128 213 102 68 0 
4.551 91 113 117 139 106 100 0 0 94 87 0 116 98 98 0 164 89 80 0 128 213 102 68 0 
4.561 91 113 117 139 106 100 0 0 94 87 0 116 98 98 0 164 89 80 0 128 213 102 68 0 
4.571 91 113 117 139 106 100 0 0 94 87 0 116 98 98 0 164 89 80 0 128 213 102 68 0 
4.581 91 113 117 139 106 100 0 0 94 87 0 116 98 98 0 164 89 80 0 128 213 102 68 0 
4.592 91 113 117 139 106 100 0 0 94 87 0 116 98 98 0 164 89 80 0 128 213 102 68 0 
4.601 91 113 117 139 106 100 0 0 94 87 0 116 98 98 0 164 89 80 0 128 213 102 68 0 
4.611 91 113 117 139 106 100 0 0 94 87 0 116 98 98 0 164 89 80 0 128 213 102 68 0 
4.621 91 113 117 139 106 104 0 0 94 87 0 116 98 98 0 164 89 80 0 128 213 102 68 0 
4.631 91 113 117 139 106 104 0 0 94 87 0 116 98 98 0 164 89 80 0 128 213 102 68 0 
4.641 91 113 117 139 106 104 0 0 94 87 0 116 98 98 0 164 89 80 0 127 213 102 68 0 
4.651 91 113 117 139 106 104 0 0 94 87 0 116 98 98 0 164 89 80 0 127 213 102 68 0 
4.661 91 113 117 139 106 104 0 0 94 87 0 116 98 98 0 164 89 80 0 127 213 102 68 0 
4.671 91 113 117 139 106 104 0 0 94 87 0 116 98 98 0 164 89 80 0 127 213 102 68 0 
4.681 91 113 117 139 106 104 0 0 94 87 0 116 98 98 0 164 89 80 0 127 213 102 68 0 
4.691 91 113 117 139 106 104 0 0 94 87 0 116 98 98 0 164 89 80 0 127 213 102 68 0 
4.701 91 113 117 139 106 104 0 0 94 87 0 116 98 98 0 164 89 80 0 127 213 102 68 0 
4.711 91 113 117 139 106 104 0 0 94 87 0 116 98 98 0 164 89 80 0 127 213 102 68 0 
4.721 91 113 117 139 106 104 0 0 94 87 0 116 98 98 0 164 89 80 0 127 213 102 68 0 
4.731 91 113 117 139 106 104 0 0 94 87 0 116 98 98 0 164 89 80 0 127 213 102 68 0 
4.741 91 113 117 139 106 104 0 0 94 87 0 116 98 98 0 164 89 80 0 127 213 102 68 0 
4.751 91 113 117 139 106 104 0 0 94 87 0 116 98 98 0 164 89 80 0 127 213 102 68 0 
4.761 91 113 117 139 106 104 0 0 94 87 0 116 98 98 0 164 89 80 0 127 213 102 68 0 
4.771 91 113 117 139 106 104 0 0 94 87 0 116 98 98 0 164 89 80 0 127 213 102 68 0 
4.781 91 113 117 139 106 104 0 0 94 87 0 116 98 98 0 164 89 80 0 127 213 102 68 0 
4.791 91 113 117 139 106 104 0 0 94 87 0 116 98 98 0 164 89 80 0 127 213 102 68 0 
4.801 91 113 117 139 106 104 0 0 94 87 0 116 98 98 0 164 89 80 0 127 213 102 68 0 
4.811 91 113 117 139 106 104 0 0 94 87 0 116 98 98 0 164 89 80 0 127 213 102 68 0 
4.821 91 113 117 139 106 104 0 0 94 87 0 116 98 98 0 164 89 80 0 127 213 102 68 0 
4.831 91 113 117 139 106 104 0 0 94 87 0 116 98 98 0 164 89 80 0 127 213 102 68 0 
4.841 91 113 117 139 106 104 0 0 94 87 0 116 98 98 0 164 89 80 0 127 213 102 68 0 
4.851 91 113 117 139 106 104 0 0 94 87 0 116 98 98 0 164 89 80 0 127 213 102 68 0 
4.861 91 113 117 139 106 104 0 0 94 87 0 116 98 98 0 164 89 80 0 127 213 102 72 0 
4.871 91 113 117 139 106 104 0 0 94 87 0 116 98 98 0 164 89 80 0 127 213 102 72 0 
4.881 91 113 117 139 106 104 0 0 94 87 0 116 98 98 0 164 89 80 0 127 213 102 72 0 
4.891 91 113 117 139 106 104 0 0 94 87 0 116 98 98 0 164 89 80 0 127 213 102 72 0 
4.901 91 113 117 139 106 104 0 0 94 87 0 116 98 98 0 164 89 80 0 127 213 102 72 0 
4.911 91 113 117 139 106 104 0 0 94 87 0 116 98 98 0 164 89 80 0 127 213 102 72 0 
4.921 91 113 117 139 106 104 0 0 94 87 0 116 98 98 0 164 89 80 0 127 213 102 72 0 
4.931 91 113 117 139 106 104 0 0 94 87 0 116 98 98 0 164 89 80 0 127 217 102 72 0 
4.941 91 113 117 139 106 104 0 0 94 87 0 116 98 98 0 164 89 80 0 127 217 102 72 0 
4.951 91 113 117 139 106 104 0 0 94 87 0 116 98 98 0 164 89 80 0 127 217 102 72 0 
4.961 91 113 117 139 106 104 0 0 94 87 0 116 98 98 0 164 89 80 0 127 217 102 72 0 
4.971 91 113 117 139 106 104 0 0 94 87 0 116 98 98 0 164 89 80 0 127 217 102 72 0 
4.981 91 113 117 139 106 104 0 0 94 87 0 116 98 98 0 164 89 80 0 127 217 102 72 0 
4.991 91 113 117 139 106 104 0 0 94 87 0 116 98 98 0 164 89 80 0 127 217 102 72 0 
5.001 91 113 117 139 106 104 0 0 94 87 0 116 98 98 0 164 89 80 0 127 217 102 72 0 
5.011 91 113 117 139 106 104 0 0 94 87 0 116 98 98 0 164 89 80 0 127 217 102 72 0 
5.021 91 113 117 139 106 104 0 0 94 87 0 116 98 98 0 164 89 80 0 127 217 102 72 0 
5.031 91 113 117 139 106 104 0 0 94 87 0 116 98 98 0 164 89 80 0 127 217 102 72 0 
5.041 91 113 117 139 106 104 0 0 94 87 0 116 98 98 0 164 89 80 0 127 217 102 72 0 
5.051 91 113 117 139 106 104 0 0 94 87 0 116 98 98 0 164 89 80 0 127 217 102 72 0 
5.061 91 113 117 139 106 104 0 0 94 87 0 116 98 98 0 164 89 80 0 127 217 102 72 0 
5.071 91 113 117 139 106 104 0 0 94 87 0 116 98 98 0 164 89 80 0 127 217 102 72 0 
5.081 91 113 117 139 106 104 0 0 94 87 0 116 98 98 0 164 89 80 0 127 217 102 72 0 
5.091 91 113 117 139 106 104 0 0 94 87 0 116 98 98 0 164 89 80 0 127 217 102 72 0 
5.102 91 113 117 139 106 104 0 0 94 87 0 116 98 98 0 164 89 80 0 127 217 102 72 0 
5.111 91 113 117 139 106 104 0 0 94 87 0 116 98 98 0 164 89 80 0 127 217 102 72 0 
5.121 91 113 117 139 106 104 0 0 94 87 0 116 98 98 0 164 89 80 0 127 217 102 72 0 
5.131 91 113 117 139 106 104 0 0 94 87 0 116 98 98 0 164 89 80 0 127 217 102 72 0 
5.141 91 113 117 139 106 104 0 0 94 87 0 116 98 98 0 164 89 80 0 127 217 102 72 0 
5.151 91 113 117 139 106 104 0 0 94 87 0 116 98 98 0 164 89 80 0 127 217 102 72 0 
5.161 91 113 117 139 106 104 0 0 94 87 0 116 98 98 0 164 89 80 0 127 217 102 72 0 
5.171 91 113 117 139 106 104 0 0 94 87 0 116 98 98 0 164 89 80 0 127 217 102 72 0 
5.181 91 113 117 139 106 104 0 0 94 87 0 116 98 98 0 164 89 80 0 127 217 102 72 0 
5.191 91 113 117 139 106 104 0 0 94 87 0 116 98 98 0 164 89 80 0 127 217 102 72 0 
5.201 91 113 117 139 106 104 0 0 94 87 0 116 98 98 0 164 89 80 0 127 217 102 72 0 
5.211 91 113 117 139 106 104 0 0 94 87 0 116 98 98 0 164 89 80 0 127 217 102 72 0 
5.221 91 113 117 139 106 104 0 0 94 87 0 116 98 98 0 164 89 80 0 127 217 102 72 0 
5.231 91 113 117 139 106 104 0 0 94 87 0 116 98 98 0 164 89 80 0 127 217 102 72 0 
5.241 91 113 117 139 106 104 0 0 94 87 0 116 98 98 0 164 89 80 0 127 217 102 72 0 
5.251 91 113 117 139 106 104 0 0 94 87 0 116 98 98 0 164 89 80 0 127 217 102 72 0 
5.261 91 113 117 139 106 104 0 0 94 87 0 116 98 98 0 164 89 80 0 127 217 102 72 0 
5.271 91 113 117 139 106 104 0 0 94 87 0 116 98 98 0 164 89 80 0 127 217 102 72 0 
5.281 91 113 117 139 106 104 0 0 94 87 0 116 98 98 0 164 89 80 0 127 217 102 72 0 
5.291 91 113 117 139 106 104 0 0 94 87 0 116 98 98 0 164 89 80 0 127 217 102 72 0 
5.301 91 113 117 139 106 104 0 0 94 87 0 116 98 98 0 164 89 80 0 127 217 102 72 0 
5.311 91 113 117 139 106 104 0 0 94 87 0 116 98 98 0 164 89 80 0 127 217 102 72 0 
5.321 91 113 117 139 106 104 0 0 94 87 0 116 98 98 0 164 89 80 0 127 217 102 72 0 
5.331 91 113 117 139 106 104 0 0 94 87 0 116 98 98 0 164 89 80 0 127 217 102 72 0 
5.341 91 113 117 139 106 104 0 0 94 87 0 116 98 98 0 164 89 80 0 127 217 102 72 0 
5.351 91 113 117 139 106 104 0 0 94 87 0 116 98 98 0 164 89 80 0 127 217 102 72 0 
5.361 91 113 117 139 106 104 0 0 94 87 0 116 98 98 0 164 89 80 0 127 217 102 72 0 
5.371 91 113 117 139 106 104 0 0 94 87 0 116 98 98 0 164 89 80 0 127 217 102 72 0 
5.381 91 113 117 139 106 104 0 0 94 87 0 116 98 98 0 164 89 80 0 127 217 102 72 0 
5.391 91 113 117 139 106 104 0 0 94 87 0 116 98 98 0 164 89 80 0 127 217 102 72 0 
5.401 91 113 117 139 106 104 0 0 94 87 0 116 98 98 0 164 89 80 0 127 217 102 72 0 
5.411 91 113 117 139 106 104 0 0 94 87 0 116 98 98 0 164 89 80 0 127 217 102 72 0 
5.421 91 113 117 139 106 104 0 0 94 87 0 116 98 98 0 164 89 80 0 127 217 102 72 0 
5.431 91 113 117 139 106 104 0 0 94 87 0 116 98 98 0 164 89 80 0 127 217 102 72 0 
5.441 91 113 117 139 106 104 0 0 94 87 0 116 98 98 0 164 89 80 0 127 217 102 72 0 
5.451 91 113 117 139 106 104 0 0 94 87 0 116 98 98 0 164 89 80 0 127 217 102 72 0 
5.461 91 113 117 139 106 104 0 0 94 87 0 116 98 98 0 164 89 80 0 127 217 102 72 0 
5.471 91 113 117 139 106 104 0 0 94 87 0 116 98 98 0 164 89 80 0 127 217 102 72 0 
5.481 91 113 117 139 106 104 0 0 94 87 0 116 98 98 0 164 89 80 0 127 217 102 72 0 
5.491 91 113 117 139 106 104 0 0 94 87 0 116 98 98 0 164 89 80 0 127 217 102 72 0 
5.501 91 113 117 139 106 104 0 0 94 87 0 116 98 98 0 164 89 80 0 127 217 102 72 0 
5.511 91 113 117 139 106 104 0 0 94 87 0 116 98 98 0 164 89 80 0 127 217 102 72 0 
5.521 91 113 117 139 106 104 0 0 94 87 0 116 98 98 0 164 89 80 0 127 217 102 72 0 
5.531 91 113 117 139 106 104 0 0 94 87 0 116 98 98 0 164 89 80 0 127 217 102 72 0 
5.541 91 113 117 139 106 104 0 0 94 87 0 116 98 98 0 164 89 80 0 127 217 102 72 0 
5.551 91 113 117 139 106 104 0 0 94 87 0 116 98 98 0 164 89 80 0 127 217 102 72 0 
5.561 91 113 117 139 106 104 0 0 94 87 0 116 98 98 0 164 89 80 0 127 217 102 72 0 
5.571 91 113 117 139 106 104 0 0 94 87 0 116 98 98 0 164 89 80 0 127 217 102 72 0 
5.581 91 113 117 139 106 104 0 0 94 87 0 116 98 98 0 164 89 80 0 127 217 102 72 0 
5.591 91 113 117 139 106 104 0 0 94 87 0 116 98 98 0 164 89 80 0 127 217 102 72 0 
5.601 91 113 117 139 106 104 0 0 94 87 0 116 98 98 0 164 89 80 0 127 217 102 72 0 
5.611 91 113 117 139 106 104 0 0 94 87 0 116 98 98 0 164 89 80 0 127 217 102 72 0 
5.621 91 113 117 139 106 104 0 0 94 87 0 116 98 98 0 164 89 80 0 127 217 102 72 0 
5.631 91 113 117 139 106 104 0 0 94 87 0 116 98 98 0 164 89 80 0 127 217 102 72 0 
5.641 91 113 117 139 106 104 0 0 94 87 0 116 98 98 0 164 89 80 0 127 217 102 72 0 
5.651 91 113 117 139 106 104 0 0 94 87 0 116 98 98 0 164 89 80 0 127 217 102 72 0 
5.661 91 113 117 139 106 104 0 0 94 87 0 116 98 98 0 164 89 80 0 127 217 102 72 0 
5.671 91 113 117 139 106 104 0 0 94 87 0 116 98 98 0 164 89 80 0 127 217 102 72 0 
5.681 91 113 117 139 106 104 0 0 94 87 0 116 98 98 0 164 89 80 0 127 217 102 72 0 
5.691 91 113 117 139 106 104 0 0 94 87 0 116 98 98 0 164 89 80 0 127 217 102 72 0 
5.701 91 113 117 139 106 104 0 0 94 87 0 116 98 98 0 164 89 80 0 127 217 102 72 0 
5.711 91 113 117 139 106 104 0 0 94 87 0 116 98 98 0 164 89 80 0 127 217 102 72 0 
5.721 91 113 117 139 106 104 0 0 94 87 0 116 98 98 0 164 89 80 0 127 217 102 72 0 
5.731 91 113 117 139 106 104 0 0 94 87 0 116 98 98 0 164 89 80 0 127 217 102 72 0 
5.741 91 113 117 139 106 104 0 0 94 87 0 116 98 98 0 164 89 80 0 127 217 102 72 0 
5.751 91 113 117 139 106 104 0 0 94 87 0 116 98 98 0 164 89 80 0 127 217 102 72 0 
5.761 91 113 117 139 106 104 0 0 94 87 0 116 98 98 0 164 89 80 0 127 217 102 72 0 
5.771 91 113 117 139 106 104 0 0 94 87 0 116 98 98 0 164 89 80 0 127 217 102 72 0 
5.781 91 113 117 139 106 104 0 0 94 87 0 116 98 98 0 164 89 80 0 127 217 102 72 0 
5.791 91 113 117 139 106 104 0 0 94 87 0 116 98 98 0 164 89 80 0 127 217 102 72 0 
5.801 91 113 117 139 106 104 0 0 94 87 0 116 98 98 0 164 89 80 0 127 217 102 72 0 
5.811 91 113 117 139 106 104 0 0 94 87 0 116 98 98 0 164 89 80 0 127 217 102 72 0 
5.821 91 113 117 139 106 104 0 0 94 87 0 116 98 98 0 164 89 80 0 127 217 102 72 0 
5.831 91 113 117 139 106 104 0 0 94 87 0 116 98 98 0 164 89 80 0 127 217 102 72 0 
5.841 91 113 117 139 106 104 0 0 94 87 0 116 98 98 0 164 89 80 0 127 217 102 72 0 
5.851 91 113 117 139 106 104 0 0 94 87 0 116 98 98 0 164 89 80 0 127 217 102 72 0 
5.861 91 113 117 139 106 104 0 0 94 87 0 116 98 98 0 164 89 80 0 127 217 102 72 0 
5.872 91 113 117 139 106 104 0 0 94 87 0 116 98 98 0 164 89 80 0 127 217 102 72 0 
5.881 91 113 117 139 106 104 0 0 94 87 0 116 98 98 0 164 89 80 0 127 217 102 72 0 
5.891 91 113 117 139 106 104 0 0 94 87 0 116 98 98 0 164 89 80 0 127 217 102 72 0 
5.901 91 113 117 139 106 104 0 0 94 87 0 116 98 98 0 164 89 80 0 127 217 102 72 0 
5.911 91 113 117 139 106 104 0 0 94 87 0 116 98 98 0 164 89 80 0 127 217 102 72 0 
5.921 91 113 117 139 106 104 0 0 94 87 0 116 98 98 0 164 89 80 0 127 217 102 72 0 
5.931 91 113 117 139 106 104 0 0 94 87 0 116 98 98 0 164 89 80 0 127 221 102 72 0 
5.941 91 113 117 139 106 104 0 0 94 87 0 116 98 98 0 164 89 80 0 127 221 102 72 0 
5.951 91 113 117 139 106 104 0 0 94 87 0 116 98 98 0 164 89 80 0 127 221 102 72 0 
5.961 91 113 117 139 106 104 0 0 94 87 0 116 98 98 0 164 89 80 0 127 221 102 72 0 
5.971 91 113 117 139 106 104 0 0 94 87 0 116 98 98 0 164 89 80 0 127 221 102 72 0 
5.981 91 113 117 139 106 104 0 0 94 87 0 116 98 98 0 164 89 80 0 127 221 102 72 0 
5.991 91 113 117 139 106 104 0 0 94 87 0 116 98 98 0 164 89 80 0 127 221 102 72 0 
6.001 91 113 117 139 106 104 0 0 94 87 0 116 98 98 0 164 89 80 0 127 221 102 72 0 
6.011 91 113 117 139 106 104 0 0 94 87 0 116 98 98 0 164 89 80 0 127 221 102 72 0 
6.021 91 113 117 139 106 104 0 0 94 87 0 116 98 98 0 164 89 80 0 127 221 102 72 0 
6.031 91 113 117 139 106 104 0 0 94 87 0 116 98 98 0 164 89 80 0 127 221 102 72 0 
6.041 91 113 117 139 106 104 0 0 94 87 0 116 98 98 0 164 89 80 0 127 221 102 72 0 
6.051 91 113 117 139 106 104 0 0 94 87 0 116 98 98 0 164 89 80 0 127 221 102 72 0 
6.061 91 113 117 139 106 104 0 0 94 87 0 116 98 98 0 164 89 80 0 127 221 102 72 0 
6.071 91 113 117 139 106 104 0 0 94 87 0 116 98 98 0 164 89 80 0 127 221 102 72 0 
6.081 91 113 117 139 106 104 0 0 94 87 0 116 98 98 0 164 89 80 0 127 221 102 72 0 
6.091 91 113 117 139 106 104 0 0 94 87 0 116 98 98 0 164 89 80 0 127 221 102 72 0 
6.101 91 113 117 139 106 104 0 0 94 87 0 116 98 98 0 164 89 80 0 127 221 102 72 0 
6.111 91 113 117 139 106 104 0 0 94 87 0 116 98 98 0 164 89 80 0 127 221 102 72 0 
6.121 91 113 117 139 106 104 0 0 94 87 0 116 98 98 0 164 89 80 0 127 221 102 72 0 
6.131 91 113 117 139 106 104 0 0 94 87 0 116 98 98 0 164 89 80 0 127 221 102 72 0 
6.141 91 113 117 139 106 104 0 0 94 87 0 116 98 98 0 164 89 80 0 127 221 102 72 0 
6.151 91 113 117 139 106 104 0 0 94 87 0 116 98 98 0 164 89 80 0 127 221 102 72 0 
6.161 91 113 117 139 106 104 0 0 94 87 0 116 98 98 0 164 89 80 0 127 221 102 72 0 
6.171 91 113 117 139 106 104 0 0 94 87 0 116 98 98 0 164 89 80 0 127 221 102 72 0 
6.181 91 113 117 139 106 104 0 0 94 87 0 116 98 98 0 164 89 80 0 127 221 102 72 0 
6.191 91 113 117 139 106 104 0 0 94 87 0 116 98 98 0 164 89 80 0 127 221 102 72 0 
6.201 91 113 117 139 106 104 0 0 94 87 0 116 98 98 0 164 89 80 0 127 221 102 72 0 
6.211 91 113 117 139 106 104 0 0 94 87 0 116 98 98 0 164 89 80 0 127 221 102 72 0 
6.221 91 113 117 139 106 104 0 0 94 87 0 116 98 98 0 164 89 80 0 127 221 102 72 0 
6.231 91 113 117 139 106 104 0 0 94 87 0 116 98 98 0 164 89 80 0 127 221 102 72 0 
6.241 91 113 117 139 106 104 0 0 94 87 0 116 98 98 0 164 89 80 0 127 221 102 72 0 
6.251 91 113 117 139 106 104 0 0 94 87 0 116 98 98 0 164 89 80 0 127 221 102 72 0 
6.261 91 113 117 139 106 104 0 0 94 87 0 116 98 98 0 164 89 80 0 127 221 102 72 0 
6.271 91 113 117 139 106 104 0 0 94 87 0 116 98 98 0 164 89 80 0 127 221 102 72 0 
6.281 91 113 117 139 106 104 0 0 94 87 0 116 98 98 0 164 89 80 0 127 221 102 72 0 
6.291 91 113 117 139 106 104 0 0 94 87 0 116 98 98 0 164 89 80 0 127 221 102 72 0 
6.301 91 113 117 139 106 104 0 0 94 87 0 116 98 98 0 164 89 80 0 127 221 102 72 0 
6.311 91 113 117 139 106 104 0 0 94 87 0 116 98 98 0 164 89 80 0 127 221 102 72 0 
6.321 91 113 117 139 106 104 0 0 94 87 0 116 98 98 0 164 89 80 0 127 221 102 72 0 
6.331 91 113 117 139 106 104 0 0 94 87 0 116 98 98 0 164 89 80 0 127 221 102 72 0 
6.341 91 113 117 139 106 104 0 0 94 87 0 116 98 98 0 164 89 80 0 127 221 102 72 0 
6.351 91 113 117 139 106 104 0 0 94 87 0 116 98 98 0 164 89 80 0 127 221 102 72 0 
6.361 91 113 117 139 106 104 0 0 94 87 0 116 98 98 0 164 89 80 0 127 221 102 72 0 
6.371 91 113 117 139 106 104 0 0 94 87 0 116 98 98 0 164 89 80 0 127 221 102 72 0 
6.381 91 113 117 139 106 104 0 0 94 87 0 116 98 98 0 164 89 80 0 127 221 102 72 0 
6.391 91 113 117 139 106 104 0 0 94 87 0 116 98 98 0 164 89 80 0 127 221 102 72 0 
6.401 91 113 117 139 106 104 0 0 94 87 0 116 98 98 0 164 89 80 0 127 221 102 72 0 
6.411 91 113 117 139 106 104 0 0 94 87 0 116 98 98 0 164 89 80 0 127 221 102 72 0 
6.421 91 113 117 139 106 104 0 0 94 87 0 116 98 98 0 164 89 80 0 127 221 102 72 0 
6.431 91 113 117 139 106 104 0 0 94 87 0 116 98 98 0 164 89 80 0 127 221 102 72 0 
6.441 91 113 117 139 106 104 0 0 94 87 0 116 98 98 0 164 89 80 0 127 221 102 72 0 
6.451 91 113 117 139 106 104 0 0 94 87 0 116 98 98 0 164 89 80 0 127 221 102 72 0 
6.461 91 113 117 139 106 104 0 0 94 87 0 116 98 98 0 164 89 80 0 127 221 102 72 0 
6.471 91 113 117 139 106 104 0 0 94 87 0 116 98 98 0 164 89 80 0 127 221 102 72 0 
6.481 91 113 117 139 106 104 0 0 94 87 0 116 98 98 0 164 89 80 0 127 221 102 72 0 
6.491 91 113 117 139 106 104 0 0 94 87 0 116 98 98 0 164 89 80 0 127 221 102 72 0 
6.501 91 113 117 139 106 104 0 0 94 87 0 116 98 98 0 164 89 80 0 127 221 102 72 0 
6.511 91 113 117 139 106 104 0 0 94 87 0 116 98 98 0 164 89 80 0 127 221 102 72 0 
6.521 91 113 117 139 106 104 0 0 94 87 0 116 98 98 0 164 89 80 0 127 221 102 72 0 
6.531 91 113 117 139 106 104 0 0 94 87 0 116 98 98 0 164 89 80 0 127 221 102 72 0 
6.541 91 113 117 139 106 104 0 0 94 87 0 116 98 98 0 164 89 80 0 127 221 102 72 0 
6.551 91 113 117 139 106 104 0 0 94 87 0 116 98 98 0 164 89 80 0 127 221 102 72 0 
6.561 91 113 117 139 106 104 0 0 94 87 0 116 98 98 0 164 89 80 0 127 221 102 72 0 
6.571 91 113 117 139 106 104 0 0 94 87 0 116 98 98 0 164 89 80 0 127 221 102 72 0 
6.581 91 113 117 139 106 104 0 0 94 87 0 116 98 98 0 164 89 80 0 127 221 102 72 0 
6.591 91 113 117 139 106 104 0 0 94 87 0 116 98 98 0 164 89 80 0 127 221 102 72 0 
6.601 91 113 117 139 106 104 0 0 94 87 0 116 98 98 0 164 89 80 0 127 221 102 72 0 
6.611 91 113 117 139 106 104 0 0 94 87 0 116 98 98 0 164 89 80 0 127 221 102 72 0 
6.621 91 113 117 139 106 104 0 0 94 87 0 116 98 98 0 164 89 80 0 127 221 102 72 0 
6.631 91 113 117 139 106 104 0 0 94 87 0 116 98 98 0 164 89 80 0 127 221 102 72 0 
6.641 91 113 117 139 106 104 0 0 94 87 0 116 98 98 0 164 89 80 0 127 221 102 72 0 
6.651 91 113 117 139 106 104 0 0 94 87 0 116 98 98 0 164 89 80 0 127 221 102 72 0 
6.661 91 113 117 139 106 104 0 0 94 87 0 116 98 98 0 164 89 80 0 127 221 102 72 0 
6.671 91 113 117 139 106 104 0 0 94 87 0 116 98 98 0 164 89 80 0 127 221 102 72 0 
6.681 91 113 117 139 106 104 0 0 94 87 0 116 98 98 0 164 89 80 0 127 221 102 72 0 
6.691 91 113 117 139 106 104 0 0 94 87 0 116 98 98 0 164 89 80 0 127 221 102 72 0 
6.701 91 113 117 139 106 104 0 0 94 87 0 116 98 98 0 164 89 80 0 127 221 102 72 0 
6.711 91 113 117 139 106 104 0 0 94 87 0 116 98 98 0 164 89 80 0 127 221 102 72 0 
6.721 91 113 117 139 106 104 0 0 94 87 0 116 98 98 0 164 89 80 0 127 221 102 72 0 
6.731 91 113 117 139 106 104 0 0 94 87 0 116 98 98 0 164 89 80 0 127 221 102 72 0 
6.741 91 113 117 139 106 104 0 0 94 87 0 116 98 98 0 164 89 80 0 127 221 102 72 0 
6.751 91 113 117 139 106 104 0 0 94 87 0 116 98 98 0 164 89 80 0 127 221 102 72 0 
6.761 91 113 117 139 106 104 0 0 94 87 0 116 98 98 0 164 89 80 0 127 221 102 72 0 
6.771 91 113 117 139 106 104 0 0 94 87 0 116 98 98 0 164 89 80 0 127 221 102 72 0 
6.781 91 113 117 139 106 104 0 0 94 87 0 116 98 98 0 164 89 80 0 127 221 102 72 0 
6.791 91 113 117 139 106 104 0 0 94 87 0 116 98 98 0 164 89 80 0 127 221 102 72 0 
6.801 91 113 117 139 106 104 0 0 94 87 0 116 98 98 0 164 89 80 0 127 221 102 72 0 
6.811 91 113 117 139 106 104 0 0 94 87 0 116 98 98 0 164 89 80 0 127 221 102 76 0 
6.821 91 113 117 139 106 104 0 0 94 87 0 116 98 98 0 164 89 80 0 127 221 102 76 0 
6.831 91 113 117 139 106 104 0 0 94 87 0 116 98 98 0 164 89 80 0 127 221 102 76 0 
6.841 91 113 117 139 106 104 0 0 94 87 0 116 98 98 0 164 89 80 0 127 221 102 76 0 
6.851 91 113 117 139 106 104 0 0 94 87 0 116 98 98 0 164 89 80 0 127 221 102 76 0 
6.861 91 113 117 139 106 104 0 0 94 87 0 116 98 98 0 164 89 80 0 127 221 102 76 0 
6.871 91 113 117 139 106 104 0 0 94 87 0 116 98 98 0 164 89 80 0 127 221 102 76 0 
6.882 91 113 117 139 106 104 0 0 94 87 0 116 98 98 0 164 89 80 0 127 221 102 76 0 
6.891 91 113 117 139 106 104 0 0 94 87 0 116 98 98 0 164 89 80 0 127 221 102 76 0 
6.901 91 113 117 139 106 104 0 0 94 87 0 116 98 98 0 164 89 80 0 127 221 102 76 0 
6.911 91 113 117 139 106 104 0 0 94 87 0 116 98 98 0 164 89 80 0 127 221 102 76 0 
6.921 91 113 117 139 106 104 0 0 94 87 0 116 98 98 0 164 89 80 0 127 221 102 76 0 
6.931 91 113 117 139 106 104 0 0 94 87 0 116 98 98 0 164 89 80 0 127 221 102 76 0 
6.941 91 113 117 139 106 104 0 0 94 87 0 116 98 98 0 164 89 80 0 127 221 102 76 0 
6.951 91 113 117 139 106 104 0 0 94 87 0 116 98 98 0 164 89 80 0 127 221 102 76 0 
6.961 91 113 117 139 106 104 0 0 94 87 0 116 98 98 0 164 89 80 0 127 221 102 76 0 
6.971 91 113 117 139 106 104 0 0 94 87 0 116 98 98 0 164 89 80 0 127 221 102 76 0 
6.981 91 113 117 139 106 104 0 0 94 87 0 116 98 98 0 164 89 80 0 127 221 102 76 0 
6.991 91 113 117 139 106 104 0 0 94 87 0 116 98 98 0 164 89 80 0 127 221 102 76 0 
7.001 91 113 117 139 106 104 0 0 94 87 0 116 98 98 0 164 89 80 0 127 221 102 76 0 
7.011 91 113 117 139 106 104 0 0 94 87 0 116 98 98 0 164 89 80 0 127 221 102 76 0 
7.021 91 113 117 139 106 104 0 0 94 87 0 116 98 98 0 164 89 80 0 127 221 102 76 0 
7.031 91 113 117 139 106 104 0 0 94 87 0 116 98 98 0 164 89 80 0 127 221 102 76 0 
7.041 91 113 117 139 106 104 0 0 94 87 0 116 98 98 0 164 89 80 0 127 221 102 76 0 
7.051 91 113 117 139 106 104 0 0 94 87 0 116 98 98 0 164 89 80 0 127 221 102 76 0 
7.061 91 113 117 139 106 104 0 0 94 87 0 116 98 98 0 164 89 80 0 127 221 102 76 0 
7.071 91 113 117 139 106 104 0 0 94 87 0 116 98 98 0 164 89 80 0 127 221 102 76 0 
7.081 91 113 117 139 106 104 0 0 94 87 0 116 98 98 0 164 89 80 0 127 221 102 76 0 
7.091 91 113 117 139 106 104 0 0 94 87 0 116 98 98 0 164 89 80 0 127 221 102 76 0 
7.101 91 113 117 139 106 104 0 0 94 87 0 116 98 98 0 164 89 80 0 127 221 102 76 0 
7.111 91 113 117 139 106 104 0 0 94 87 0 116 98 98 0 164 89 80 0 127 221 102 76 0 
7.121 91 113 117 139 106 104 0 0 94 87 0 116 98 98 0 164 89 80 0 127 221 102 76 0 
7.131 91 113 117 139 106 104 0 0 94 87 0 116 98 98 0 164 89 80 0 127 221 102 76 0 
7.141 91 113 117 139 106 104 0 0 94 87 0 116 98 98 0 164 89 80 0 127 221 102 76 0 
7.151 91 113 117 139 106 104 0 0 94 87 0 116 98 98 0 164 89 80 0 127 221 102 76 0 
7.161 91 113 117 139 106 104 0 0 94 87 0 116 98 98 0 164 89 80 0 127 221 102 76 0 
7.171 91 113 117 139 106 104 0 0 94 87 0 116 98 98 0 164 89 80 0 127 221 102 76 0 
7.181 91 113 117 139 106 104 0 0 94 87 0 116 98 98 0 164 89 80 0 127 221 102 76 0 
7.191 91 113 117 139 106 104 0 0 94 87 0 116 98 98 0 164 89 80 0 127 221 102 76 0 
7.201 91 113 117 139 106 104 0 0 94 87 0 116 98 98 0 164 89 80 0 127 221 102 76 0 
7.211 91 113 117 139 106 104 0 0 94 87 0 116 98 98 0 164 89 80 0 127 221 102 76 0 
7.221 91 113 117 139 106 104 0 0 94 87 0 116 98 98 0 164 89 80 0 127 221 102 76 0 
7.231 91 113 117 139 106 104 0 0 94 87 0 116 98 98 0 164 89 80 0 127 225 102 76 0 
7.241 91 113 117 139 106 104 0 0 94 87 0 116 98 98 0 164 89 80 0 127 225 102 76 0 
7.251 91 113 117 139 106 104 0 0 94 87 0 116 98 98 0 164 89 80 0 127 225 102 76 0 
7.261 91 113 117 139 106 104 0 0 94 87 0 116 98 98 0 164 89 80 0 127 225 102 76 0 
7.271 91 113 117 139 106 104 0 0 94 87 0 116 98 98 0 164 89 80 0 127 225 102 76 0 
7.281 91 113 117 139 106 104 0 0 94 87 0 116 98 98 0 164 89 80 0 127 225 102 76 0 
7.291 91 113 117 139 106 104 0 0 94 87 0 116 98 98 0 164 89 80 0 127 225 102 76 0 
7.301 91 113 117 139 106 104 0 0 94 87 0 116 98 98 0 164 89 80 0 127 225 102 76 0 
7.311 91 113 117 139 106 104 0 0 94 87 0 116 98 98 0 164 89 80 0 127 225 102 76 0 
7.321 91 113 117 139 106 104 0 0 94 87 0 116 98 98 0 164 89 80 0 127 225 102 76 0 
7.331 91 113 117 139 106 104 0 0 94 87 0 116 98 98 0 164 89 80 0 127 225 102 76 0 
7.341 91 113 117 139 106 104 0 0 94 87 0 116 98 98 0 164 89 80 0 127 225 102 76 0 
7.351 91 113 117 139 106 104 0 0 94 87 0 116 98 98 0 164 89 80 0 127 225 102 76 0 
7.361 91 113 117 139 106 104 0 0 94 87 0 116 98 98 0 164 89 80 0 127 225 102 76 0 
7.371 91 113 117 139 106 104 0 0 94 87 0 116 98 98 0 164 89 80 0 127 225 102 76 0 
7.381 91 113 117 139 106 104 0 0 94 87 0 116 98 98 0 164 89 80 0 127 225 102 76 0 
7.391 91 113 117 139 106 104 0 0 94 87 0 116 98 98 0 164 89 80 0 127 225 102 76 0 
7.401 91 113 117 139 106 104 0 0 94 87 0 116 98 98 0 164 89 80 0 127 225 102 76 0 
7.411 91 113 117 139 106 104 0 0 94 87 0 116 98 98 0 164 89 80 0 127 225 102 76 0 
7.421 91 113 117 139 106 104 0 0 94 87 0 116 98 98 0 164 89 80 0 127 225 102 76 0 
7.431 91 113 117 139 106 104 0 0 94 87 0 116 98 98 0 164 89 80 0 127 225 102 76 0 
7.441 91 113 117 139 106 104 0 0 94 87 0 116 98 98 0 164 89 80 0 127 225 102 76 0 
7.451 91 113 117 139 106 104 0 0 94 87 0 116 98 98 0 164 89 80 0 127 225 102 76 0 
7.461 91 113 117 139 106 104 0 0 94 87 0 116 98 98 0 164 89 80 0 127 225 102 76 0 
7.471 91 113 117 139 106 104 0 0 94 87 0 116 98 98 0 164 89 80 0 127 225 102 76 0 
7.481 91 113 117 139 106 104 0 0 94 87 0 116 98 98 0 164 89 80 0 127 225 102 76 0 
7.491 91 113 117 139 106 104 0 0 94 87 0 116 98 98 0 164 89 80 0 127 225 102 76 0 
7.501 91 113 117 139 106 104 0 0 94 87 0 116 98 98 0 164 89 80 0 127 225 102 76 0 
7.511 91 113 117 139 106 104 0 0 94 87 0 116 98 98 0 164 89 80 0 127 225 102 76 0 
7.521 91 113 117 139 106 104 0 0 94 87 0 116 98 98 0 164 89 80 0 127 225 102 76 0 
7.531 91 113 117 139 106 104 0 0 94 87 0 116 98 98 0 164 89 80 0 127 225 102 76 0 
7.541 91 113 117 139 106 104 0 0 94 87 0 116 98 98 0 164 89 80 0 127 225 102 76 0 
7.551 91 113 117 139 106 104 0 0 94 87 0 116 98 98 0 164 89 80 0 127 225 102 76 0 
7.561 91 113 117 139 106 104 0 0 94 87 0 116 98 98 0 164 89 80 0 127 225 102 76 0 
7.571 91 113 117 139 106 104 0 0 94 87 0 116 98 98 0 164 89 80 0 127 225 102 76 0 
7.581 91 113 117 139 106 104 0 0 94 87 0 116 98 98 0 164 89 80 0 127 225 102 76 0 
7.591 91 113 117 139 106 104 0 0 94 87 0 116 98 98 0 164 89 80 0 127 229 102 76 0 
7.601 91 113 117 139 106 104 0 0 94 87 0 116 98 98 0 164 89 80 0 127 229 102 76 0 
7.611 91 113 117 139 106 104 0 0 94 87 0 116 98 98 0 164 89 80 0 127 229 102 76 0 
7.621 91 113 117 139 106 104 0 0 94 87 0 116 98 98 0 164 89 80 0 127 229 102 76 0 
7.636 91 113 117 139 106 104 0 0 94 87 0 116 98 98 0 164 89 80 0 127 229 102 76 0 
7.641 91 113 117 139 106 104 0 0 94 87 0 116 98 98 0 164 89 80 0 127 229 102 76 0 
7.651 91 113 117 139 106 104 0 0 94 87 0 116 98 98 0 164 89 80 0 127 229 102 76 0 
7.661 91 113 117 139 106 104 0 0 94 87 0 116 98 98 0 164 89 80 0 127 229 102 76 0 
7.671 91 113 117 139 106 104 0 0 94 87 0 116 98 98 0 164 89 80 0 127 229 102 76 0 
7.681 91 113 117 139 106 104 0 0 94 87 0 116 98 98 0 164 89 80 0 127 229 102 76 0 
7.691 91 113 117 139 106 104 0 0 94 87 0 116 98 98 0 164 89 80 0 127 229 102 76 0 
7.701 91 113 117 139 106 104 0 0 94 87 0 116 98 98 0 164 89 80 0 127 229 102 76 0 
7.711 91 113 117 139 106 104 0 0 94 87 0 116 98 98 0 164 89 80 0 127 229 102 76 0 
7.721 91 113 117 139 106 104 0 0 94 87 0 116 98 98 0 164 89 80 0 127 229 102 76 0 
7.731 91 113 117 139 106 104 0 0 94 87 0 116 98 98 0 164 89 80 0 127 229 102 76 0 
7.741 91 113 117 139 106 104 0 0 94 87 0 116 98 98 0 164 89 80 0 127 229 102 76 0 
7.751 91 113 117 139 106 104 0 0 94 87 0 116 98 98 0 164 89 80 0 127 229 102 76 0 
7.761 91 113 117 139 106 104 0 0 94 87 0 116 98 98 0 164 89 80 0 127 229 102 76 0 
7.771 91 113 117 139 106 104 0 0 94 87 0 116 98 98 0 164 89 80 0 127 229 102 76 0 
7.781 91 113 117 139 106 104 0 0 94 87 0 116 98 98 0 164 89 80 0 127 229 102 76 0 
7.791 91 113 117 139 106 104 0 0 94 87 0 116 98 98 0 164 89 80 0 127 229 102 76 0 
7.801 91 113 117 139 106 104 0 0 94 87 0 116 98 98 0 164 89 80 0 127 229 102 76 0 
7.811 91 113 117 139 106 104 0 0 94 87 0 116 98 98 0 164 89 80 0 127 229 102 76 0 
7.821 91 113 117 139 106 104 0 0 94 87 0 116 98 98 0 164 89 80 0 127 229 102 76 0 
7.831 91 113 117 139 106 104 0 0 94 87 0 116 98 98 0 164 89 80 0 127 229 102 76 0 
7.841 91 113 117 139 106 104 0 0 94 87 0 116 98 98 0 164 89 80 0 127 229 102 76 0 
7.851 91 113 117 139 106 104 0 0 94 87 0 116 98 98 0 164 89 80 0 127 229 102 76 0 
7.861 91 113 117 139 106 104 0 0 94 87 0 116 98 98 0 164 89 80 0 127 229 102 76 0 
7.871 91 113 117 139 106 104 0 0 94 87 0 116 98 98 0 164 89 80 0 127 229 102 76 0 
7.881 91 113 117 139 106 104 0 0 94 87 0 116 98 98 0 164 89 80 0 127 229 102 76 0 
7.891 91 113 117 139 106 104 0 0 94 87 0 116 98 98 0 164 89 80 0 127 229 102 76 0 
7.901 91 113 117 139 106 104 0 0 94 87 0 116 98 98 0 164 89 80 0 127 229 102 76 0 
7.911 91 113 117 139 106 104 0 0 94 87 0 116 98 98 0 164 89 80 0 127 229 102 76 0 
7.921 91 113 117 139 106 100 0 0 94 87 0 116 98 98 0 164 89 80 0 127 235 102 76 0 
7.931 91 113 117 139 106 100 0 0 94 87 0 116 98 98 0 164 89 80 0 127 235 102 76 0 
7.941 91 113 117 139 106 100 0 0 94 87 0 116 98 98 0 164 89 80 0 127 235 102 76 0 
7.951 91 113 117 139 106 100 0 0 94 87 0 116 98 98 0 164 89 80 0 127 235 102 76 0 
7.961 91 113 117 139 106 100 0 0 94 87 0 116 98 98 0 164 89 80 0 127 235 102 76 0 
7.971 91 113 117 139 106 100 0 0 94 87 0 116 98 94 0 164 89 80 0 127 235 102 76 0 
7.981 91 113 117 139 106 100 0 0 99 82 0 116 98 94 0 164 89 80 0 127 235 102 76 0 
7.991 91 113 117 139 106 100 0 0 99 82 0 120 98 94 0 164 89 80 0 127 235 102 76 0 
8.001 91 113 117 139 110 100 0 0 99 82 0 120 98 94 0 164 89 80 0 127 235 102 76 0 
8.011 91 113 117 139 110 96 0 0 99 82 0 120 98 94 0 164 89 80 0 127 235 102 76 0 
8.021 91 113 117 139 110 96 0 0 99 82 0 120 98 94 0 164 89 80 0 127 235 102 76 0 
8.031 91 113 117 139 110 96 0 0 103 78 0 120 98 90 0 164 89 80 0 127 235 102 76 0 
8.041 91 113 117 139 110 96 0 0 103 78 0 120 98 90 0 164 89 80 0 127 240 102 76 0 
8.051 91 113 117 139 110 96 0 0 103 78 0 124 98 90 0 164 89 80 0 127 240 102 76 0 
8.061 91 113 117 139 114 96 0 0 103 78 0 124 98 90 0 164 89 80 0 127 240 102 76 0 
8.071 91 113 117 139 114 96 0 0 103 78 0 124 98 90 0 164 89 80 0 127 240 102 76 0 
8.081 91 113 117 139 114 96 0 0 103 74 0 124 98 90 0 164 89 80 0 127 240 102 76 0 
8.091 91 113 117 139 114 96 0 0 103 74 0 124 98 90 0 164 89 80 0 127 240 102 76 0 
8.101 91 113 117 139 114 96 0 0 103 74 0 124 98 90 0 164 89 76 0 127 240 102 76 0 
8.111 91 113 117 139 114 96 0 0 103 74 0 124 98 90 0 164 89 76 0 127 244 102 76 0 
8.121 91 113 117 139 114 96 0 0 103 74 0 124 98 90 0 164 89 76 0 127 244 97 76 0 
8.131 91 113 117 139 114 96 0 0 103 74 0 124 98 90 0 164 89 76 0 127 244 97 76 0 
8.141 91 113 117 139 114 96 0 0 103 74 0 124 98 90 0 164 89 76 0 127 244 97 76 0 
8.151 91 113 117 139 114 96 0 0 103 74 0 124 98 86 0 164 89 76 0 127 244 97 76 0 
8.161 91 113 117 139 114 96 0 0 103 74 0 124 98 86 0 164 89 76 0 127 244 97 76 0 
8.171 91 113 117 139 114 96 0 0 103 74 0 124 98 86 0 164 89 76 0 127 244 97 76 0 
8.181 91 113 117 139 114 96 0 0 103 74 0 124 98 86 0 164 89 76 0 127 244 97 76 0 
8.191 95 113 117 139 114 96 0 0 107 74 0 124 98 86 0 164 89 76 0 127 244 97 76 0 
8.201 95 113 117 139 114 96 0 0 107 74 0 124 98 86 0 164 89 76 0 127 244 97 76 0 
8.211 95 113 117 139 114 96 0 0 107 74 0 124 98 86 0 164 89 76 0 127 244 97 76 0 
8.221 95 113 117 139 118 96 0 0 107 74 0 124 98 86 0 164 89 76 0 127 244 97 76 0 
8.231 95 113 117 139 118 96 0 0 107 74 0 124 98 86 0 164 89 76 0 123 244 93 76 0 
8.241 95 113 117 139 118 96 0 0 107 74 0 124 98 86 0 164 89 76 0 123 244 93 72 0 
8.251 95 113 117 139 118 96 0 0 107 74 0 124 98 86 0 164 89 76 0 123 244 93 72 0 
8.261 99 113 117 139 118 96 0 0 107 74 0 124 98 86 0 164 89 76 0 123 244 93 72 0 
8.271 99 113 117 139 118 96 0 0 107 74 0 124 98 86 0 164 89 76 0 123 239 93 72 0 
8.281 99 113 117 139 118 96 0 0 107 74 0 124 98 86 0 164 89 81 0 123 239 93 72 0 
8.291 99 113 117 139 118 96 0 0 107 74 0 124 98 86 0 164 89 81 0 123 239 93 72 0 
8.301 99 113 117 139 118 96 0 0 107 74 0 124 98 86 0 164 89 81 0 123 239 89 72 0 
8.311 99 113 117 139 118 96 0 0 107 74 0 124 98 86 0 164 89 81 0 123 239 89 72 0 
8.321 103 113 117 139 118 96 0 0 107 74 0 124 98 86 0 164 89 81 0 123 239 89 72 0 
8.331 103 113 117 139 118 96 0 0 107 79 0 124 98 86 0 164 89 81 0 123 239 89 72 0 
8.341 103 113 117 139 118 96 0 0 107 79 0 124 98 91 0 164 89 85 0 119 239 89 72 0 
8.351 103 113 117 139 118 96 0 0 107 79 0 124 98 91 0 164 89 85 0 119 239 89 72 0 
8.361 103 113 117 139 118 96 0 0 107 79 0 124 98 91 0 164 89 85 0 119 239 89 68 0 
8.371 103 113 117 139 118 96 0 0 107 79 0 124 98 91 0 164 89 85 0 119 239 89 68 0 
8.381 103 113 117 139 118 96 0 0 107 83 0 124 98 91 0 164 89 85 0 119 239 89 68 0 
8.391 103 113 117 139 118 96 0 0 107 83 0 124 98 95 0 164 89 89 0 119 239 89 68 0 
8.401 103 113 117 139 122 96 0 0 107 83 0 124 98 95 0 164 89 89 0 119 239 89 68 0 
8.411 103 113 117 139 122 96 0 0 107 83 0 124 98 95 0 164 89 89 0 119 239 89 68 0 
8.421 103 113 117 139 122 96 0 0 107 87 0 124 98 95 0 164 89 89 0 119 239 89 68 0 
8.431 103 113 117 139 122 96 0 0 107 87 0 124 98 99 0 164 89 93 0 119 239 89 68 0 
8.441 103 113 117 139 122 96 0 0 107 87 0 124 98 99 0 164 89 93 0 119 239 89 68 0 
8.451 103 113 117 139 122 96 0 0 107 87 0 124 98 99 0 164 89 93 0 119 239 89 68 0 
8.461 103 113 117 139 122 96 0 0 107 91 0 124 98 104 0 159 89 98 0 119 239 89 68 0 
8.471 103 113 117 139 122 96 0 0 107 91 0 124 98 104 0 159 93 98 0 119 239 89 64 0 
8.481 103 113 117 139 122 96 0 0 107 91 0 124 98 104 0 159 93 98 0 119 239 89 64 0 
8.491 103 113 117 139 122 96 0 0 107 95 0 124 98 109 0 159 93 102 0 119 239 85 64 0 
8.501 103 113 117 139 122 101 0 0 107 95 0 124 98 109 0 159 93 102 0 119 239 85 64 0 
8.511 103 113 117 139 122 101 0 0 107 95 0 124 98 114 0 159 93 106 0 119 239 85 64 0 
8.521 103 113 117 139 122 101 0 0 107 99 0 124 98 114 0 159 93 106 0 119 239 85 64 0 
8.531 103 113 117 139 122 101 0 0 107 99 0 124 98 114 0 159 97 106 0 119 239 85 64 0 
8.541 103 113 117 139 122 101 0 0 107 99 0 124 102 118 0 159 97 110 0 119 239 85 64 0 
8.551 103 113 117 139 122 101 0 0 112 99 0 124 102 118 0 159 97 110 0 119 239 85 64 0 
8.561 107 113 117 139 126 101 0 0 112 103 0 124 102 118 0 159 101 110 0 119 239 85 64 0 
8.571 107 113 117 139 126 105 0 0 112 103 0 124 106 122 0 159 101 110 0 119 239 85 64 0 
8.581 107 113 117 139 128 105 0 0 116 103 0 124 106 122 0 159 101 114 0 119 239 85 64 0 
8.591 107 117 117 139 128 105 0 0 116 103 0 124 106 122 0 159 105 114 0 119 239 85 64 0 
8.601 111 117 117 139 128 105 0 0 116 103 0 124 110 122 0 159 105 114 0 119 239 85 64 0 
8.611 111 117 117 139 128 105 0 0 116 103 0 124 110 122 0 159 105 114 0 119 234 85 64 0 
8.621 111 117 117 139 132 105 0 0 120 103 0 124 110 126 0 159 105 118 0 119 234 85 60 0 
8.631 111 117 117 139 132 105 0 0 120 103 0 124 114 126 0 159 109 118 0 119 234 85 60 0 
8.641 111 117 117 139 132 105 0 0 120 103 0 124 114 126 0 159 109 118 0 123 234 85 60 0 
8.651 111 117 117 139 132 105 0 0 120 107 0 124 114 126 0 159 109 118 0 123 230 89 60 0 
8.661 111 117 117 139 132 105 0 0 120 107 0 124 114 128 0 159 113 122 0 123 230 89 60 0 
8.671 115 117 117 139 132 105 0 0 124 107 0 124 114 128 0 159 113 122 0 123 230 89 60 0 
8.681 115 117 117 139 132 105 0 0 124 107 0 128 118 128 0 159 113 122 0 123 230 89 60 0 
8.691 115 117 117 139 132 105 0 0 124 107 0 128 118 128 0 159 113 122 0 123 230 89 60 0 
8.701 115 117 117 139 132 105 0 0 124 107 0 128 118 128 0 159 117 122 0 123 226 93 60 0 
8.711 115 117 117 139 132 105 0 0 124 107 0 128 118 128 0 159 117 122 0 123 226 93 60 0 
8.721 115 117 117 139 132 105 0 0 124 107 0 128 118 128 0 159 117 122 0 123 226 93 60 0 
8.731 115 117 117 139 132 105 0 0 124 107 0 128 118 128 0 159 117 122 0 123 226 93 56 0 
8.741 115 117 117 139 136 105 0 0 124 107 0 128 118 128 0 159 117 122 0 123 226 97 56 0 
8.751 115 117 117 139 136 105 0 0 124 107 0 128 118 128 0 159 117 122 0 123 226 97 56 0 
8.761 115 117 117 139 136 105 0 0 124 107 0 128 118 128 0 159 117 122 0 123 226 97 56 0 
8.771 120 117 117 139 136 105 0 0 124 107 0 128 118 128 0 159 117 122 0 123 226 101 56 0 
8.782 120 117 117 139 136 105 0 0 124 107 0 128 118 128 0 159 117 122 0 123 226 105 56 0 
8.791 120 117 117 139 136 105 0 0 124 107 0 128 118 128 0 159 117 122 0 123 226 105 56 0 
8.801 120 117 117 139 136 105 0 0 124 107 0 128 118 126 0 159 117 122 0 123 226 105 56 0 
8.811 120 117 117 139 136 105 0 0 124 107 0 128 118 126 0 159 117 122 0 123 226 105 56 0 
8.821 120 117 117 139 136 105 0 0 124 107 0 128 118 126 0 159 117 122 0 123 226 105 56 0 
8.831 120 117 117 139 136 105 0 0 124 107 0 128 118 126 0 159 117 122 0 123 226 105 56 0 
8.841 120 117 117 139 136 105 0 0 124 107 0 128 118 126 0 159 117 122 0 123 226 105 56 0 
8.851 120 117 117 139 136 105 0 0 124 107 0 128 118 126 0 159 117 122 0 123 226 105 56 0 
8.861 124 117 117 139 131 105 0 0 120 107 0 128 114 122 0 159 113 116 0 123 226 114 56 0 
8.871 124 117 117 139 131 105 0 0 120 103 0 128 114 122 0 159 113 116 0 123 226 118 60 0 
8.881 124 117 117 139 127 105 0 0 120 103 0 127 110 118 0 159 109 112 0 123 226 118 65 0 
8.891 124 113 117 139 127 105 0 0 116 103 0 127 110 118 0 159 109 112 0 123 226 118 65 0 
8.901 124 113 117 139 127 101 0 0 116 103 0 127 110 118 0 159 109 112 0 123 226 122 65 0 
8.911 124 113 117 139 127 101 0 0 116 99 0 128 110 118 0 159 109 108 0 123 226 122 65 0 
8.921 124 113 117 139 127 101 0 0 116 99 0 128 110 118 0 159 109 108 0 123 226 122 65 0 
8.931 124 113 117 139 127 101 0 0 116 99 0 128 110 118 0 159 109 108 0 123 226 122 65 0 
8.941 124 113 117 139 127 101 0 0 116 99 0 128 110 118 0 159 109 108 0 123 226 122 65 0 
8.951 124 113 117 139 127 101 0 0 116 99 0 128 110 118 0 159 109 108 0 123 226 122 65 0 
8.961 124 113 117 139 127 101 0 0 116 99 0 128 110 114 0 159 109 108 0 123 231 122 65 0 
8.971 124 113 117 139 122 101 0 0 116 99 0 128 110 114 0 159 109 104 0 123 231 122 65 0 
8.981 124 113 117 139 122 101 0 0 116 99 0 128 110 114 0 159 109 104 0 123 231 122 70 0 
8.991 124 113 117 139 122 101 0 0 116 99 0 128 110 114 0 159 109 104 0 123 231 126 70 0 
9.001 124 113 117 139 122 101 0 0 116 99 0 128 110 114 0 159 104 104 0 123 231 126 70 0 
9.011 124 113 117 139 122 101 0 0 112 99 0 128 110 114 0 159 104 104 0 123 231 126 70 0 
9.021 124 113 117 139 122 101 0 0 112 95 0 128 106 114 0 159 104 104 0 123 231 126 70 0 
9.031 124 109 117 139 118 101 0 0 112 95 0 128 106 110 0 159 104 100 0 123 231 128 74 0 
9.041 124 109 117 139 118 101 0 0 112 95 0 128 106 110 0 159 104 100 0 123 231 128 74 0 
9.051 124 109 117 139 118 101 0 0 112 95 0 128 106 110 0 159 104 100 0 123 231 128 74 0 
9.061 124 109 117 139 118 101 0 0 112 95 0 128 106 110 0 159 104 100 0 123 231 128 74 0 
9.071 124 109 117 139 118 101 0 0 112 95 0 128 106 110 0 159 104 100 0 123 231 128 74 0 
9.081 124 109 117 139 118 101 0 0 112 95 0 128 106 110 0 159 104 100 0 123 231 128 74 0 
9.091 124 109 117 139 118 101 0 0 112 95 0 128 106 110 0 159 104 100 0 123 231 128 74 0 
9.101 120 109 117 139 118 101 0 0 112 95 0 128 106 110 0 159 104 100 0 123 231 128 74 0 
9.111 120 109 117 139 118 101 0 0 112 95 0 128 106 110 0 159 104 100 0 123 231 128 74 0 
9.121 120 109 117 139 118 101 0 0 112 95 0 128 106 110 0 159 104 100 0 123 231 128 74 0 
9.131 120 109 117 139 118 101 0 0 112 95 0 128 106 110 0 159 104 100 0 123 231 128 74 0 
9.141 120 109 117 139 118 101 0 0 112 95 0 128 106 110 0 159 104 100 0 123 231 128 78 0 
9.151 120 109 117 139 118 101 0 0 112 95 0 128 106 110 0 159 104 100 0 123 231 128 78 0 
9.161 120 109 117 139 118 101 0 0 112 95 0 128 106 110 0 159 104 100 0 123 231 128 78 0 
9.171 120 109 117 139 118 101 0 0 112 95 0 128 106 110 0 159 104 100 0 123 231 128 78 0 
9.181 120 109 117 139 118 101 0 0 112 95 0 128 106 110 0 159 104 100 0 123 231 128 78 0 
9.191 120 109 117 139 118 101 0 0 112 95 0 128 106 110 0 159 104 100 0 123 231 128 78 0 
9.201 120 109 117 139 118 101 0 0 112 95 0 128 106 110 0 159 104 100 0 123 231 128 78 0 
9.211 120 109 117 139 118 101 0 0 112 95 0 128 106 110 0 159 104 100 0 123 231 128 78 0 
9.221 120 109 117 139 118 101 0 0 112 95 0 128 106 110 0 159 104 100 0 123 231 128 78 0 
9.231 120 109 117 139 118 101 0 0 112 95 0 128 106 110 0 159 104 100 0 123 231 128 78 0 
9.241 120 109 117 139 118 101 0 0 112 91 0 128 106 110 0 159 104 100 0 123 231 128 78 0 
9.251 120 109 117 139 118 101 0 0 112 91 0 128 106 110 0 159 104 100 0 123 231 128 78 0 
9.261 120 109 117 139 118 101 0 0 112 91 0 128 106 110 0 159 104 100 0 123 227 128 78 0 
9.271 120 109 117 139 118 101 0 0 112 91 0 128 106 110 0 159 104 100 0 123 227 128 78 0 
9.281 120 109 117 139 118 101 0 0 112 91 0 128 106 110 0 159 104 100 0 123 227 128 78 0 
9.291 120 109 117 139 118 101 0 0 112 91 0 128 106 110 0 159 104 100 0 123 227 128 78 0 
9.301 120 109 117 139 118 101 0 0 112 91 0 128 106 110 0 159 104 100 0 123 227 128 78 0 
9.311 120 109 117 139 118 101 0 0 112 91 0 128 106 110 0 159 104 100 0 123 227 128 78 0 
9.321 120 109 117 139 118 101 0 0 112 91 0 128 106 110 0 159 104 100 0 123 227 128 78 0 
9.331 120 109 117 139 118 101 0 0 112 91 0 128 106 110 0 159 104 100 0 123 227 128 78 0 
9.341 120 109 117 139 118 101 0 0 112 91 0 128 106 110 0 159 104 100 0 123 227 128 78 0 
9.351 120 109 117 139 118 101 0 0 112 91 0 128 106 106 0 159 104 96 0 123 227 128 78 0 
9.361 120 109 117 139 118 101 0 0 112 91 0 128 106 106 0 159 104 96 0 123 227 128 78 0 
9.371 120 109 117 139 118 101 0 0 112 91 0 128 106 106 0 159 104 96 0 123 227 128 78 0 
9.381 120 109 117 139 118 101 0 0 112 91 0 128 106 106 0 159 104 96 0 123 227 128 78 0 
9.391 120 109 117 139 118 101 0 0 112 91 0 128 106 106 0 159 104 96 0 123 227 128 78 0 
9.401 120 109 117 139 118 101 0 0 112 91 0 128 106 106 0 159 104 96 0 123 227 128 78 0 
9.411 120 109 117 139 118 101 0 0 112 91 0 128 106 106 0 159 104 96 0 123 227 128 78 0 
9.421 120 109 117 139 118 101 0 0 112 91 0 128 106 106 0 159 104 96 0 123 227 128 78 0 
9.431 120 109 117 139 118 101 0 0 112 91 0 128 106 106 0 159 104 96 0 123 227 128 78 0 
9.441 120 109 117 139 118 101 0 0 112 91 0 128 106 106 0 159 104 96 0 123 227 128 78 0 
9.451 120 109 117 139 118 101 0 0 112 91 0 128 106 106 0 159 104 96 0 123 227 128 78 0 
9.461 120 109 117 139 118 101 0 0 112 91 0 128 106 106 0 159 104 96 0 123 227 128 78 0 
9.471 120 109 117 139 118 101 0 0 112 91 0 128 106 106 0 159 104 96 0 123 227 128 78 0 
9.481 120 109 117 139 118 101 0 0 112 91 0 128 106 106 0 159 104 96 0 123 227 128 78 0 
9.491 120 109 117 139 118 101 0 0 112 91 0 128 106 106 0 159 104 96 0 123 227 128 78 0 
9.501 120 109 117 139 118 101 0 0 112 91 0 128 106 106 0 159 104 96 0 123 227 128 78 0 
9.511 120 109 117 139 118 101 0 0 112 91 0 128 106 106 0 159 104 96 0 123 227 128 78 0 
9.521 120 109 117 139 118 101 0 0 112 91 0 128 106 106 0 159 104 96 0 123 227 128 78 0 
9.531 120 109 117 139 118 101 0 0 112 91 0 128 106 106 0 159 104 96 0 123 227 128 78 0 
9.541 120 109 117 139 118 101 0 0 112 91 0 128 106 106 0 159 104 96 0 123 227 128 78 0 
9.551 120 109 117 139 118 101 0 0 112 91 0 128 106 106 0 159 104 96 0 123 227 128 78 0 
9.561 120 109 117 139 118 101 0 0 112 91 0 128 106 106 0 159 104 96 0 123 227 128 78 0 
9.571 120 109 117 139 118 101 0 0 112 91 0 128 106 106 0 159 104 96 0 123 227 128 78 0 
9.581 120 109 117 139 118 101 0 0 112 91 0 128 106 106 0 159 104 96 0 123 227 128 78 0 
9.591 120 109 117 139 118 101 0 0 112 91 0 128 106 106 0 159 104 96 0 123 227 128 78 0 
9.601 120 109 117 139 118 101 0 0 112 91 0 128 106 106 0 159 104 96 0 123 227 128 78 0 
9.611 120 109 117 139 118 101 0 0 112 91 0 128 106 106 0 159 104 96 0 123 227 128 78 0 
9.621 120 109 117 139 118 101 0 0 112 91 0 128 106 106 0 159 104 96 0 123 227 128 78 0 
9.631 120 109 117 139 118 101 0 0 112 91 0 128 106 106 0 159 104 96 0 123 227 128 78 0 
9.641 120 109 117 139 118 101 0 0 112 91 0 128 106 106 0 159 104 96 0 123 227 128 78 0 
9.651 120 109 117 139 118 101 0 0 112 91 0 128 106 106 0 159 104 96 0 123 227 128 78 0 
9.661 120 109 117 139 118 101 0 0 112 91 0 128 106 106 0 159 104 96 0 123 227 128 78 0 
9.671 120 109 117 139 118 101 0 0 112 91 0 128 106 106 0 159 104 96 0 123 227 128 78 0 
9.681 120 109 117 139 118 101 0 0 112 91 0 128 106 106 0 159 104 96 0 123 227 128 78 0 
9.691 120 109 117 139 118 101 0 0 112 91 0 128 106 106 0 159 104 96 0 123 227 128 78 0 
9.701 120 109 117 139 118 101 0 0 112 91 0 128 106 106 0 159 104 96 0 123 227 128 78 0 
9.711 120 109 117 139 118 101 0 0 112 91 0 128 106 106 0 159 104 96 0 123 227 128 78 0 
9.721 120 109 117 139 118 101 0 0 112 91 0 128 106 106 0 159 104 96 0 123 227 128 78 0 
9.731 120 109 117 139 118 101 0 0 112 91 0 128 106 106 0 159 104 96 0 123 227 128 78 0 
9.741 120 109 117 139 118 101 0 0 112 91 0 128 106 106 0 159 104 96 0 123 227 128 78 0 
9.751 120 109 117 139 118 101 0 0 112 91 0 128 106 106 0 159 104 96 0 123 227 128 78 0 
9.761 120 109 117 139 118 101 0 0 112 91 0 128 106 106 0 159 104 96 0 123 227 128 78 0 
9.771 120 109 117 139 118 101 0 0 112 91 0 128 106 106 0 159 104 96 0 123 227 128 78 0 
9.781 120 109 117 139 118 101 0 0 112 91 0 128 106 106 0 159 104 96 0 123 227 128 78 0 
9.791 120 109 117 139 118 101 0 0 112 91 0 128 106 106 0 159 104 96 0 123 227 128 78 0 
9.801 120 109 117 139 118 101 0 0 112 91 0 128 106 106 0 159 104 96 0 123 227 128 78 0 
9.811 120 109 117 139 118 101 0 0 112 91 0 128 106 106 0 159 104 96 0 123 227 128 78 0 
9.821 120 109 117 139 118 101 0 0 112 91 0 128 106 106 0 159 104 96 0 123 227 128 78 0 
9.831 120 109 117 139 118 101 0 0 112 91 0 128 106 106 0 159 104 96 0 123 227 128 78 0 
9.841 120 109 117 139 118 101 0 0 112 91 0 128 106 106 0 159 104 96 0 123 227 128 78 0 
9.851 120 109 117 139 118 101 0 0 112 91 0 128 106 106 0 159 104 96 0 123 227 128 78 0 
9.861 120 109 117 139 118 101 0 0 112 91 0 128 106 106 0 159 104 96 0 123 227 128 78 0 
9.871 120 109 117 139 118 101 0 0 112 91 0 128 106 106 0 159 104 96 0 123 227 128 78 0 
9.881 120 109 117 139 118 101 0 0 112 91 0 128 106 106 0 159 104 96 0 123 227 128 78 0 
9.891 120 109 117 139 118 101 0 0 112 91 0 128 106 106 0 159 104 96 0 123 227 128 78 0 
9.901 120 109 117 139 118 101 0 0 112 91 0 128 106 106 0 159 104 96 0 123 227 128 78 0 
9.911 120 109 117 139 118 101 0 0 112 91 0 128 106 106 0 159 104 96 0 123 227 128 78 0 
9.921 120 109 117 139 118 101 0 0 112 91 0 128 106 106 0 159 104 96 0 123 227 128 78 0 
9.931 120 109 117 139 118 101 0 0 112 91 0 128 106 106 0 159 104 96 0 123 227 128 78 0 
9.941 120 109 117 139 118 101 0 0 112 91 0 128 106 106 0 159 104 96 0 123 227 128 78 0 
9.951 120 109 117 139 118 101 0 0 112 91 0 128 106 106 0 159 104 96 0 123 227 128 78 0 
9.961 120 109 117 139 118 101 0 0 112 91 0 128 106 106 0 159 104 96 0 123 227 128 78 0 
9.971 120 109 117 139 118 101 0 0 112 91 0 128 106 106 0 159 104 96 0 123 227 128 78 0 
