Hora de inicio de la toma de datos: 12:22:40
AT(s) ROLL1(udig) MCF1 IFD1 A1 MCF2 IFP2 IFD2(*) A2(**) MCF3 IFP3 IFD3(*) A3 MCF4 IFP4 IFD4(*) A4 MCF5 IFP5 IFD5(*) A5 ROLL5 C C_Ano usado
0.01 113 115 116 138 107 95 0 0 102 102 0 137 104 115 0 147 99 100 0 119 239 137 73 0 
0.02 113 115 116 138 107 95 0 0 102 102 0 137 104 115 0 147 99 100 0 119 239 137 73 0 
0.03 113 115 116 138 107 95 0 0 102 102 0 137 104 115 0 147 99 100 0 119 239 137 73 0 
0.04 113 115 116 138 107 95 0 0 102 102 0 137 104 115 0 147 99 100 0 119 239 137 73 0 
0.05 113 115 116 138 107 95 0 0 102 102 0 137 104 115 0 147 99 100 0 119 239 137 73 0 
0.06 113 115 116 138 107 95 0 0 102 102 0 137 104 115 0 147 99 100 0 119 239 137 73 0 
0.07 113 115 116 138 107 95 0 0 102 102 0 137 104 115 0 147 99 100 0 119 239 137 73 0 
0.08 113 115 116 138 107 95 0 0 102 102 0 137 104 115 0 147 99 100 0 119 239 137 73 0 
0.09 113 115 116 138 107 95 0 0 102 102 0 137 104 115 0 147 99 100 0 119 239 137 73 0 
0.1 113 115 116 138 107 95 0 0 102 102 0 137 104 115 0 147 99 100 0 119 239 137 73 0 
0.113 113 115 116 138 107 95 0 0 102 102 0 137 104 115 0 147 99 100 0 119 239 137 73 0 
0.12 113 115 116 138 107 95 0 0 102 102 0 137 104 115 0 147 99 100 0 119 239 137 73 0 
0.13 113 115 116 138 107 95 0 0 102 102 0 137 104 115 0 147 99 100 0 119 239 137 73 0 
0.14 113 115 116 138 107 95 0 0 102 102 0 137 104 115 0 147 99 100 0 119 239 137 73 0 
0.15 113 115 116 138 107 95 0 0 102 102 0 137 104 115 0 147 99 100 0 119 239 137 73 0 
0.16 113 115 116 138 107 95 0 0 102 102 0 137 104 115 0 147 99 100 0 119 239 137 73 0 
0.171 113 115 116 138 107 95 0 0 102 102 0 137 104 115 0 147 99 100 0 119 239 137 73 0 
0.181 113 115 116 138 107 95 0 0 102 102 0 137 104 115 0 147 99 100 0 119 239 137 73 0 
0.191 113 115 116 138 107 95 0 0 102 102 0 137 104 115 0 147 99 100 0 119 239 137 73 0 
0.201 113 115 116 138 107 95 0 0 102 102 0 137 104 115 0 147 99 100 0 119 239 137 73 0 
0.211 113 115 116 138 107 95 0 0 102 102 0 137 104 115 0 147 99 100 0 119 239 137 73 0 
0.221 113 115 116 138 107 95 0 0 102 102 0 137 104 115 0 147 99 100 0 119 239 137 73 0 
0.231 113 115 116 138 107 95 0 0 102 102 0 137 104 115 0 147 99 100 0 119 239 137 73 0 
0.241 113 115 116 138 107 95 0 0 102 102 0 137 104 115 0 147 99 100 0 119 239 137 73 0 
0.251 113 115 116 138 107 95 0 0 102 102 0 137 104 115 0 147 99 100 0 119 239 137 73 0 
0.261 113 115 116 138 107 95 0 0 102 102 0 137 104 115 0 147 99 100 0 119 239 137 73 0 
0.271 113 115 116 138 107 95 0 0 102 102 0 137 104 115 0 147 99 100 0 119 239 137 73 0 
0.281 113 115 116 138 107 95 0 0 102 102 0 137 104 115 0 147 99 100 0 119 239 137 73 0 
0.29 113 115 116 138 107 95 0 0 102 102 0 137 104 115 0 147 99 100 0 119 239 137 73 0 
0.3 113 115 116 138 107 95 0 0 102 102 0 137 104 115 0 147 99 100 0 119 239 137 73 0 
0.31 113 115 116 138 107 95 0 0 102 102 0 137 104 115 0 147 99 100 0 119 239 137 73 0 
0.32 113 115 116 138 107 95 0 0 102 102 0 137 104 115 0 147 99 100 0 119 239 137 73 0 
0.33 113 115 116 138 107 95 0 0 102 102 0 137 104 115 0 147 99 100 0 119 239 137 73 0 
0.34 113 115 116 138 107 95 0 0 102 102 0 137 104 115 0 147 99 100 0 119 239 137 73 0 
0.35 113 115 116 138 107 95 0 0 102 102 0 137 104 115 0 147 99 100 0 119 239 137 73 0 
0.36 113 115 116 138 107 95 0 0 102 102 0 137 104 115 0 147 99 100 0 119 239 137 73 0 
0.37 113 115 116 138 107 95 0 0 102 102 0 137 104 115 0 147 99 100 0 119 239 137 73 0 
0.38 113 115 116 138 107 95 0 0 102 102 0 137 104 115 0 147 99 100 0 119 239 137 73 0 
0.39 113 115 116 138 107 95 0 0 102 102 0 137 104 115 0 147 99 100 0 119 239 137 73 0 
0.4 113 115 116 138 107 95 0 0 102 102 0 137 104 115 0 147 99 100 0 119 239 137 73 0 
0.41 113 115 116 138 107 95 0 0 102 102 0 137 104 115 0 147 99 100 0 119 239 137 73 0 
0.42 113 115 116 138 107 95 0 0 102 102 0 137 104 115 0 147 99 100 0 119 239 137 73 0 
0.43 113 115 116 138 107 95 0 0 102 102 0 137 104 115 0 147 99 100 0 119 239 137 73 0 
0.44 113 115 116 138 107 95 0 0 102 102 0 137 104 115 0 147 99 100 0 119 239 137 73 0 
0.45 113 115 116 138 107 95 0 0 102 102 0 137 104 115 0 147 99 100 0 119 239 137 73 0 
0.46 113 115 116 138 107 95 0 0 102 102 0 137 104 115 0 147 99 100 0 119 239 137 73 0 
0.47 113 115 116 138 107 95 0 0 102 102 0 137 104 115 0 147 99 100 0 119 239 137 73 0 
0.48 113 115 116 138 107 95 0 0 102 102 0 137 104 115 0 147 99 100 0 119 239 137 73 0 
0.49 113 115 116 138 107 95 0 0 102 102 0 137 104 115 0 147 99 100 0 119 239 137 73 0 
0.5 113 115 116 138 107 95 0 0 102 102 0 137 104 115 0 147 99 100 0 119 239 137 73 0 
0.51 113 115 116 138 107 95 0 0 102 102 0 137 104 115 0 147 99 100 0 119 239 137 73 0 
0.52 113 115 116 138 107 95 0 0 102 102 0 137 104 115 0 147 99 100 0 119 239 137 73 0 
0.53 113 115 116 138 107 95 0 0 102 102 0 137 104 115 0 147 99 100 0 119 239 137 73 0 
0.54 113 115 116 138 107 95 0 0 102 102 0 137 104 115 0 147 99 100 0 119 239 137 73 0 
0.55 113 115 116 138 107 95 0 0 102 102 0 137 104 115 0 147 99 100 0 119 239 137 73 0 
0.56 113 115 116 138 107 95 0 0 102 102 0 137 104 115 0 147 99 100 0 119 239 137 73 0 
0.57 113 115 116 138 107 95 0 0 102 102 0 137 104 115 0 147 99 100 0 119 239 137 73 0 
0.58 113 115 116 138 107 95 0 0 102 102 0 137 104 115 0 147 99 100 0 119 239 137 73 0 
0.59 113 115 116 138 107 95 0 0 102 102 0 137 104 115 0 147 99 100 0 119 239 137 73 0 
0.6 113 115 116 138 107 95 0 0 102 102 0 137 104 115 0 147 99 100 0 119 239 137 73 0 
0.61 113 115 116 138 107 95 0 0 102 102 0 137 104 115 0 147 99 100 0 119 239 137 73 0 
0.62 113 115 116 138 107 95 0 0 102 102 0 137 104 115 0 147 99 100 0 119 239 137 73 0 
0.63 113 115 116 138 107 95 0 0 102 102 0 137 104 115 0 147 99 100 0 119 239 137 73 0 
0.64 113 115 116 138 107 95 0 0 102 102 0 137 104 115 0 147 99 100 0 119 239 137 73 0 
0.65 113 115 116 138 107 95 0 0 102 102 0 137 104 115 0 147 99 100 0 119 239 137 73 0 
0.66 113 115 116 138 107 95 0 0 102 102 0 137 104 115 0 147 99 100 0 119 239 137 73 0 
0.67 113 115 116 138 107 95 0 0 102 102 0 137 104 115 0 147 99 100 0 119 239 137 73 0 
0.68 113 115 116 138 107 95 0 0 102 102 0 137 104 115 0 147 99 100 0 119 239 137 73 0 
0.69 113 115 116 138 107 95 0 0 102 102 0 137 104 115 0 147 99 100 0 119 239 137 73 0 
0.7 113 115 116 138 107 95 0 0 102 102 0 137 104 115 0 147 99 100 0 119 239 137 73 0 
0.71 113 115 116 138 107 95 0 0 102 102 0 137 104 115 0 147 99 100 0 119 239 137 73 0 
0.72 113 115 116 138 107 95 0 0 102 102 0 137 104 115 0 147 99 100 0 119 239 137 73 0 
0.732 113 115 116 138 107 95 0 0 102 102 0 137 104 115 0 147 99 100 0 119 239 137 73 0 
0.74 113 115 116 138 107 95 0 0 102 102 0 137 104 115 0 147 99 100 0 119 239 137 73 0 
0.75 113 115 116 138 107 95 0 0 102 102 0 137 104 115 0 147 99 100 0 119 239 137 73 0 
0.76 113 115 116 138 107 95 0 0 102 102 0 137 104 115 0 147 99 100 0 119 239 137 73 0 
0.77 113 115 116 138 107 95 0 0 102 102 0 137 104 115 0 147 99 100 0 119 239 137 73 0 
0.78 113 115 116 138 107 95 0 0 102 102 0 137 104 115 0 147 99 100 0 119 239 137 73 0 
0.79 113 115 116 138 107 95 0 0 102 102 0 137 104 115 0 147 99 100 0 119 239 137 73 0 
0.8 113 115 116 138 107 95 0 0 102 102 0 137 104 115 0 147 99 100 0 119 239 137 73 0 
0.81 113 115 116 138 107 95 0 0 102 102 0 137 104 115 0 147 99 100 0 119 239 137 73 0 
0.82 113 115 116 138 107 95 0 0 102 102 0 137 104 115 0 147 99 100 0 119 239 137 73 0 
0.83 113 115 116 138 107 95 0 0 102 102 0 137 104 115 0 147 99 100 0 119 239 137 73 0 
0.84 113 115 116 138 107 95 0 0 102 102 0 137 104 115 0 147 99 100 0 119 239 137 73 0 
0.85 113 115 116 138 107 95 0 0 102 102 0 137 104 115 0 147 99 100 0 119 239 137 73 0 
0.86 113 115 116 138 107 95 0 0 102 102 0 137 104 115 0 147 99 100 0 119 239 137 73 0 
0.87 113 115 116 138 107 95 0 0 102 102 0 137 104 115 0 147 99 100 0 119 239 137 73 0 
0.88 113 115 116 138 107 95 0 0 102 102 0 137 104 115 0 147 99 100 0 119 239 137 73 0 
0.89 113 115 116 138 107 95 0 0 102 102 0 137 104 115 0 147 99 100 0 119 239 137 73 0 
0.9 113 115 116 138 107 95 0 0 102 102 0 137 104 115 0 147 99 100 0 119 239 137 73 0 
0.91 113 115 116 138 107 95 0 0 102 102 0 137 104 115 0 147 99 100 0 119 239 137 73 0 
0.92 113 115 116 138 107 95 0 0 102 102 0 137 104 115 0 147 99 100 0 119 239 137 73 0 
0.93 113 115 116 138 107 95 0 0 102 102 0 137 104 115 0 147 99 100 0 119 239 137 73 0 
0.94 113 115 116 138 107 95 0 0 102 102 0 137 104 115 0 147 99 100 0 119 239 137 73 0 
0.95 113 115 116 138 107 95 0 0 102 102 0 137 104 115 0 147 99 100 0 119 239 137 73 0 
0.96 113 115 116 138 107 95 0 0 102 102 0 137 104 115 0 147 99 100 0 119 239 137 73 0 
0.97 113 115 116 138 107 95 0 0 102 102 0 137 104 115 0 147 99 100 0 119 239 137 73 0 
0.98 113 115 116 138 107 95 0 0 102 102 0 137 104 115 0 147 99 100 0 119 239 137 73 0 
0.99 113 115 116 138 107 95 0 0 102 102 0 137 104 115 0 147 99 100 0 119 239 137 73 0 
1 113 115 116 138 107 95 0 0 102 102 0 137 104 115 0 147 99 100 0 119 239 137 73 0 
1.01 113 115 116 138 107 95 0 0 102 102 0 137 104 115 0 147 99 100 0 119 239 137 73 0 
1.02 113 115 116 138 107 95 0 0 102 102 0 137 104 115 0 147 99 100 0 119 239 137 73 0 
1.03 113 115 116 138 107 95 0 0 102 102 0 137 104 115 0 147 99 100 0 119 239 137 73 0 
1.04 113 115 116 138 107 95 0 0 102 102 0 137 104 115 0 147 99 100 0 119 239 137 73 0 
1.05 113 115 116 138 107 95 0 0 102 102 0 137 104 115 0 147 99 100 0 119 239 137 73 0 
1.06 113 115 116 138 107 95 0 0 102 102 0 137 104 115 0 147 99 100 0 119 239 137 73 0 
1.07 113 115 116 138 107 95 0 0 102 102 0 137 104 115 0 147 99 100 0 119 239 137 73 0 
1.08 113 115 116 138 107 95 0 0 102 102 0 137 104 115 0 147 99 100 0 119 239 137 73 0 
1.09 113 115 116 138 107 95 0 0 102 102 0 137 104 115 0 147 99 100 0 119 239 137 73 0 
1.1 113 115 116 138 107 95 0 0 102 102 0 137 104 115 0 147 99 100 0 119 239 137 73 0 
1.11 113 115 116 138 107 95 0 0 102 102 0 137 104 115 0 147 99 100 0 119 239 137 73 0 
1.12 113 115 116 138 107 95 0 0 102 102 0 137 104 115 0 147 99 100 0 119 239 137 73 0 
1.13 113 115 116 138 107 95 0 0 102 102 0 137 104 115 0 147 99 100 0 119 239 137 73 0 
1.14 113 115 116 138 107 95 0 0 102 102 0 137 104 115 0 147 99 100 0 119 239 137 73 0 
1.15 113 115 116 138 107 95 0 0 102 102 0 137 104 115 0 147 99 100 0 119 239 137 73 0 
1.16 113 115 116 138 107 95 0 0 102 102 0 137 104 115 0 147 99 100 0 119 239 137 73 0 
1.17 113 115 116 138 107 95 0 0 102 102 0 137 104 115 0 147 99 100 0 119 239 137 73 0 
1.18 113 115 116 138 107 95 0 0 102 102 0 137 104 115 0 147 99 100 0 119 239 137 73 0 
1.19 113 115 116 138 107 95 0 0 102 102 0 137 104 115 0 147 99 100 0 119 239 137 73 0 
1.2 113 115 116 138 107 95 0 0 102 102 0 137 104 115 0 147 99 100 0 119 239 137 73 0 
1.21 113 115 116 138 107 95 0 0 102 102 0 137 104 115 0 147 99 100 0 119 239 137 73 0 
1.22 113 115 116 138 107 95 0 0 102 102 0 137 104 115 0 147 99 100 0 119 239 137 73 0 
1.23 113 115 116 138 107 95 0 0 102 102 0 137 104 115 0 147 99 100 0 119 239 137 73 0 
1.24 113 115 116 138 107 95 0 0 102 102 0 137 104 115 0 147 99 100 0 119 239 137 73 0 
1.25 113 115 116 138 107 95 0 0 102 102 0 137 104 115 0 147 99 100 0 119 239 137 73 0 
1.26 113 115 116 138 107 95 0 0 102 102 0 137 104 115 0 147 99 100 0 119 239 137 73 0 
1.27 113 115 116 138 107 95 0 0 102 102 0 137 104 115 0 147 99 100 0 119 239 137 73 0 
1.28 113 115 116 138 107 95 0 0 102 102 0 137 104 115 0 147 99 100 0 119 239 137 73 0 
1.29 113 115 116 138 107 95 0 0 102 102 0 137 104 115 0 147 99 100 0 119 239 137 73 0 
1.3 113 115 116 138 107 95 0 0 102 102 0 137 104 115 0 147 99 100 0 119 239 137 73 0 
1.31 113 115 116 138 107 95 0 0 102 102 0 137 104 115 0 147 99 100 0 119 239 137 73 0 
1.32 113 115 116 138 107 95 0 0 102 102 0 137 104 115 0 147 99 100 0 119 239 137 73 0 
1.33 113 115 116 138 107 95 0 0 102 102 0 137 104 115 0 147 99 100 0 119 239 137 73 0 
1.34 113 115 116 138 107 95 0 0 102 102 0 137 104 115 0 147 99 100 0 119 239 137 73 0 
1.35 113 115 116 138 107 95 0 0 102 102 0 137 104 115 0 147 99 100 0 119 239 137 73 0 
1.36 113 115 116 138 107 95 0 0 102 102 0 137 104 115 0 147 99 100 0 119 239 137 73 0 
1.37 113 115 116 138 107 95 0 0 102 102 0 137 104 115 0 147 99 100 0 119 239 137 73 0 
1.38 113 115 116 138 107 95 0 0 102 102 0 137 104 115 0 147 99 100 0 119 239 137 73 0 
1.39 113 115 116 138 107 95 0 0 102 102 0 137 104 115 0 147 99 100 0 119 239 137 73 0 
1.4 113 115 116 138 107 95 0 0 102 102 0 137 104 115 0 147 99 100 0 119 239 137 73 0 
1.41 113 115 116 138 107 95 0 0 102 102 0 137 104 115 0 147 99 100 0 119 239 137 73 0 
1.42 113 115 116 138 107 95 0 0 102 102 0 137 104 115 0 147 99 100 0 119 239 137 73 0 
1.43 113 115 116 138 107 95 0 0 102 102 0 137 104 115 0 147 99 100 0 119 239 137 73 0 
1.44 113 115 116 138 107 95 0 0 102 102 0 137 104 115 0 147 99 100 0 119 239 137 73 0 
1.45 113 115 116 138 107 95 0 0 102 102 0 137 104 115 0 147 99 100 0 119 239 137 73 0 
1.46 113 115 116 138 107 95 0 0 102 102 0 137 104 115 0 147 99 100 0 119 239 137 73 0 
1.47 113 115 116 138 107 95 0 0 102 102 0 137 104 115 0 147 99 100 0 119 239 137 73 0 
1.48 113 115 116 138 107 95 0 0 102 102 0 137 104 115 0 147 99 100 0 119 239 137 73 0 
1.49 113 115 116 138 107 95 0 0 102 102 0 137 104 115 0 147 99 100 0 119 239 137 73 0 
1.5 113 115 116 138 107 95 0 0 102 102 0 137 104 115 0 147 99 100 0 119 239 137 73 0 
1.51 113 115 116 138 107 95 0 0 102 102 0 137 104 115 0 147 99 100 0 119 239 137 73 0 
1.52 113 115 116 138 107 95 0 0 102 102 0 137 104 115 0 147 99 100 0 119 239 137 73 0 
1.53 113 115 116 138 107 95 0 0 102 102 0 137 104 115 0 147 99 100 0 119 239 137 73 0 
1.54 113 115 116 138 107 95 0 0 102 102 0 137 104 115 0 147 99 100 0 119 239 137 73 0 
1.55 113 115 116 138 107 95 0 0 102 102 0 137 104 115 0 147 99 100 0 119 239 137 73 0 
1.56 113 115 116 138 107 95 0 0 102 102 0 137 104 115 0 147 99 100 0 119 239 137 73 0 
1.57 113 115 116 138 107 95 0 0 102 102 0 137 104 115 0 147 99 100 0 119 239 137 73 0 
1.58 113 115 116 138 107 95 0 0 102 102 0 137 104 115 0 147 99 100 0 119 239 137 73 0 
1.59 113 115 116 138 107 95 0 0 102 102 0 137 104 115 0 147 99 100 0 119 239 137 73 0 
1.6 113 115 116 138 107 95 0 0 102 102 0 137 104 115 0 147 99 100 0 119 239 137 73 0 
1.61 113 115 116 138 107 95 0 0 102 102 0 137 104 115 0 147 99 100 0 119 239 137 73 0 
1.62 113 115 116 138 107 95 0 0 102 102 0 137 104 115 0 147 99 100 0 119 239 137 73 0 
1.63 113 115 116 138 107 95 0 0 102 102 0 137 104 115 0 147 99 100 0 119 239 137 73 0 
1.64 113 115 116 138 107 95 0 0 102 102 0 137 104 115 0 147 99 100 0 119 239 137 73 0 
1.65 113 115 116 138 107 95 0 0 102 102 0 137 104 115 0 147 99 100 0 119 239 137 73 0 
1.66 113 115 116 138 107 95 0 0 102 102 0 137 104 115 0 147 99 100 0 119 239 137 73 0 
1.67 113 115 116 138 107 95 0 0 102 102 0 137 104 115 0 147 99 100 0 119 239 137 73 0 
1.68 113 115 116 138 107 95 0 0 102 102 0 137 104 115 0 147 99 100 0 119 239 137 73 0 
1.69 113 115 116 138 107 95 0 0 102 102 0 137 104 115 0 147 99 100 0 119 239 137 73 0 
1.7 113 115 116 138 107 95 0 0 102 102 0 137 104 115 0 147 99 100 0 119 239 137 73 0 
1.71 113 115 116 138 107 95 0 0 102 102 0 137 104 115 0 147 99 100 0 119 239 137 73 0 
1.72 113 115 116 138 107 95 0 0 102 102 0 137 104 115 0 147 99 100 0 119 239 137 73 0 
1.73 113 115 116 138 107 95 0 0 102 102 0 137 104 115 0 147 99 100 0 119 239 137 73 0 
1.74 113 115 116 138 107 95 0 0 102 102 0 137 104 115 0 147 99 100 0 119 239 137 73 0 
1.75 113 115 116 138 107 95 0 0 102 102 0 137 104 115 0 147 99 100 0 119 239 137 73 0 
1.76 113 115 116 138 107 95 0 0 102 102 0 137 104 115 0 147 99 100 0 119 239 137 73 0 
1.77 113 115 116 138 107 95 0 0 102 102 0 137 104 115 0 147 99 100 0 119 239 137 73 0 
1.78 113 115 116 138 107 95 0 0 102 102 0 137 104 115 0 147 99 100 0 119 239 137 73 0 
1.79 113 115 116 138 107 95 0 0 102 102 0 137 104 115 0 147 99 100 0 119 239 137 73 0 
1.8 113 115 116 138 107 95 0 0 102 102 0 137 104 115 0 147 99 100 0 119 239 137 73 0 
1.81 113 115 116 138 107 95 0 0 102 102 0 137 104 115 0 147 99 100 0 119 239 137 73 0 
1.82 113 115 116 138 107 95 0 0 102 102 0 137 104 115 0 147 99 100 0 119 239 137 73 0 
1.83 113 115 116 138 107 95 0 0 102 102 0 137 104 115 0 147 99 100 0 119 239 137 73 0 
1.84 113 115 116 138 107 95 0 0 102 102 0 137 104 115 0 147 99 100 0 119 239 137 73 0 
1.85 113 115 116 138 107 95 0 0 102 102 0 137 104 115 0 147 99 100 0 119 239 137 73 0 
1.86 113 115 116 138 107 95 0 0 102 102 0 137 104 115 0 147 99 100 0 119 239 137 73 0 
1.87 113 115 116 138 107 95 0 0 102 102 0 137 104 115 0 147 99 100 0 119 239 137 73 0 
1.88 113 115 116 138 107 95 0 0 102 102 0 137 104 115 0 147 99 100 0 119 239 137 73 0 
1.89 113 115 116 138 107 95 0 0 102 102 0 137 104 115 0 147 99 100 0 119 239 137 73 0 
1.9 113 115 116 138 107 95 0 0 102 102 0 137 104 115 0 147 99 100 0 119 239 137 73 0 
1.91 113 115 116 138 107 95 0 0 102 102 0 137 104 115 0 147 99 100 0 119 239 137 73 0 
1.92 113 115 116 138 107 95 0 0 102 102 0 137 104 115 0 147 99 100 0 119 239 137 73 0 
1.93 113 115 116 138 107 95 0 0 102 102 0 137 104 115 0 147 99 100 0 119 239 137 73 0 
1.94 113 115 116 138 107 95 0 0 102 102 0 137 104 115 0 147 99 100 0 119 239 137 73 0 
1.95 113 115 116 138 107 95 0 0 102 102 0 137 104 115 0 147 99 100 0 119 239 137 73 0 
1.96 113 115 116 138 107 95 0 0 102 102 0 137 104 115 0 147 99 100 0 119 239 137 73 0 
1.97 113 115 116 138 107 95 0 0 102 102 0 137 104 115 0 147 99 100 0 119 239 137 73 0 
1.98 113 115 116 138 107 95 0 0 102 102 0 137 104 115 0 147 99 100 0 119 239 137 73 0 
1.99 113 115 116 138 107 95 0 0 102 102 0 137 104 115 0 147 99 100 0 119 239 137 73 0 
2 113 115 116 138 107 95 0 0 102 102 0 137 104 115 0 147 99 100 0 119 239 137 73 0 
2.01 113 115 116 138 107 95 0 0 102 102 0 137 104 115 0 147 99 100 0 119 239 137 73 0 
2.02 113 115 116 138 107 95 0 0 102 102 0 137 104 115 0 147 99 100 0 119 239 137 73 0 
2.03 113 115 116 138 107 95 0 0 102 102 0 137 104 115 0 147 99 100 0 119 239 137 73 0 
2.04 113 115 116 138 107 95 0 0 102 102 0 137 104 115 0 147 99 100 0 119 239 137 73 0 
2.05 113 115 116 138 107 95 0 0 102 102 0 137 104 115 0 147 99 100 0 119 239 137 73 0 
2.06 113 115 116 138 107 95 0 0 102 102 0 137 104 115 0 147 99 100 0 119 239 137 73 0 
2.07 113 115 116 138 107 95 0 0 102 102 0 137 104 115 0 147 99 100 0 119 239 137 73 0 
2.08 113 115 116 138 107 95 0 0 102 102 0 137 104 115 0 147 99 100 0 119 239 137 73 0 
2.09 113 115 116 138 107 95 0 0 102 102 0 137 104 115 0 147 99 100 0 119 239 137 73 0 
2.1 113 115 116 138 107 95 0 0 102 102 0 137 104 115 0 147 99 100 0 119 239 137 73 0 
2.11 113 115 116 138 107 95 0 0 102 102 0 137 104 115 0 147 99 100 0 119 239 137 73 0 
2.12 113 115 116 138 107 95 0 0 102 102 0 137 104 115 0 147 99 100 0 119 239 137 73 0 
2.13 113 115 116 138 107 95 0 0 102 102 0 137 104 115 0 147 99 100 0 119 239 137 73 0 
2.14 113 115 116 138 107 95 0 0 102 102 0 137 104 115 0 147 99 100 0 119 239 137 73 0 
2.15 113 115 116 138 107 95 0 0 102 102 0 137 104 115 0 147 99 100 0 119 239 137 73 0 
2.16 113 115 116 138 107 95 0 0 102 102 0 137 104 115 0 147 99 100 0 119 239 137 73 0 
2.17 113 115 116 138 107 95 0 0 102 102 0 137 104 115 0 147 99 100 0 119 239 137 73 0 
2.18 113 115 116 138 107 95 0 0 102 102 0 137 104 115 0 147 99 100 0 119 239 137 73 0 
2.19 113 115 116 138 107 95 0 0 102 102 0 137 104 115 0 147 99 100 0 119 239 137 73 0 
2.2 113 115 116 138 107 95 0 0 102 102 0 137 104 115 0 147 99 100 0 119 239 137 73 0 
2.21 113 115 116 138 107 95 0 0 102 102 0 137 104 115 0 147 99 100 0 119 239 137 73 0 
2.22 113 115 116 138 107 95 0 0 102 102 0 137 104 115 0 147 99 100 0 119 239 137 73 0 
2.23 113 115 116 138 107 95 0 0 102 102 0 137 104 115 0 147 99 100 0 119 239 137 73 0 
2.24 113 115 116 138 107 95 0 0 102 102 0 137 104 115 0 147 99 100 0 119 239 137 73 0 
2.25 113 115 116 138 107 95 0 0 102 102 0 137 104 115 0 147 99 100 0 119 239 137 73 0 
2.26 113 115 116 138 107 95 0 0 102 102 0 137 104 115 0 147 99 100 0 119 239 137 73 0 
2.27 113 115 116 138 107 95 0 0 102 102 0 137 104 115 0 147 99 100 0 119 239 137 73 0 
2.28 113 115 116 138 107 95 0 0 102 102 0 137 104 115 0 147 99 100 0 119 239 137 73 0 
2.29 113 115 116 138 107 95 0 0 102 102 0 137 104 115 0 147 99 100 0 119 239 137 73 0 
2.3 113 115 116 138 107 95 0 0 102 102 0 137 104 115 0 147 99 100 0 119 239 137 73 0 
2.31 113 115 116 138 107 95 0 0 102 102 0 137 104 115 0 147 99 100 0 119 239 137 73 0 
2.32 113 115 116 138 107 95 0 0 102 102 0 137 104 115 0 147 99 100 0 119 239 137 73 0 
2.33 113 115 116 138 107 95 0 0 102 102 0 137 104 115 0 147 99 100 0 119 239 137 73 0 
2.34 113 115 116 138 107 95 0 0 102 102 0 137 104 115 0 147 99 100 0 119 239 137 73 0 
2.35 113 115 116 138 107 95 0 0 102 102 0 137 104 115 0 147 99 100 0 119 239 137 73 0 
2.36 113 115 116 138 107 95 0 0 102 102 0 137 104 115 0 147 99 100 0 119 239 137 73 0 
2.37 113 115 116 138 107 95 0 0 102 102 0 137 104 115 0 147 99 100 0 119 239 137 73 0 
2.38 113 115 116 138 107 95 0 0 102 102 0 137 104 115 0 147 99 100 0 119 239 137 73 0 
2.39 113 115 116 138 107 95 0 0 102 102 0 137 104 115 0 147 99 100 0 119 239 137 73 0 
2.4 113 115 116 138 107 95 0 0 102 102 0 137 104 115 0 147 99 100 0 119 239 137 73 0 
2.41 113 115 116 138 107 95 0 0 102 102 0 137 104 115 0 147 99 100 0 119 239 137 73 0 
2.42 113 115 116 138 107 95 0 0 102 102 0 137 104 115 0 147 99 100 0 119 239 137 73 0 
2.43 113 115 116 138 107 95 0 0 102 102 0 137 104 115 0 147 99 100 0 119 239 137 73 0 
2.44 113 115 116 138 107 95 0 0 102 102 0 137 104 115 0 147 99 100 0 119 239 137 73 0 
2.45 113 115 116 138 107 95 0 0 102 102 0 137 104 115 0 147 99 100 0 119 239 137 73 0 
2.46 113 115 116 138 107 95 0 0 102 102 0 137 104 115 0 147 99 100 0 119 239 137 73 0 
2.47 113 115 116 138 107 95 0 0 102 102 0 137 104 115 0 147 99 100 0 119 239 137 73 0 
2.48 113 115 116 138 107 95 0 0 102 102 0 137 104 115 0 147 99 100 0 119 239 137 73 0 
2.49 113 115 116 138 107 95 0 0 102 102 0 137 104 115 0 147 99 100 0 119 239 137 73 0 
2.5 113 115 116 138 107 95 0 0 102 102 0 137 104 115 0 147 99 100 0 119 239 137 73 0 
2.51 113 115 116 138 107 95 0 0 102 102 0 137 104 115 0 147 99 100 0 119 239 137 73 0 
2.52 113 115 116 138 107 95 0 0 102 102 0 137 104 115 0 147 99 100 0 119 239 137 73 0 
2.53 113 115 116 138 107 95 0 0 102 102 0 137 104 115 0 147 99 100 0 119 239 137 73 0 
2.54 113 115 116 138 107 95 0 0 102 102 0 137 104 115 0 147 99 100 0 119 239 137 73 0 
2.55 113 115 116 138 107 95 0 0 102 102 0 137 104 115 0 147 99 100 0 119 239 137 73 0 
2.56 113 115 116 138 107 95 0 0 102 102 0 137 104 115 0 147 99 100 0 119 239 137 73 0 
2.57 113 115 116 138 107 95 0 0 102 102 0 137 104 115 0 147 99 100 0 119 239 137 73 0 
2.58 113 115 116 138 107 95 0 0 102 102 0 137 104 115 0 147 99 100 0 119 239 137 73 0 
2.59 113 115 116 138 107 95 0 0 102 102 0 137 104 115 0 147 99 100 0 119 239 137 73 0 
2.6 113 115 116 138 107 95 0 0 102 102 0 137 104 115 0 147 99 100 0 119 239 137 73 0 
2.61 113 115 116 138 107 95 0 0 102 102 0 137 104 115 0 147 99 100 0 119 239 137 73 0 
2.62 113 115 116 138 107 95 0 0 102 102 0 137 104 115 0 147 99 100 0 119 239 137 73 0 
2.63 113 115 116 138 107 95 0 0 102 102 0 137 104 115 0 147 99 100 0 119 239 137 73 0 
2.64 113 115 116 138 107 95 0 0 102 102 0 137 104 115 0 147 99 100 0 119 239 137 73 0 
2.65 113 115 116 138 107 95 0 0 102 102 0 137 104 115 0 147 99 100 0 119 239 137 73 0 
2.66 113 115 116 138 107 95 0 0 102 102 0 137 104 115 0 147 99 100 0 119 239 137 73 0 
2.67 113 115 116 138 107 95 0 0 102 102 0 137 104 115 0 147 99 100 0 119 239 137 73 0 
2.68 113 115 116 138 107 95 0 0 102 102 0 137 104 115 0 147 99 100 0 119 239 137 73 0 
2.69 113 115 116 138 107 95 0 0 102 102 0 137 104 115 0 147 99 100 0 119 239 137 73 0 
2.7 113 115 116 138 107 95 0 0 102 102 0 137 104 115 0 147 99 100 0 119 239 137 73 0 
2.71 113 115 116 138 107 95 0 0 102 102 0 137 104 115 0 147 99 100 0 119 239 137 73 0 
2.72 113 115 116 138 107 95 0 0 102 102 0 137 104 115 0 147 99 100 0 119 239 137 73 0 
2.731 113 115 116 138 107 95 0 0 102 102 0 137 104 115 0 147 99 100 0 119 239 137 73 0 
2.74 113 115 116 138 107 95 0 0 102 102 0 137 104 115 0 147 99 100 0 119 239 137 73 0 
2.75 113 115 116 138 107 95 0 0 102 102 0 137 104 115 0 147 99 100 0 119 239 137 73 0 
2.76 113 115 116 138 107 95 0 0 102 102 0 137 104 115 0 147 99 100 0 119 239 137 73 0 
2.77 113 115 116 138 107 95 0 0 102 102 0 137 104 115 0 147 99 100 0 119 239 137 73 0 
2.78 113 115 116 138 107 95 0 0 102 102 0 137 104 115 0 147 99 100 0 119 239 137 73 0 
2.79 113 115 116 138 107 95 0 0 102 102 0 137 104 115 0 147 99 100 0 119 239 137 73 0 
2.8 113 115 116 138 107 95 0 0 102 102 0 137 104 115 0 147 99 100 0 119 239 137 73 0 
2.81 113 115 116 138 107 95 0 0 102 102 0 137 104 115 0 147 99 100 0 119 239 137 73 0 
2.82 113 115 116 138 107 95 0 0 102 102 0 137 104 115 0 147 99 100 0 119 239 137 73 0 
2.83 113 115 116 138 107 95 0 0 102 102 0 137 104 115 0 147 99 100 0 119 239 137 73 0 
2.84 113 115 116 138 107 95 0 0 102 102 0 137 104 115 0 147 99 100 0 119 239 137 73 0 
2.85 113 115 116 138 107 95 0 0 102 102 0 137 104 115 0 147 99 100 0 119 239 137 73 0 
2.86 113 115 116 138 107 95 0 0 102 102 0 137 104 115 0 147 99 100 0 119 239 137 73 0 
2.87 113 115 116 138 107 95 0 0 102 102 0 137 104 115 0 147 99 100 0 119 239 137 73 0 
2.88 113 115 116 138 107 95 0 0 102 102 0 137 104 115 0 147 99 100 0 119 239 137 73 0 
2.89 113 115 116 138 107 95 0 0 102 102 0 137 104 115 0 147 99 100 0 119 239 137 73 0 
2.9 113 115 116 138 107 95 0 0 102 102 0 137 104 115 0 147 99 100 0 119 239 137 73 0 
2.91 113 115 116 138 107 95 0 0 102 102 0 137 104 115 0 147 99 100 0 119 239 137 73 0 
2.92 113 115 116 138 107 95 0 0 102 102 0 137 104 115 0 147 99 100 0 119 239 137 73 0 
2.93 113 115 116 138 107 95 0 0 102 102 0 137 104 115 0 147 99 100 0 119 239 137 73 0 
2.94 113 115 116 138 107 95 0 0 102 102 0 137 104 115 0 147 99 100 0 119 239 137 73 0 
2.95 113 115 116 138 107 95 0 0 102 102 0 137 104 115 0 147 99 100 0 119 239 137 73 0 
2.96 113 115 116 138 107 95 0 0 102 102 0 137 104 115 0 147 99 100 0 119 239 137 73 0 
2.97 113 115 116 138 107 95 0 0 102 102 0 137 104 115 0 147 99 100 0 119 239 137 73 0 
2.98 113 115 116 138 107 95 0 0 102 102 0 137 104 115 0 147 99 100 0 119 239 137 73 0 
2.99 113 115 116 138 107 95 0 0 102 102 0 137 104 115 0 147 99 100 0 119 239 137 73 0 
3 113 115 116 138 107 95 0 0 102 102 0 137 104 115 0 147 99 100 0 119 239 137 73 0 
3.01 113 115 116 138 107 95 0 0 102 102 0 137 104 115 0 147 99 100 0 119 239 137 73 0 
3.02 113 115 116 138 107 95 0 0 102 102 0 137 104 115 0 147 99 100 0 119 239 137 73 0 
3.03 113 115 116 138 107 95 0 0 102 102 0 137 104 115 0 147 99 100 0 119 239 137 73 0 
3.04 113 115 116 138 107 95 0 0 102 102 0 137 104 115 0 147 99 100 0 119 239 137 73 0 
3.05 113 115 116 138 107 95 0 0 102 102 0 137 104 115 0 147 99 100 0 119 239 137 73 0 
3.06 113 115 116 138 107 95 0 0 102 102 0 137 104 115 0 147 99 100 0 119 239 137 73 0 
3.07 113 115 116 138 107 95 0 0 102 102 0 137 104 115 0 147 99 100 0 119 239 137 73 0 
3.08 113 115 116 138 107 95 0 0 102 102 0 137 104 115 0 147 99 100 0 119 239 137 73 0 
3.09 113 115 116 138 107 95 0 0 102 102 0 137 104 115 0 147 99 100 0 119 239 137 73 0 
3.1 113 115 116 138 107 95 0 0 102 102 0 137 104 115 0 147 99 100 0 119 239 137 73 0 
3.11 113 115 116 138 107 95 0 0 102 102 0 137 104 115 0 147 99 100 0 119 239 137 73 0 
3.12 113 115 116 138 107 95 0 0 102 102 0 137 104 115 0 147 99 100 0 119 239 137 73 0 
3.13 113 115 116 138 107 95 0 0 102 102 0 137 104 115 0 147 99 100 0 119 239 137 73 0 
3.14 113 115 116 138 107 95 0 0 102 102 0 137 104 115 0 147 99 100 0 119 239 137 73 0 
3.15 113 115 116 138 107 95 0 0 102 102 0 137 104 115 0 147 99 100 0 119 239 137 73 0 
3.16 113 115 116 138 107 95 0 0 102 102 0 137 104 115 0 147 99 100 0 119 239 137 73 0 
3.17 113 115 116 138 107 95 0 0 102 102 0 137 104 115 0 147 99 100 0 119 239 137 73 0 
3.18 113 115 116 138 107 95 0 0 102 102 0 137 104 115 0 147 99 100 0 119 239 137 73 0 
3.19 113 115 116 138 107 95 0 0 102 102 0 137 104 115 0 147 99 100 0 119 239 137 73 0 
3.2 113 115 116 138 107 95 0 0 102 102 0 137 104 115 0 147 99 100 0 119 239 137 73 0 
3.21 113 115 116 138 107 95 0 0 102 102 0 137 104 115 0 147 99 100 0 119 239 137 73 0 
3.22 113 115 116 138 107 95 0 0 102 102 0 137 104 115 0 147 99 100 0 119 239 137 73 0 
3.23 113 115 116 138 107 95 0 0 102 102 0 137 104 115 0 147 99 100 0 119 239 137 73 0 
3.24 113 115 116 138 107 95 0 0 102 102 0 137 104 115 0 147 99 100 0 119 239 137 73 0 
3.25 113 115 116 138 107 95 0 0 102 102 0 137 104 115 0 147 99 100 0 119 239 137 73 0 
3.26 113 115 116 138 107 95 0 0 102 102 0 137 104 115 0 147 99 100 0 119 239 137 73 0 
3.27 113 115 116 138 107 95 0 0 102 102 0 137 104 115 0 147 99 100 0 119 239 137 73 0 
3.28 113 115 116 138 107 95 0 0 102 102 0 137 104 115 0 147 99 100 0 119 239 137 73 0 
3.29 113 115 116 138 107 95 0 0 102 102 0 137 104 115 0 147 99 100 0 119 239 137 73 0 
3.3 113 115 116 138 107 95 0 0 102 102 0 137 104 115 0 147 99 100 0 119 239 137 73 0 
3.31 113 115 116 138 107 95 0 0 102 102 0 137 104 115 0 147 99 100 0 119 239 137 73 0 
3.32 113 115 116 138 107 95 0 0 102 102 0 137 104 115 0 147 99 100 0 119 239 137 73 0 
3.33 113 115 116 138 107 95 0 0 102 102 0 137 104 115 0 147 99 100 0 119 239 137 73 0 
3.34 113 115 116 138 107 95 0 0 102 102 0 137 104 115 0 147 99 100 0 119 239 137 73 0 
3.35 113 115 116 138 107 95 0 0 102 102 0 137 104 115 0 147 99 100 0 119 239 137 73 0 
3.36 113 115 116 138 107 95 0 0 102 102 0 137 104 115 0 147 99 100 0 119 239 137 73 0 
3.37 113 115 116 138 107 95 0 0 102 102 0 137 104 115 0 147 99 100 0 119 239 137 73 0 
3.38 113 115 116 138 107 95 0 0 102 102 0 137 104 115 0 147 99 100 0 119 239 137 73 0 
3.39 113 115 116 138 107 95 0 0 102 102 0 137 104 115 0 147 99 100 0 119 239 137 73 0 
3.4 113 115 116 138 107 95 0 0 102 102 0 137 104 115 0 147 99 100 0 119 239 137 73 0 
3.41 113 115 116 138 107 95 0 0 102 102 0 137 104 115 0 147 99 100 0 119 239 137 73 0 
3.42 113 115 116 138 107 95 0 0 102 102 0 137 104 115 0 147 99 100 0 119 239 137 73 0 
3.43 113 115 116 138 107 95 0 0 102 102 0 137 104 115 0 147 99 100 0 119 239 137 73 0 
3.44 113 115 116 138 107 95 0 0 102 102 0 137 104 115 0 147 99 100 0 119 239 137 73 0 
3.45 113 115 116 138 107 95 0 0 102 102 0 137 104 115 0 147 99 100 0 119 239 137 73 0 
3.46 113 115 116 138 107 95 0 0 102 102 0 137 104 115 0 147 99 100 0 119 239 137 73 0 
3.47 113 115 116 138 107 95 0 0 102 102 0 137 104 115 0 147 99 100 0 119 239 137 73 0 
3.48 113 115 116 138 107 95 0 0 102 102 0 137 104 115 0 147 99 100 0 119 239 137 73 0 
3.49 113 115 116 138 107 95 0 0 102 102 0 137 104 115 0 147 99 100 0 119 239 137 73 0 
3.5 113 115 116 138 107 95 0 0 102 102 0 137 104 115 0 147 99 100 0 119 239 137 73 0 
3.51 113 115 116 138 107 95 0 0 102 102 0 137 104 115 0 147 99 100 0 119 239 137 73 0 
3.52 113 115 116 138 107 95 0 0 102 102 0 137 104 115 0 147 99 100 0 119 239 137 73 0 
3.53 113 115 116 138 107 95 0 0 102 102 0 137 104 115 0 147 99 100 0 119 239 137 73 0 
3.54 113 115 116 138 107 95 0 0 102 102 0 137 104 115 0 147 99 100 0 119 239 137 73 0 
3.55 113 115 116 138 107 95 0 0 102 102 0 137 104 115 0 147 99 100 0 119 239 137 73 0 
3.56 113 115 116 138 107 95 0 0 102 102 0 137 104 115 0 147 99 100 0 119 239 137 73 0 
3.57 113 115 116 138 107 95 0 0 102 102 0 137 104 115 0 147 99 100 0 119 239 137 73 0 
3.58 113 115 116 138 107 95 0 0 102 102 0 137 104 115 0 147 99 100 0 119 239 137 73 0 
3.59 113 115 116 138 107 95 0 0 102 102 0 137 104 115 0 147 99 100 0 119 239 137 73 0 
3.6 113 115 116 138 107 95 0 0 102 102 0 137 104 115 0 147 99 100 0 119 239 137 73 0 
3.61 113 115 116 138 107 95 0 0 102 102 0 137 104 115 0 147 99 100 0 119 239 137 73 0 
3.622 113 115 116 138 107 95 0 0 102 102 0 137 104 115 0 147 99 100 0 119 239 137 73 0 
3.63 113 115 116 138 107 95 0 0 102 102 0 137 104 115 0 147 99 100 0 119 239 137 73 0 
3.64 113 115 116 138 107 95 0 0 102 102 0 137 104 115 0 147 99 100 0 119 239 137 73 0 
3.65 113 115 116 138 107 95 0 0 102 102 0 137 104 115 0 147 99 100 0 119 239 137 73 0 
3.66 113 115 116 138 107 95 0 0 102 102 0 137 104 115 0 147 99 100 0 119 239 137 73 0 
3.67 113 115 116 138 107 95 0 0 102 102 0 137 104 115 0 147 99 100 0 119 239 137 73 0 
3.68 113 115 116 138 107 95 0 0 102 102 0 137 104 115 0 147 99 100 0 119 239 137 73 0 
3.69 113 115 116 138 107 95 0 0 102 102 0 137 104 115 0 147 99 100 0 119 239 137 73 0 
3.7 113 115 116 138 107 95 0 0 102 102 0 137 104 115 0 147 99 100 0 119 239 137 73 0 
3.71 113 115 116 138 107 95 0 0 102 102 0 137 104 115 0 147 99 100 0 119 239 137 73 0 
3.72 113 115 116 138 107 95 0 0 102 102 0 137 104 115 0 147 99 100 0 119 239 137 73 0 
3.73 113 115 116 138 107 95 0 0 102 102 0 137 104 115 0 147 99 100 0 119 239 137 73 0 
3.74 113 115 116 138 107 95 0 0 102 102 0 137 104 115 0 147 99 100 0 119 239 137 73 0 
3.75 113 115 116 138 107 95 0 0 102 102 0 137 104 115 0 147 99 100 0 119 239 137 73 0 
3.76 113 115 116 138 107 95 0 0 102 102 0 137 104 115 0 147 99 100 0 119 239 137 73 0 
3.77 113 115 116 138 107 95 0 0 102 102 0 137 104 115 0 147 99 100 0 119 239 137 73 0 
3.78 113 115 116 138 107 95 0 0 102 102 0 137 104 115 0 147 99 100 0 119 239 137 73 0 
3.79 113 115 116 138 107 95 0 0 102 102 0 137 104 115 0 147 99 100 0 119 239 137 73 0 
3.8 113 115 116 138 107 95 0 0 102 102 0 137 104 115 0 147 99 100 0 119 239 137 73 0 
3.81 113 115 116 138 107 95 0 0 102 102 0 137 104 115 0 147 99 100 0 119 239 137 73 0 
3.82 113 115 116 138 107 95 0 0 102 102 0 137 104 115 0 147 99 100 0 119 239 137 73 0 
3.83 113 115 116 138 107 95 0 0 102 102 0 137 104 115 0 147 99 100 0 119 239 137 73 0 
3.84 113 115 116 138 107 95 0 0 102 102 0 137 104 115 0 147 99 100 0 119 239 137 73 0 
3.85 113 115 116 138 107 95 0 0 102 102 0 137 104 115 0 147 99 100 0 119 239 137 73 0 
3.86 113 115 116 138 107 95 0 0 102 102 0 137 104 115 0 147 99 100 0 119 239 137 73 0 
3.87 113 115 116 138 107 95 0 0 102 102 0 137 104 115 0 147 99 100 0 119 239 137 73 0 
3.88 113 115 116 138 107 95 0 0 102 102 0 137 104 115 0 147 99 100 0 119 239 137 73 0 
3.89 113 115 116 138 107 95 0 0 102 102 0 137 104 115 0 147 99 100 0 119 239 137 73 0 
3.9 113 115 116 138 107 95 0 0 102 102 0 137 104 115 0 147 99 100 0 119 239 137 73 0 
3.91 113 115 116 138 107 95 0 0 102 102 0 137 104 115 0 147 99 100 0 119 239 137 73 0 
3.92 113 115 116 138 107 95 0 0 102 102 0 137 104 115 0 147 99 100 0 119 239 137 73 0 
3.93 113 115 116 138 107 95 0 0 102 102 0 137 104 115 0 147 99 100 0 119 239 137 73 0 
3.94 113 115 116 138 107 95 0 0 102 102 0 137 104 115 0 147 99 100 0 119 239 137 73 0 
3.95 113 115 116 138 107 95 0 0 102 102 0 137 104 115 0 147 99 100 0 119 239 137 73 0 
3.96 113 115 116 138 107 95 0 0 102 102 0 137 104 115 0 147 99 100 0 119 239 137 73 0 
3.97 113 115 116 138 107 95 0 0 102 102 0 137 104 115 0 147 99 100 0 119 239 137 73 0 
3.98 113 115 116 138 107 95 0 0 102 102 0 137 104 115 0 147 99 100 0 119 239 137 73 0 
3.99 113 115 116 138 107 95 0 0 102 102 0 137 104 115 0 147 99 100 0 119 239 137 73 0 
4 113 115 116 138 107 95 0 0 102 102 0 137 104 115 0 147 99 100 0 119 239 137 73 0 
4.01 113 115 116 138 107 95 0 0 102 102 0 137 104 115 0 147 99 100 0 119 239 137 73 0 
4.02 113 115 116 138 107 95 0 0 102 102 0 137 104 115 0 147 99 100 0 119 239 137 73 0 
4.03 113 115 116 138 107 95 0 0 102 102 0 137 104 115 0 147 99 100 0 119 239 137 73 0 
4.04 113 115 116 138 107 95 0 0 102 102 0 137 104 115 0 147 99 100 0 119 239 137 73 0 
4.05 113 115 116 138 107 95 0 0 102 102 0 137 104 115 0 147 99 100 0 119 239 137 73 0 
4.06 113 115 116 138 107 95 0 0 102 102 0 137 104 115 0 147 99 100 0 119 239 137 73 0 
4.07 113 115 116 138 107 95 0 0 102 102 0 137 104 115 0 147 99 100 0 119 239 137 73 0 
4.08 113 115 116 138 107 95 0 0 102 102 0 137 104 115 0 147 99 100 0 119 239 137 73 0 
4.09 113 115 116 138 107 95 0 0 102 102 0 137 104 115 0 147 99 100 0 119 239 137 73 0 
4.1 113 115 116 138 107 95 0 0 102 102 0 137 104 115 0 147 99 100 0 119 239 137 73 0 
4.11 113 115 116 138 107 95 0 0 102 102 0 137 104 115 0 147 99 100 0 119 239 137 73 0 
4.12 113 115 116 138 107 95 0 0 102 102 0 137 104 115 0 147 99 100 0 119 239 137 73 0 
4.13 113 115 116 138 107 95 0 0 102 102 0 137 104 115 0 147 99 100 0 119 239 137 73 0 
4.14 113 115 116 138 107 95 0 0 102 102 0 137 104 115 0 147 99 100 0 119 239 137 73 0 
4.151 113 115 116 138 107 95 0 0 102 102 0 137 104 115 0 147 99 100 0 119 239 137 73 0 
4.161 113 115 116 138 107 95 0 0 102 102 0 137 104 115 0 147 99 100 0 119 239 137 73 0 
4.171 113 115 116 138 107 95 0 0 102 102 0 137 104 115 0 147 99 100 0 119 239 137 73 0 
4.181 113 115 116 138 107 95 0 0 102 102 0 137 104 115 0 147 99 100 0 119 239 137 73 0 
4.191 113 115 116 138 107 95 0 0 102 102 0 137 104 115 0 147 99 100 0 119 239 137 73 0 
4.201 113 115 116 138 107 95 0 0 102 102 0 137 104 115 0 147 99 100 0 119 239 137 73 0 
4.211 113 115 116 138 107 95 0 0 102 102 0 137 104 115 0 147 99 100 0 119 239 137 73 0 
4.221 113 115 116 138 107 95 0 0 102 102 0 137 104 115 0 147 99 100 0 119 239 137 73 0 
4.231 113 115 116 138 107 95 0 0 102 102 0 137 104 115 0 147 99 100 0 119 239 137 73 0 
4.241 113 115 116 138 107 95 0 0 102 102 0 137 104 115 0 147 99 100 0 119 239 137 73 0 
4.251 113 115 116 138 107 95 0 0 102 102 0 137 104 115 0 147 99 100 0 119 239 137 73 0 
4.265 113 115 116 138 107 95 0 0 102 102 0 137 104 115 0 147 99 100 0 119 239 137 73 0 
4.271 113 115 116 138 107 95 0 0 102 102 0 137 104 115 0 147 99 100 0 119 239 137 73 0 
4.281 113 115 116 138 107 95 0 0 102 102 0 137 104 115 0 147 99 100 0 119 239 137 73 0 
4.291 113 115 116 138 107 95 0 0 102 102 0 137 104 115 0 147 99 100 0 119 239 137 73 0 
4.301 113 115 116 138 107 95 0 0 102 102 0 137 104 115 0 147 99 100 0 119 239 137 73 0 
4.311 113 115 116 138 107 95 0 0 102 102 0 137 104 115 0 147 99 100 0 119 239 137 73 0 
4.321 113 115 116 138 107 95 0 0 102 102 0 137 104 115 0 147 99 100 0 119 239 137 73 0 
4.331 113 115 116 138 107 95 0 0 102 102 0 137 104 115 0 147 99 100 0 119 239 137 73 0 
4.341 113 115 116 138 107 95 0 0 102 102 0 137 104 115 0 147 99 100 0 119 239 137 73 0 
4.351 113 115 116 138 107 95 0 0 102 102 0 137 104 115 0 147 99 100 0 119 239 137 73 0 
4.361 113 115 116 138 107 95 0 0 102 102 0 137 104 115 0 147 99 100 0 119 239 137 73 0 
4.371 113 115 116 138 107 95 0 0 102 102 0 137 104 115 0 147 99 100 0 119 239 137 73 0 
4.381 113 115 116 138 107 95 0 0 102 102 0 137 104 115 0 147 99 100 0 119 239 137 73 0 
4.391 113 115 116 138 107 95 0 0 102 102 0 137 104 115 0 147 99 100 0 119 239 137 73 0 
4.401 113 115 116 138 107 95 0 0 102 102 0 137 104 115 0 147 99 100 0 119 239 137 73 0 
4.411 113 115 116 138 107 95 0 0 102 102 0 137 104 115 0 147 99 100 0 119 239 137 73 0 
4.421 113 115 116 138 107 95 0 0 102 102 0 137 104 115 0 147 99 100 0 119 239 137 73 0 
4.431 113 115 116 138 107 95 0 0 102 102 0 137 104 115 0 147 99 100 0 119 239 137 73 0 
4.441 113 115 116 138 107 95 0 0 102 102 0 137 104 115 0 147 99 100 0 119 239 137 73 0 
4.451 113 115 116 138 107 95 0 0 102 102 0 137 104 115 0 147 99 100 0 119 239 137 73 0 
4.461 113 115 116 138 107 95 0 0 102 102 0 137 104 115 0 147 99 100 0 119 239 137 73 0 
4.471 113 115 116 138 107 95 0 0 102 102 0 137 104 115 0 147 99 100 0 119 239 137 73 0 
4.481 113 115 116 138 107 95 0 0 102 102 0 137 104 115 0 147 99 100 0 119 239 137 73 0 
4.491 113 115 116 138 107 95 0 0 102 102 0 137 104 115 0 147 99 100 0 119 239 137 73 0 
4.501 113 115 116 138 107 95 0 0 102 102 0 137 104 115 0 147 99 100 0 119 239 137 73 0 
4.511 113 115 116 138 107 95 0 0 102 102 0 137 104 115 0 147 99 100 0 119 239 137 73 0 
4.522 113 115 116 138 107 95 0 0 102 102 0 137 104 115 0 147 99 100 0 119 239 137 73 0 
4.531 113 115 116 138 107 95 0 0 102 102 0 137 104 115 0 147 99 100 0 119 239 137 73 0 
4.541 113 115 116 138 107 95 0 0 102 102 0 137 104 115 0 147 99 100 0 119 239 137 73 0 
4.551 113 115 116 138 107 95 0 0 102 102 0 137 104 115 0 147 99 100 0 119 239 137 73 0 
4.561 113 115 116 138 107 95 0 0 102 102 0 137 104 115 0 147 99 100 0 119 239 137 73 0 
4.571 113 115 116 138 107 95 0 0 102 102 0 137 104 115 0 147 99 100 0 119 239 137 73 0 
4.581 113 115 116 138 107 95 0 0 102 102 0 137 104 115 0 147 99 100 0 119 239 137 73 0 
4.591 113 115 116 138 107 95 0 0 102 102 0 137 104 115 0 147 99 100 0 119 239 137 73 0 
4.601 113 115 116 138 107 95 0 0 102 102 0 137 104 115 0 147 99 100 0 119 239 137 73 0 
4.611 113 115 116 138 107 95 0 0 102 102 0 137 104 115 0 147 99 100 0 119 239 137 73 0 
4.621 113 115 116 138 107 95 0 0 102 102 0 137 104 115 0 147 99 100 0 119 239 137 73 0 
4.631 113 115 116 138 107 95 0 0 102 102 0 137 104 115 0 147 99 100 0 119 239 137 73 0 
4.641 113 115 116 138 107 95 0 0 102 102 0 137 104 115 0 147 99 100 0 119 239 137 73 0 
4.651 113 115 116 138 107 95 0 0 102 102 0 137 104 115 0 147 99 100 0 119 239 137 73 0 
4.661 113 115 116 138 107 95 0 0 102 102 0 137 104 115 0 147 99 100 0 119 239 137 73 0 
4.671 113 115 116 138 107 95 0 0 102 102 0 137 104 115 0 147 99 100 0 119 239 137 73 0 
4.681 113 115 116 138 107 95 0 0 102 102 0 137 104 115 0 147 99 100 0 119 239 137 73 0 
4.691 113 115 116 138 107 95 0 0 102 102 0 137 104 115 0 147 99 100 0 119 239 137 73 0 
4.701 113 115 116 138 107 95 0 0 102 102 0 137 104 115 0 147 99 100 0 119 239 137 73 0 
4.711 113 115 116 138 107 95 0 0 102 102 0 137 104 115 0 147 99 100 0 119 239 137 73 0 
4.721 113 115 116 138 107 95 0 0 102 102 0 137 104 115 0 147 99 100 0 119 239 137 73 0 
4.731 113 115 116 138 107 95 0 0 102 102 0 137 104 115 0 147 99 100 0 119 239 137 73 0 
4.741 113 115 116 138 107 95 0 0 102 102 0 137 104 115 0 147 99 100 0 119 239 137 73 0 
4.751 113 115 116 138 107 95 0 0 102 102 0 137 104 115 0 147 99 100 0 119 239 137 73 0 
4.761 113 115 116 138 107 95 0 0 102 102 0 137 104 115 0 147 99 100 0 119 239 137 73 0 
4.771 113 115 116 138 107 95 0 0 102 102 0 137 104 115 0 147 99 100 0 119 239 137 73 0 
4.781 113 115 116 138 107 95 0 0 102 102 0 137 104 115 0 147 99 100 0 119 239 137 73 0 
4.791 113 115 116 138 107 95 0 0 102 102 0 137 104 115 0 147 99 100 0 119 239 137 73 0 
4.801 113 115 116 138 107 95 0 0 102 102 0 137 104 115 0 147 99 100 0 119 239 137 73 0 
4.811 113 115 116 138 107 95 0 0 102 102 0 137 104 115 0 147 99 100 0 119 239 137 73 0 
4.821 113 115 116 138 107 95 0 0 102 102 0 137 104 115 0 147 99 100 0 119 239 137 73 0 
4.831 113 115 116 138 107 95 0 0 102 102 0 137 104 115 0 147 99 100 0 119 239 137 73 0 
4.841 113 115 116 138 107 95 0 0 102 102 0 137 104 115 0 147 99 100 0 119 239 137 73 0 
4.851 113 115 116 138 107 95 0 0 102 102 0 137 104 115 0 147 99 100 0 119 239 137 73 0 
4.861 113 115 116 138 107 95 0 0 102 102 0 137 104 115 0 147 99 100 0 119 239 137 73 0 
4.871 113 115 116 138 107 95 0 0 102 102 0 137 104 115 0 147 99 100 0 119 239 137 73 0 
4.881 113 115 116 138 107 95 0 0 102 102 0 137 104 115 0 147 99 100 0 119 239 137 73 0 
4.891 113 115 116 138 107 95 0 0 102 102 0 137 104 115 0 147 99 100 0 119 239 137 73 0 
4.901 113 115 116 138 107 95 0 0 102 102 0 137 104 115 0 147 99 100 0 119 239 137 73 0 
4.911 113 115 116 138 107 95 0 0 102 102 0 137 104 115 0 147 99 100 0 119 239 137 73 0 
4.921 113 115 116 138 107 95 0 0 102 102 0 137 104 115 0 147 99 100 0 119 239 137 73 0 
4.931 113 115 116 138 107 95 0 0 102 102 0 137 104 115 0 147 99 100 0 119 239 137 73 0 
4.941 113 115 116 138 107 95 0 0 102 102 0 137 104 115 0 147 99 100 0 119 239 137 73 0 
4.951 113 115 116 138 107 95 0 0 102 102 0 137 104 115 0 147 99 100 0 119 239 137 73 0 
4.961 113 115 116 138 107 95 0 0 102 102 0 137 104 115 0 147 99 100 0 119 239 137 73 0 
4.971 113 115 116 138 107 95 0 0 102 102 0 137 104 115 0 147 99 100 0 119 239 137 73 0 
4.981 113 115 116 138 107 95 0 0 102 102 0 137 104 115 0 147 99 100 0 119 239 137 73 0 
4.991 113 115 116 138 107 95 0 0 102 102 0 137 104 115 0 147 99 100 0 119 239 137 73 0 
5.001 113 115 116 138 107 95 0 0 102 102 0 137 104 115 0 147 99 100 0 119 239 137 73 0 
5.011 113 115 116 138 107 95 0 0 102 102 0 137 104 115 0 147 99 100 0 119 239 137 73 0 
5.021 113 115 116 138 107 95 0 0 102 102 0 137 104 115 0 147 99 100 0 119 239 137 73 0 
5.031 113 115 116 138 107 95 0 0 102 102 0 137 104 115 0 147 99 100 0 119 239 137 73 0 
5.041 113 115 116 138 107 95 0 0 102 102 0 137 104 115 0 147 99 100 0 119 239 137 73 0 
5.051 113 115 116 138 107 95 0 0 102 102 0 137 104 115 0 147 99 100 0 119 239 137 73 0 
5.061 113 115 116 138 107 95 0 0 102 102 0 137 104 115 0 147 99 100 0 119 239 137 73 0 
5.071 113 115 116 138 107 95 0 0 102 102 0 137 104 115 0 147 99 100 0 119 239 137 73 0 
5.081 113 115 116 138 107 95 0 0 102 102 0 137 104 115 0 147 99 100 0 119 239 137 73 0 
5.091 113 115 116 138 107 95 0 0 102 102 0 137 104 115 0 147 99 100 0 119 239 137 73 0 
5.101 113 115 116 138 107 95 0 0 102 102 0 137 104 115 0 147 99 100 0 119 239 137 73 0 
5.111 113 115 116 138 107 95 0 0 102 102 0 137 104 115 0 147 99 100 0 119 239 137 73 0 
5.121 113 115 116 138 107 95 0 0 102 102 0 137 104 115 0 147 99 100 0 119 239 137 73 0 
5.131 113 115 116 138 107 95 0 0 102 102 0 137 104 115 0 147 99 100 0 119 239 137 73 0 
5.141 113 115 116 138 107 95 0 0 102 102 0 137 104 115 0 147 99 100 0 119 239 137 73 0 
5.151 113 115 116 138 107 95 0 0 102 102 0 137 104 115 0 147 99 100 0 119 239 137 73 0 
5.161 113 115 116 138 107 95 0 0 102 102 0 137 104 115 0 147 99 100 0 119 239 137 73 0 
5.171 113 115 116 138 107 95 0 0 102 102 0 137 104 115 0 147 99 100 0 119 239 137 73 0 
5.181 113 115 116 138 107 95 0 0 102 102 0 137 104 115 0 147 99 100 0 119 239 137 73 0 
5.191 113 115 116 138 107 95 0 0 102 102 0 137 104 115 0 147 99 100 0 119 239 137 73 0 
5.201 113 115 116 138 107 95 0 0 102 102 0 137 104 115 0 147 99 100 0 119 239 137 73 0 
5.211 113 115 116 138 107 95 0 0 102 102 0 137 104 115 0 147 99 100 0 119 239 137 73 0 
5.221 113 115 116 138 107 95 0 0 102 102 0 137 104 115 0 147 99 100 0 119 239 137 73 0 
5.231 113 115 116 138 107 95 0 0 102 102 0 137 104 115 0 147 99 100 0 119 239 137 73 0 
5.241 113 115 116 138 107 95 0 0 102 102 0 137 104 115 0 147 99 100 0 119 239 137 73 0 
5.251 113 115 116 138 107 95 0 0 102 102 0 137 104 115 0 147 99 100 0 119 239 137 73 0 
5.261 113 115 116 138 107 95 0 0 102 102 0 137 104 115 0 147 99 100 0 119 239 137 73 0 
5.271 113 115 116 138 107 95 0 0 102 102 0 137 104 115 0 147 99 100 0 119 239 137 73 0 
5.281 113 115 116 138 107 95 0 0 102 102 0 137 104 115 0 147 99 100 0 119 239 137 73 0 
5.291 113 115 116 138 107 95 0 0 102 102 0 137 104 115 0 147 99 100 0 119 239 137 73 0 
5.301 113 115 116 138 107 95 0 0 102 102 0 137 104 115 0 147 99 100 0 119 239 137 73 0 
5.311 113 115 116 138 107 95 0 0 102 102 0 137 104 115 0 147 99 100 0 119 239 137 73 0 
5.321 113 115 116 138 107 95 0 0 102 102 0 137 104 115 0 147 99 100 0 119 239 137 73 0 
5.331 113 115 116 138 107 95 0 0 102 102 0 137 104 115 0 147 99 100 0 119 239 137 73 0 
5.341 113 115 116 138 107 95 0 0 102 102 0 137 104 115 0 147 99 100 0 119 239 137 73 0 
5.351 113 115 116 138 107 95 0 0 102 102 0 137 104 115 0 147 99 100 0 119 239 137 73 0 
5.361 113 115 116 138 107 95 0 0 102 102 0 137 104 115 0 147 99 100 0 119 239 137 73 0 
5.371 113 115 116 138 107 95 0 0 102 102 0 137 104 115 0 147 99 100 0 119 239 137 73 0 
5.381 113 115 116 138 107 95 0 0 102 102 0 137 104 115 0 147 99 100 0 119 239 137 73 0 
5.391 113 115 116 138 107 95 0 0 102 102 0 137 104 115 0 147 99 100 0 119 239 137 73 0 
5.401 113 115 116 138 107 95 0 0 102 102 0 137 104 115 0 147 99 100 0 119 239 137 73 0 
5.411 113 115 116 138 107 95 0 0 102 102 0 137 104 115 0 147 99 100 0 119 239 137 73 0 
5.421 113 115 116 138 107 95 0 0 102 102 0 137 104 115 0 147 99 100 0 119 239 137 73 0 
5.431 113 115 116 138 107 95 0 0 102 102 0 137 104 115 0 147 99 100 0 119 239 137 73 0 
5.441 113 115 116 138 107 95 0 0 102 102 0 137 104 115 0 147 99 100 0 119 239 137 73 0 
5.451 113 115 116 138 107 95 0 0 102 102 0 137 104 115 0 147 99 100 0 119 239 137 73 0 
5.461 113 115 116 138 107 95 0 0 102 102 0 137 104 115 0 147 99 100 0 119 239 137 73 0 
5.471 113 115 116 138 107 95 0 0 102 102 0 137 104 115 0 147 99 100 0 119 239 137 73 0 
5.481 113 115 116 138 107 95 0 0 102 102 0 137 104 115 0 147 99 100 0 119 239 137 73 0 
5.491 113 115 116 138 107 95 0 0 102 102 0 137 104 115 0 147 99 100 0 119 239 137 73 0 
5.501 113 115 116 138 107 95 0 0 102 102 0 137 104 115 0 147 99 100 0 119 239 137 73 0 
5.511 113 115 116 138 107 95 0 0 102 102 0 137 104 115 0 147 99 100 0 119 239 137 73 0 
5.521 113 115 116 138 107 95 0 0 102 102 0 137 104 115 0 147 99 100 0 119 239 137 73 0 
5.531 113 115 116 138 107 95 0 0 102 102 0 137 104 115 0 147 99 100 0 119 239 137 73 0 
5.541 113 115 116 138 107 95 0 0 102 102 0 137 104 115 0 147 99 100 0 119 239 137 73 0 
5.551 113 115 116 138 107 95 0 0 102 102 0 137 104 115 0 147 99 100 0 119 239 137 73 0 
5.561 113 115 116 138 107 95 0 0 102 102 0 137 104 115 0 147 99 100 0 119 239 137 73 0 
5.571 113 115 116 138 107 95 0 0 102 102 0 137 104 115 0 147 99 100 0 119 239 137 73 0 
5.581 113 115 116 138 107 95 0 0 102 102 0 137 104 115 0 147 99 100 0 119 239 137 73 0 
5.591 113 115 116 138 107 95 0 0 102 102 0 137 104 115 0 147 99 100 0 119 239 137 73 0 
5.601 113 115 116 138 107 95 0 0 102 102 0 137 104 115 0 147 99 100 0 119 239 137 73 0 
5.611 113 115 116 138 107 95 0 0 102 102 0 137 104 115 0 147 99 100 0 119 239 137 73 0 
5.621 113 115 116 138 107 95 0 0 102 102 0 137 104 115 0 147 99 100 0 119 239 137 73 0 
5.631 113 115 116 138 107 95 0 0 102 102 0 137 104 115 0 147 99 100 0 119 239 137 73 0 
5.641 113 115 116 138 107 95 0 0 102 102 0 137 104 115 0 147 99 100 0 119 239 137 73 0 
5.651 113 115 116 138 107 95 0 0 102 102 0 137 104 115 0 147 99 100 0 119 239 137 73 0 
5.661 113 115 116 138 107 95 0 0 102 102 0 137 104 115 0 147 99 100 0 119 239 137 73 0 
5.671 113 115 116 138 107 95 0 0 102 102 0 137 104 115 0 147 99 100 0 119 239 137 73 0 
5.681 113 115 116 138 107 95 0 0 102 102 0 137 104 115 0 147 99 100 0 119 239 137 73 0 
5.691 113 115 116 138 107 95 0 0 102 102 0 137 104 115 0 147 99 100 0 119 239 137 73 0 
5.701 113 115 116 138 107 95 0 0 102 102 0 137 104 115 0 147 99 100 0 119 239 137 73 0 
5.711 113 115 116 138 107 95 0 0 102 102 0 137 104 115 0 147 99 100 0 119 239 137 73 0 
5.721 113 115 116 138 107 95 0 0 102 102 0 137 104 115 0 147 99 100 0 119 239 137 73 0 
5.731 113 115 116 138 107 95 0 0 102 102 0 137 104 115 0 147 99 100 0 119 239 137 73 0 
5.741 113 115 116 138 107 95 0 0 102 102 0 137 104 115 0 147 99 100 0 119 239 137 73 0 
5.751 113 115 116 138 107 95 0 0 102 102 0 137 104 115 0 147 99 100 0 119 239 137 73 0 
5.761 113 115 116 138 107 95 0 0 102 102 0 137 104 115 0 147 99 100 0 119 239 137 73 0 
5.771 113 115 116 138 107 95 0 0 102 102 0 137 104 115 0 147 99 100 0 119 239 137 73 0 
5.781 113 115 116 138 107 95 0 0 102 102 0 137 104 115 0 147 99 100 0 119 239 137 73 0 
5.791 113 115 116 138 107 95 0 0 102 102 0 137 104 115 0 147 99 100 0 119 239 137 73 0 
5.801 113 115 116 138 107 95 0 0 102 102 0 137 104 115 0 147 99 100 0 119 239 137 73 0 
5.811 113 115 116 138 107 95 0 0 102 102 0 137 104 115 0 147 99 100 0 119 239 137 73 0 
5.821 113 115 116 138 107 95 0 0 102 102 0 137 104 115 0 147 99 100 0 119 239 137 73 0 
5.831 113 115 116 138 107 95 0 0 102 102 0 137 104 115 0 147 99 100 0 119 239 137 73 0 
5.841 113 115 116 138 107 95 0 0 102 102 0 137 104 115 0 147 99 100 0 119 239 137 73 0 
5.851 113 115 116 138 107 95 0 0 102 102 0 137 104 115 0 147 99 100 0 119 239 137 73 0 
5.861 113 115 116 138 107 95 0 0 102 102 0 137 104 115 0 147 99 100 0 119 239 137 73 0 
5.871 113 115 116 138 107 95 0 0 102 102 0 137 104 115 0 147 99 100 0 119 239 137 73 0 
5.881 113 115 116 138 107 95 0 0 102 102 0 137 104 115 0 147 99 100 0 119 239 137 73 0 
5.891 113 115 116 138 107 95 0 0 102 102 0 137 104 115 0 147 99 100 0 119 239 137 73 0 
5.901 113 115 116 138 107 95 0 0 102 102 0 137 104 115 0 147 99 100 0 119 239 137 73 0 
5.911 113 115 116 138 107 95 0 0 102 102 0 137 104 115 0 147 99 100 0 119 239 137 73 0 
5.921 113 115 116 138 107 95 0 0 102 102 0 137 104 115 0 147 99 100 0 119 239 137 73 0 
5.931 113 115 116 138 107 95 0 0 102 102 0 137 104 115 0 147 99 100 0 119 239 137 73 0 
5.941 113 115 116 138 107 95 0 0 102 102 0 137 104 115 0 147 99 100 0 119 239 137 73 0 
5.951 113 115 116 138 107 95 0 0 102 102 0 137 104 115 0 147 99 100 0 119 239 137 73 0 
5.961 113 115 116 138 107 95 0 0 102 102 0 137 104 115 0 147 99 100 0 119 239 137 73 0 
5.971 113 115 116 138 107 95 0 0 102 102 0 137 104 115 0 147 99 100 0 119 239 137 73 0 
5.981 113 115 116 138 107 95 0 0 102 102 0 137 104 115 0 147 99 100 0 119 239 137 73 0 
5.991 113 115 116 138 107 95 0 0 102 102 0 137 104 115 0 147 99 100 0 119 239 137 73 0 
6.001 113 115 116 138 107 95 0 0 102 102 0 137 104 115 0 147 99 100 0 119 239 137 73 0 
6.011 113 115 116 138 107 95 0 0 102 102 0 137 104 115 0 147 99 100 0 119 239 137 73 0 
6.021 113 115 116 138 107 95 0 0 102 102 0 137 104 115 0 147 99 100 0 119 239 137 73 0 
6.031 113 115 116 138 107 95 0 0 102 102 0 137 104 115 0 147 99 100 0 119 239 137 73 0 
6.041 113 115 116 138 107 95 0 0 102 102 0 137 104 115 0 147 99 100 0 119 239 137 73 0 
6.052 113 115 116 138 107 95 0 0 102 102 0 137 104 115 0 147 99 100 0 119 239 137 73 0 
6.061 113 115 116 138 107 95 0 0 102 102 0 137 104 115 0 147 99 100 0 119 239 137 73 0 
6.071 113 115 116 138 107 95 0 0 102 102 0 137 104 115 0 147 99 100 0 119 239 137 73 0 
6.081 113 115 116 138 107 95 0 0 102 102 0 137 104 115 0 147 99 100 0 119 239 137 73 0 
6.091 113 115 116 138 107 95 0 0 102 102 0 137 104 115 0 147 99 100 0 119 239 137 73 0 
6.101 113 115 116 138 107 95 0 0 102 102 0 137 104 115 0 147 99 100 0 119 239 137 73 0 
6.111 113 115 116 138 107 95 0 0 102 102 0 137 104 115 0 147 99 100 0 119 239 137 73 0 
6.121 113 115 116 138 107 95 0 0 102 102 0 137 104 115 0 147 99 100 0 119 239 137 73 0 
6.131 113 115 116 138 107 95 0 0 102 102 0 137 104 115 0 147 99 100 0 119 239 137 73 0 
6.141 113 115 116 138 107 95 0 0 102 102 0 137 104 115 0 147 99 100 0 119 239 137 73 0 
6.151 113 115 116 138 107 95 0 0 102 102 0 137 104 115 0 147 99 100 0 119 239 137 73 0 
6.161 113 115 116 138 107 95 0 0 102 102 0 137 104 115 0 147 99 100 0 119 239 137 73 0 
6.171 113 115 116 138 107 95 0 0 102 102 0 137 104 115 0 147 99 100 0 119 239 137 73 0 
6.181 113 115 116 138 107 95 0 0 102 102 0 137 104 115 0 147 99 100 0 119 239 137 73 0 
6.191 113 115 116 138 107 95 0 0 102 102 0 137 104 115 0 147 99 100 0 119 239 137 73 0 
6.201 113 115 116 138 107 95 0 0 102 102 0 137 104 115 0 147 99 100 0 119 239 137 73 0 
6.211 113 115 116 138 107 95 0 0 102 102 0 137 104 115 0 147 99 100 0 119 239 137 73 0 
6.221 113 115 116 138 107 95 0 0 102 102 0 137 104 115 0 147 99 100 0 119 239 137 73 0 
6.231 113 115 116 138 107 95 0 0 102 102 0 137 104 115 0 147 99 100 0 119 239 137 73 0 
6.241 113 115 116 138 107 95 0 0 102 102 0 137 104 115 0 147 99 100 0 119 239 137 73 0 
6.251 113 115 116 138 107 95 0 0 102 102 0 137 104 115 0 147 99 100 0 119 239 137 73 0 
6.261 113 115 116 138 107 95 0 0 102 102 0 137 104 115 0 147 99 100 0 119 239 137 73 0 
6.271 113 115 116 138 107 95 0 0 102 102 0 137 104 115 0 147 99 100 0 119 239 137 73 0 
6.281 113 115 116 138 107 95 0 0 102 102 0 137 104 115 0 147 99 100 0 119 239 137 73 0 
6.291 113 115 116 138 107 95 0 0 102 102 0 137 104 115 0 147 99 100 0 119 239 137 73 0 
6.301 113 115 116 138 107 95 0 0 102 102 0 137 104 115 0 147 99 100 0 119 239 137 73 0 
6.311 113 115 116 138 107 95 0 0 102 102 0 137 104 115 0 147 99 100 0 119 239 137 73 0 
6.321 113 115 116 138 107 95 0 0 102 102 0 137 104 115 0 147 99 100 0 119 239 137 73 0 
6.331 113 115 116 138 107 95 0 0 102 102 0 137 104 115 0 147 99 100 0 119 239 137 73 0 
6.341 113 115 116 138 107 95 0 0 102 102 0 137 104 115 0 147 99 100 0 119 239 137 73 0 
6.351 113 115 116 138 107 95 0 0 102 102 0 137 104 115 0 147 99 100 0 119 239 137 73 0 
6.361 113 115 116 138 107 95 0 0 102 102 0 137 104 115 0 147 99 100 0 119 239 137 73 0 
6.371 113 115 116 138 107 95 0 0 102 102 0 137 104 115 0 147 99 100 0 119 239 137 73 0 
6.381 113 115 116 138 107 95 0 0 102 102 0 137 104 115 0 147 99 100 0 119 239 137 73 0 
6.391 113 115 116 138 107 95 0 0 102 102 0 137 104 115 0 147 99 100 0 119 239 137 73 0 
6.401 113 115 116 138 107 95 0 0 102 102 0 137 104 115 0 147 99 100 0 119 239 137 73 0 
6.411 113 115 116 138 107 95 0 0 102 102 0 137 104 115 0 147 99 100 0 119 239 137 73 0 
6.421 113 115 116 138 107 95 0 0 102 102 0 137 104 115 0 147 99 100 0 119 239 137 73 0 
6.431 113 115 116 138 107 95 0 0 102 102 0 137 104 115 0 147 99 100 0 119 239 137 73 0 
6.441 113 115 116 138 107 95 0 0 102 102 0 137 104 115 0 147 99 100 0 119 239 137 73 0 
6.451 113 115 116 138 107 95 0 0 102 102 0 137 104 115 0 147 99 100 0 119 239 137 73 0 
6.461 113 115 116 138 107 95 0 0 102 102 0 137 104 115 0 147 99 100 0 119 239 137 73 0 
6.471 113 115 116 138 107 95 0 0 102 102 0 137 104 115 0 147 99 100 0 119 239 137 73 0 
6.481 113 115 116 138 107 95 0 0 102 102 0 137 104 115 0 147 99 100 0 119 239 137 73 0 
6.491 113 115 116 138 107 95 0 0 102 102 0 137 104 115 0 147 99 100 0 119 239 137 73 0 
6.501 113 115 116 138 107 95 0 0 102 102 0 137 104 115 0 147 99 100 0 119 239 137 73 0 
6.511 113 115 116 138 107 95 0 0 102 102 0 137 104 115 0 147 99 100 0 119 239 137 73 0 
6.521 113 115 116 138 107 95 0 0 102 102 0 137 104 115 0 147 99 100 0 119 239 137 73 0 
6.531 113 115 116 138 107 95 0 0 102 102 0 137 104 115 0 147 99 100 0 119 239 137 73 0 
6.541 113 115 116 138 107 95 0 0 102 102 0 137 104 115 0 147 99 100 0 119 239 137 73 0 
6.551 113 115 116 138 107 95 0 0 102 102 0 137 104 115 0 147 99 100 0 119 239 137 73 0 
6.561 113 115 116 138 107 95 0 0 102 102 0 137 104 115 0 147 99 100 0 119 239 137 73 0 
6.571 113 115 116 138 107 95 0 0 102 102 0 137 104 115 0 147 99 100 0 119 239 137 73 0 
6.581 113 115 116 138 107 95 0 0 102 102 0 137 104 115 0 147 99 100 0 119 239 137 73 0 
6.591 113 115 116 138 107 95 0 0 102 102 0 137 104 115 0 147 99 100 0 119 239 137 73 0 
6.601 113 115 116 138 107 95 0 0 102 102 0 137 104 115 0 147 99 100 0 119 239 137 73 0 
6.611 113 115 116 138 107 95 0 0 102 102 0 137 104 115 0 147 99 100 0 119 239 137 73 0 
6.621 113 115 116 138 107 95 0 0 102 102 0 137 104 115 0 147 99 100 0 119 239 137 73 0 
6.631 113 115 116 138 107 95 0 0 102 102 0 137 104 115 0 147 99 100 0 119 239 137 73 0 
6.641 113 115 116 138 107 95 0 0 102 102 0 137 104 115 0 147 99 100 0 119 239 137 73 0 
6.651 113 115 116 138 107 95 0 0 102 102 0 137 104 115 0 147 99 100 0 119 239 137 73 0 
6.661 113 115 116 138 107 95 0 0 102 102 0 137 104 115 0 147 99 100 0 119 239 137 73 0 
6.671 113 115 116 138 107 95 0 0 102 102 0 137 104 115 0 147 99 100 0 119 239 137 73 0 
6.681 113 115 116 138 107 95 0 0 102 102 0 137 104 115 0 147 99 100 0 119 239 137 73 0 
6.691 113 115 116 138 107 95 0 0 102 102 0 137 104 115 0 147 99 100 0 119 239 137 73 0 
6.701 113 115 116 138 107 95 0 0 102 102 0 137 104 115 0 147 99 100 0 119 239 137 73 0 
6.711 113 115 116 138 107 95 0 0 102 102 0 137 104 115 0 147 99 100 0 119 239 137 73 0 
6.721 113 115 116 138 107 95 0 0 102 102 0 137 104 115 0 147 99 100 0 119 239 137 73 0 
6.731 113 115 116 138 107 95 0 0 102 102 0 137 104 115 0 147 99 100 0 119 239 137 73 0 
6.741 113 115 116 138 107 95 0 0 102 102 0 137 104 115 0 147 99 100 0 119 239 137 73 0 
6.751 113 115 116 138 107 95 0 0 102 102 0 137 104 115 0 147 99 100 0 119 239 137 73 0 
6.761 113 115 116 138 107 95 0 0 102 102 0 137 104 115 0 147 99 100 0 119 239 137 73 0 
6.771 113 115 116 138 107 95 0 0 102 102 0 137 104 115 0 147 99 100 0 119 239 137 73 0 
6.781 113 115 116 138 107 95 0 0 102 102 0 137 104 115 0 147 99 100 0 119 239 137 73 0 
6.791 113 115 116 138 107 95 0 0 102 102 0 137 104 115 0 147 99 100 0 119 239 137 73 0 
6.801 113 115 116 138 107 95 0 0 102 102 0 137 104 115 0 147 99 100 0 119 239 137 73 0 
6.811 113 115 116 138 107 95 0 0 102 102 0 137 104 115 0 147 99 100 0 119 239 137 73 0 
6.821 113 115 116 138 107 95 0 0 102 102 0 137 104 115 0 147 99 100 0 119 239 137 73 0 
6.831 113 115 116 138 107 95 0 0 102 102 0 137 104 115 0 147 99 100 0 119 239 137 73 0 
6.841 113 115 116 138 107 95 0 0 102 102 0 137 104 115 0 147 99 100 0 119 239 137 73 0 
6.851 113 115 116 138 107 95 0 0 102 102 0 137 104 115 0 147 99 100 0 119 239 137 73 0 
6.861 113 115 116 138 107 95 0 0 102 102 0 137 104 115 0 147 99 100 0 119 239 137 73 0 
6.871 113 115 116 138 107 95 0 0 102 102 0 137 104 115 0 147 99 100 0 119 239 137 73 0 
6.881 113 115 116 138 107 95 0 0 102 102 0 137 104 115 0 147 99 100 0 119 239 137 73 0 
6.891 113 115 116 138 107 95 0 0 102 102 0 137 104 115 0 147 99 100 0 119 239 137 73 0 
6.901 113 115 116 138 107 95 0 0 102 102 0 137 104 115 0 147 99 100 0 119 239 137 73 0 
6.911 113 115 116 138 107 95 0 0 102 102 0 137 104 115 0 147 99 100 0 119 239 137 73 0 
6.921 113 115 116 138 107 95 0 0 102 102 0 137 104 115 0 147 99 100 0 119 239 137 73 0 
6.931 113 115 116 138 107 95 0 0 102 102 0 137 104 115 0 147 99 100 0 119 239 137 73 0 
6.941 113 115 116 138 107 95 0 0 102 102 0 137 104 115 0 147 99 100 0 119 239 137 73 0 
6.951 113 115 116 138 107 95 0 0 102 102 0 137 104 115 0 147 99 100 0 119 239 137 73 0 
6.961 113 115 116 138 107 95 0 0 102 102 0 137 104 115 0 147 99 100 0 119 239 137 73 0 
6.971 113 115 116 138 107 95 0 0 102 102 0 137 104 115 0 147 99 100 0 119 239 137 73 0 
6.981 113 115 116 138 107 95 0 0 102 102 0 137 104 115 0 147 99 100 0 119 239 137 73 0 
6.991 113 115 116 138 107 95 0 0 102 102 0 137 104 115 0 147 99 100 0 119 239 137 73 0 
7.001 113 115 116 138 107 95 0 0 102 102 0 137 104 115 0 147 99 100 0 119 239 137 73 0 
7.011 113 115 116 138 107 95 0 0 102 102 0 137 104 115 0 147 99 100 0 119 239 137 73 0 
7.021 113 115 116 138 107 95 0 0 102 102 0 137 104 115 0 147 99 100 0 119 239 137 73 0 
7.031 113 115 116 138 107 95 0 0 102 102 0 137 104 115 0 147 99 100 0 119 239 137 73 0 
7.041 113 115 116 138 107 95 0 0 102 102 0 137 104 115 0 147 99 100 0 119 239 137 73 0 
7.051 113 115 116 138 107 95 0 0 102 102 0 137 104 115 0 147 99 100 0 119 239 137 73 0 
7.061 113 115 116 138 107 95 0 0 102 102 0 137 104 115 0 147 99 100 0 119 239 137 73 0 
7.071 113 115 116 138 107 95 0 0 102 102 0 137 104 115 0 147 99 100 0 119 239 137 73 0 
7.081 113 115 116 138 107 95 0 0 102 102 0 137 104 115 0 147 99 100 0 119 239 137 73 0 
7.091 113 115 116 138 107 95 0 0 102 102 0 137 104 115 0 147 99 100 0 119 239 137 73 0 
7.101 113 115 116 138 107 95 0 0 102 102 0 137 104 115 0 147 99 100 0 119 239 137 73 0 
7.111 113 115 116 138 107 95 0 0 102 102 0 137 104 115 0 147 99 100 0 119 239 137 73 0 
7.121 113 115 116 138 107 95 0 0 102 102 0 137 104 115 0 147 99 100 0 119 239 137 73 0 
7.131 113 115 116 138 107 95 0 0 102 102 0 137 104 115 0 147 99 100 0 119 239 137 73 0 
7.141 113 115 116 138 107 95 0 0 102 102 0 137 104 115 0 147 99 100 0 119 239 137 73 0 
7.151 113 115 116 138 107 95 0 0 102 102 0 137 104 115 0 147 99 100 0 119 239 137 73 0 
7.161 113 115 116 138 107 95 0 0 102 102 0 137 104 115 0 147 99 100 0 119 239 137 73 0 
7.171 113 115 116 138 107 95 0 0 102 102 0 137 104 115 0 147 99 100 0 119 239 137 73 0 
7.181 113 115 116 138 107 95 0 0 102 102 0 137 104 115 0 147 99 100 0 119 239 137 73 0 
7.191 113 115 116 138 107 95 0 0 102 102 0 137 104 115 0 147 99 100 0 119 239 137 73 0 
7.201 113 115 116 138 107 95 0 0 102 102 0 137 104 115 0 147 99 100 0 119 239 137 73 0 
7.211 113 115 116 138 107 95 0 0 102 102 0 137 104 115 0 147 99 100 0 119 239 137 73 0 
7.221 113 115 116 138 107 95 0 0 102 102 0 137 104 115 0 147 99 100 0 119 239 137 73 0 
7.231 113 115 116 138 107 95 0 0 102 102 0 137 104 115 0 147 99 100 0 119 239 137 73 0 
7.241 113 115 116 138 107 95 0 0 102 102 0 137 104 115 0 147 99 100 0 119 239 137 73 0 
7.251 113 115 116 138 107 95 0 0 102 102 0 137 104 115 0 147 99 100 0 119 239 137 73 0 
7.261 113 115 116 138 107 95 0 0 102 102 0 137 104 115 0 147 99 100 0 119 239 137 73 0 
7.271 113 115 116 138 107 95 0 0 102 102 0 137 104 115 0 147 99 100 0 119 239 137 73 0 
7.281 113 115 116 138 107 95 0 0 102 102 0 137 104 115 0 147 99 100 0 119 239 137 73 0 
7.291 113 115 116 138 107 95 0 0 102 102 0 137 104 115 0 147 99 100 0 119 239 137 73 0 
7.301 113 115 116 138 107 95 0 0 102 102 0 137 104 115 0 147 99 100 0 119 239 137 73 0 
7.311 113 115 116 138 107 95 0 0 102 102 0 137 104 115 0 147 99 100 0 119 239 137 73 0 
7.321 113 115 116 138 107 95 0 0 102 102 0 137 104 115 0 147 99 100 0 119 239 137 73 0 
7.331 113 115 116 138 107 95 0 0 102 102 0 137 104 115 0 147 99 100 0 119 239 137 73 0 
7.341 113 115 116 138 107 95 0 0 102 102 0 137 104 115 0 147 99 100 0 119 239 137 73 0 
7.351 113 115 116 138 107 95 0 0 102 102 0 137 104 115 0 147 99 100 0 119 239 137 73 0 
7.361 113 115 116 138 107 95 0 0 102 102 0 137 104 115 0 147 99 100 0 119 239 137 73 0 
7.371 113 115 116 138 107 95 0 0 102 102 0 137 104 115 0 147 99 100 0 119 239 137 73 0 
7.381 113 115 116 138 107 95 0 0 102 102 0 137 104 115 0 147 99 100 0 119 239 137 73 0 
7.391 113 115 116 138 107 95 0 0 102 102 0 137 104 115 0 147 99 100 0 119 239 137 73 0 
7.401 113 115 116 138 107 95 0 0 102 102 0 137 104 115 0 147 99 100 0 119 239 137 73 0 
7.411 113 115 116 138 107 95 0 0 102 102 0 137 104 115 0 147 99 100 0 119 239 137 73 0 
7.421 113 115 116 138 107 95 0 0 102 102 0 137 104 115 0 147 99 100 0 119 239 137 73 0 
7.431 113 115 116 138 107 95 0 0 102 102 0 137 104 115 0 147 99 100 0 119 239 137 73 0 
7.441 113 115 116 138 107 95 0 0 102 102 0 137 104 115 0 147 99 100 0 119 239 137 73 0 
7.451 113 115 116 138 107 95 0 0 102 102 0 137 104 115 0 147 99 100 0 119 239 137 73 0 
7.461 113 115 116 138 107 95 0 0 102 102 0 137 104 115 0 147 99 100 0 119 239 137 73 0 
7.471 113 115 116 138 107 95 0 0 102 102 0 137 104 115 0 147 99 100 0 119 239 137 73 0 
7.481 113 115 116 138 107 95 0 0 102 102 0 137 104 115 0 147 99 100 0 119 239 137 73 0 
7.491 113 115 116 138 107 95 0 0 102 102 0 137 104 115 0 147 99 100 0 119 239 137 73 0 
7.501 113 115 116 138 107 95 0 0 102 102 0 137 104 115 0 147 99 100 0 119 239 137 73 0 
7.511 113 115 116 138 107 95 0 0 102 102 0 137 104 115 0 147 99 100 0 119 239 137 73 0 
7.521 113 115 116 138 107 95 0 0 102 102 0 137 104 115 0 147 99 100 0 119 239 137 73 0 
7.531 113 115 116 138 107 95 0 0 102 102 0 137 104 115 0 147 99 100 0 119 239 137 73 0 
7.541 113 115 116 138 107 95 0 0 102 102 0 137 104 115 0 147 99 100 0 119 239 137 73 0 
7.551 113 115 116 138 107 95 0 0 102 102 0 137 104 115 0 147 99 100 0 119 239 137 73 0 
7.561 113 115 116 138 107 95 0 0 102 102 0 137 104 115 0 147 99 100 0 119 239 137 73 0 
7.571 113 115 116 138 107 95 0 0 102 102 0 137 104 115 0 147 99 100 0 119 239 137 73 0 
7.581 113 115 116 138 107 95 0 0 102 102 0 137 104 115 0 147 99 100 0 119 239 137 73 0 
7.591 113 115 116 138 107 95 0 0 102 102 0 137 104 115 0 147 99 100 0 119 239 137 73 0 
7.601 113 115 116 138 107 95 0 0 102 102 0 137 104 115 0 147 99 100 0 119 239 137 73 0 
7.611 113 115 116 138 107 95 0 0 102 102 0 137 104 115 0 147 99 100 0 119 239 137 73 0 
7.621 113 115 116 138 107 95 0 0 102 102 0 137 104 115 0 147 99 100 0 119 239 137 73 0 
7.631 113 115 116 138 107 95 0 0 102 102 0 137 104 115 0 147 99 100 0 119 239 137 73 0 
7.641 113 115 116 138 107 95 0 0 102 102 0 137 104 115 0 147 99 100 0 119 239 137 73 0 
7.651 113 115 116 138 107 95 0 0 102 102 0 137 104 115 0 147 99 100 0 119 239 137 73 0 
7.661 113 115 116 138 107 95 0 0 102 102 0 137 104 115 0 147 99 100 0 119 239 137 73 0 
7.671 113 115 116 138 107 95 0 0 102 102 0 137 104 115 0 147 99 100 0 119 239 137 73 0 
7.681 113 115 116 138 107 95 0 0 102 102 0 137 104 115 0 147 99 100 0 119 239 137 73 0 
7.691 113 115 116 138 107 95 0 0 102 102 0 137 104 115 0 147 99 100 0 119 239 137 73 0 
7.701 113 115 116 138 107 95 0 0 102 102 0 137 104 115 0 147 99 100 0 119 239 137 73 0 
7.711 113 115 116 138 107 95 0 0 102 102 0 137 104 115 0 147 99 100 0 119 239 137 73 0 
7.721 113 115 116 138 107 95 0 0 102 102 0 137 104 115 0 147 99 100 0 119 239 137 73 0 
7.731 113 115 116 138 107 95 0 0 102 102 0 137 104 115 0 147 99 100 0 119 239 137 73 0 
7.741 113 115 116 138 107 95 0 0 102 102 0 137 104 115 0 147 99 100 0 119 239 137 73 0 
7.751 113 115 116 138 107 95 0 0 102 102 0 137 104 115 0 147 99 100 0 119 239 137 73 0 
7.761 113 115 116 138 107 95 0 0 102 102 0 137 104 115 0 147 99 100 0 119 239 137 73 0 
7.771 113 115 116 138 107 95 0 0 102 102 0 137 104 115 0 147 99 100 0 119 239 137 73 0 
7.781 113 115 116 138 107 95 0 0 102 102 0 137 104 115 0 147 99 100 0 119 239 137 73 0 
7.791 113 115 116 138 107 95 0 0 102 102 0 137 104 115 0 147 99 100 0 119 239 137 73 0 
7.801 113 115 116 138 107 95 0 0 102 102 0 137 104 115 0 147 99 100 0 119 239 137 73 0 
7.811 113 115 116 138 107 95 0 0 102 102 0 137 104 115 0 147 99 100 0 119 239 137 73 0 
7.821 113 115 116 138 107 95 0 0 102 102 0 137 104 115 0 147 99 100 0 119 239 137 73 0 
7.831 113 115 116 138 107 95 0 0 102 102 0 137 104 115 0 147 99 100 0 119 239 137 73 0 
7.841 113 115 116 138 107 95 0 0 102 102 0 137 104 115 0 147 99 100 0 119 239 137 73 0 
7.851 113 115 116 138 107 95 0 0 102 102 0 137 104 115 0 147 99 100 0 119 239 137 73 0 
7.862 113 115 116 138 107 95 0 0 102 102 0 137 104 115 0 147 99 100 0 119 239 137 73 0 
7.871 113 115 116 138 107 95 0 0 102 102 0 137 104 115 0 147 99 100 0 119 239 137 73 0 
7.881 113 115 116 138 107 95 0 0 102 102 0 137 104 115 0 147 99 100 0 119 239 137 73 0 
7.891 113 115 116 138 107 95 0 0 102 102 0 137 104 115 0 147 99 100 0 119 239 137 73 0 
7.901 113 115 116 138 107 95 0 0 102 102 0 137 104 115 0 147 99 100 0 119 239 137 73 0 
7.911 113 115 116 138 107 95 0 0 102 102 0 137 104 115 0 147 99 100 0 119 239 137 73 0 
7.921 113 115 116 138 107 95 0 0 102 102 0 137 104 115 0 147 99 100 0 119 239 137 73 0 
7.931 113 115 116 138 107 95 0 0 102 102 0 137 104 115 0 147 99 100 0 119 239 137 73 0 
7.941 113 115 116 138 107 95 0 0 102 102 0 137 104 115 0 147 99 100 0 119 239 137 73 0 
7.951 113 115 116 138 107 95 0 0 102 102 0 137 104 115 0 147 99 100 0 119 239 137 73 0 
7.961 113 115 116 138 107 95 0 0 102 102 0 137 104 115 0 147 99 100 0 119 239 137 73 0 
7.971 113 115 116 138 107 95 0 0 102 102 0 137 104 115 0 147 99 100 0 119 239 137 73 0 
7.981 113 115 116 138 107 95 0 0 102 102 0 137 104 115 0 147 99 100 0 119 239 137 73 0 
7.991 113 115 116 138 107 95 0 0 102 102 0 137 104 115 0 147 99 100 0 119 239 137 73 0 
8.001 113 115 116 138 107 95 0 0 102 102 0 137 104 115 0 147 99 100 0 119 239 137 73 0 
8.011 113 115 116 138 107 95 0 0 102 102 0 137 104 115 0 147 99 100 0 119 239 137 73 0 
8.021 113 115 116 138 107 95 0 0 102 102 0 137 104 115 0 147 99 100 0 119 239 137 73 0 
8.031 113 115 116 138 107 95 0 0 102 102 0 137 104 115 0 147 99 100 0 119 239 137 73 0 
8.041 113 115 116 138 107 95 0 0 102 102 0 137 104 115 0 147 99 100 0 119 239 137 73 0 
8.051 113 115 116 138 107 95 0 0 102 102 0 137 104 115 0 147 99 100 0 119 239 137 73 0 
8.061 113 115 116 138 107 95 0 0 102 102 0 137 104 115 0 147 99 100 0 119 239 137 73 0 
8.071 113 115 116 138 107 95 0 0 102 102 0 137 104 115 0 147 99 100 0 119 239 137 73 0 
8.081 113 115 116 138 107 95 0 0 102 102 0 137 104 115 0 147 99 100 0 119 239 137 73 0 
8.091 113 115 116 138 107 95 0 0 102 102 0 137 104 115 0 147 99 100 0 119 239 137 73 0 
8.101 113 115 116 138 107 95 0 0 102 102 0 137 104 115 0 147 99 100 0 119 239 137 73 0 
8.111 113 115 116 138 107 95 0 0 102 102 0 137 104 115 0 147 99 100 0 119 239 137 73 0 
8.121 113 115 116 138 107 95 0 0 102 102 0 137 104 115 0 147 99 100 0 119 239 137 73 0 
8.131 113 115 116 138 107 95 0 0 102 102 0 137 104 115 0 147 99 100 0 119 239 137 73 0 
8.141 113 115 116 138 107 95 0 0 102 102 0 137 104 115 0 147 99 100 0 119 239 137 73 0 
8.151 113 115 116 138 107 95 0 0 102 102 0 137 104 115 0 147 99 100 0 119 239 137 73 0 
8.161 113 115 116 138 107 95 0 0 102 102 0 137 104 115 0 147 99 100 0 119 239 137 73 0 
8.171 113 115 116 138 107 95 0 0 102 102 0 137 104 115 0 147 99 100 0 119 239 137 73 0 
8.181 113 115 116 138 107 95 0 0 102 102 0 137 104 115 0 147 99 100 0 119 239 137 73 0 
8.191 113 115 116 138 107 95 0 0 102 102 0 137 104 115 0 147 99 100 0 119 239 137 73 0 
8.201 113 115 116 138 107 95 0 0 102 102 0 137 104 115 0 147 99 100 0 119 239 137 73 0 
8.211 113 115 116 138 107 95 0 0 102 102 0 137 104 115 0 147 99 100 0 119 239 137 73 0 
8.221 113 115 116 138 107 95 0 0 102 102 0 137 104 115 0 147 99 100 0 119 239 137 73 0 
8.231 113 115 116 138 107 95 0 0 102 102 0 137 104 115 0 147 99 100 0 119 239 137 73 0 
8.241 113 115 116 138 107 95 0 0 102 102 0 137 104 115 0 147 99 100 0 119 239 137 73 0 
8.251 113 115 116 138 107 95 0 0 102 102 0 137 104 115 0 147 99 100 0 119 239 137 73 0 
8.261 113 115 116 138 107 95 0 0 102 102 0 137 104 115 0 147 99 100 0 119 239 137 73 0 
8.271 113 115 116 138 107 95 0 0 102 102 0 137 104 115 0 147 99 100 0 119 239 137 73 0 
8.281 113 115 116 138 107 95 0 0 102 102 0 137 104 115 0 147 99 100 0 119 239 137 73 0 
8.291 113 115 116 138 107 95 0 0 102 102 0 137 104 115 0 147 99 100 0 119 239 137 73 0 
8.301 113 115 116 138 107 95 0 0 102 102 0 137 104 115 0 147 99 100 0 119 239 137 73 0 
8.311 113 115 116 138 107 95 0 0 102 102 0 137 104 115 0 147 99 100 0 119 239 137 73 0 
8.321 113 115 116 138 107 95 0 0 102 102 0 137 104 115 0 147 99 100 0 119 239 137 73 0 
8.331 113 115 116 138 107 95 0 0 102 102 0 137 104 115 0 147 99 100 0 119 239 137 73 0 
8.341 113 115 116 138 107 95 0 0 102 102 0 137 104 115 0 147 99 100 0 119 239 137 73 0 
8.351 113 115 116 138 107 95 0 0 102 102 0 137 104 115 0 147 99 100 0 119 239 137 73 0 
8.361 113 115 116 138 107 95 0 0 102 102 0 137 104 115 0 147 99 100 0 119 239 137 73 0 
8.371 113 115 116 138 107 95 0 0 102 102 0 137 104 115 0 147 99 100 0 119 239 137 73 0 
8.381 113 115 116 138 107 95 0 0 102 102 0 137 104 115 0 147 99 100 0 119 239 137 73 0 
8.391 113 115 116 138 107 95 0 0 102 102 0 137 104 115 0 147 99 100 0 119 239 137 73 0 
8.401 113 115 116 138 107 95 0 0 102 102 0 137 104 115 0 147 99 100 0 119 239 137 73 0 
8.411 113 115 116 138 107 95 0 0 102 102 0 137 104 115 0 147 99 100 0 119 239 137 73 0 
8.421 113 115 116 138 107 95 0 0 102 102 0 137 104 115 0 147 99 100 0 119 239 137 73 0 
8.431 113 115 116 138 107 95 0 0 102 102 0 137 104 115 0 147 99 100 0 119 239 137 73 0 
8.441 113 115 116 138 107 95 0 0 102 102 0 137 104 115 0 147 99 100 0 119 239 137 73 0 
8.451 113 115 116 138 107 95 0 0 102 102 0 137 104 115 0 147 99 100 0 119 239 137 73 0 
8.461 113 115 116 138 107 95 0 0 102 102 0 137 104 115 0 147 99 100 0 119 239 137 73 0 
8.471 113 115 116 138 107 95 0 0 102 102 0 137 104 115 0 147 99 100 0 119 239 137 73 0 
8.481 113 115 116 138 107 95 0 0 102 102 0 137 104 115 0 147 99 100 0 119 239 137 73 0 
8.491 113 115 116 138 107 95 0 0 102 102 0 137 104 115 0 147 99 100 0 119 239 137 73 0 
8.501 113 115 116 138 107 95 0 0 102 102 0 137 104 115 0 147 99 100 0 119 239 137 73 0 
8.511 113 115 116 138 107 95 0 0 102 102 0 137 104 115 0 147 99 100 0 119 239 137 73 0 
8.521 113 115 116 138 107 95 0 0 102 102 0 137 104 115 0 147 99 100 0 119 239 137 73 0 
8.531 113 115 116 138 107 95 0 0 102 102 0 137 104 115 0 147 99 100 0 119 239 137 73 0 
8.541 113 115 116 138 107 95 0 0 102 102 0 137 104 115 0 147 99 100 0 119 239 137 73 0 
8.551 113 115 116 138 107 95 0 0 102 102 0 137 104 115 0 147 99 100 0 119 239 137 73 0 
8.561 113 115 116 138 107 95 0 0 102 102 0 137 104 115 0 147 99 100 0 119 239 137 73 0 
8.571 113 115 116 138 107 95 0 0 102 102 0 137 104 115 0 147 99 100 0 119 239 137 73 0 
8.581 113 115 116 138 107 95 0 0 102 102 0 137 104 115 0 147 99 100 0 119 239 137 73 0 
8.591 113 115 116 138 107 95 0 0 102 102 0 137 104 115 0 147 99 100 0 119 239 137 73 0 
8.601 113 115 116 138 107 95 0 0 102 102 0 137 104 115 0 147 99 100 0 119 239 137 73 0 
8.611 113 115 116 138 107 95 0 0 102 102 0 137 104 115 0 147 99 100 0 119 239 137 73 0 
8.621 113 115 116 138 107 95 0 0 102 102 0 137 104 115 0 147 99 100 0 119 239 137 73 0 
8.631 113 115 116 138 107 95 0 0 102 102 0 137 104 115 0 147 99 100 0 119 239 137 73 0 
8.641 113 115 116 138 107 95 0 0 102 102 0 137 104 115 0 147 99 100 0 119 239 137 73 0 
8.651 113 115 116 138 107 95 0 0 102 102 0 137 104 115 0 147 99 100 0 119 239 137 73 0 
8.661 113 115 116 138 107 95 0 0 102 102 0 137 104 115 0 147 99 100 0 119 239 137 73 0 
8.671 113 115 116 138 107 95 0 0 102 102 0 137 104 115 0 147 99 100 0 119 239 137 73 0 
8.681 113 115 116 138 107 95 0 0 102 102 0 137 104 115 0 147 99 100 0 119 239 137 73 0 
8.691 113 115 116 138 107 95 0 0 102 102 0 137 104 115 0 147 99 100 0 119 239 137 73 0 
8.701 113 115 116 138 107 95 0 0 102 102 0 137 104 115 0 147 99 100 0 119 239 137 73 0 
8.711 113 115 116 138 107 95 0 0 102 102 0 137 104 115 0 147 99 100 0 119 239 137 73 0 
8.721 113 115 116 138 107 95 0 0 102 102 0 137 104 115 0 147 99 100 0 119 239 137 73 0 
8.731 113 115 116 138 107 95 0 0 102 102 0 137 104 115 0 147 99 100 0 119 239 137 73 0 
8.741 113 115 116 138 107 95 0 0 102 102 0 137 104 115 0 147 99 100 0 119 239 137 73 0 
8.751 113 115 116 138 107 95 0 0 102 102 0 137 104 115 0 147 99 100 0 119 239 137 73 0 
8.761 113 115 116 138 107 95 0 0 102 102 0 137 104 115 0 147 99 100 0 119 239 137 73 0 
8.771 113 115 116 138 107 95 0 0 102 102 0 137 104 115 0 147 99 100 0 119 239 137 73 0 
8.781 113 115 116 138 107 95 0 0 102 102 0 137 104 115 0 147 99 100 0 119 239 137 73 0 
8.791 113 115 116 138 107 95 0 0 102 102 0 137 104 115 0 147 99 100 0 119 239 137 73 0 
8.801 113 115 116 138 107 95 0 0 102 102 0 137 104 115 0 147 99 100 0 119 239 137 73 0 
8.811 113 115 116 138 107 95 0 0 102 102 0 137 104 115 0 147 99 100 0 119 239 137 73 0 
8.821 113 115 116 138 107 95 0 0 102 102 0 137 104 115 0 147 99 100 0 119 239 137 73 0 
8.831 113 115 116 138 107 95 0 0 102 102 0 137 104 115 0 147 99 100 0 119 239 137 73 0 
8.841 113 115 116 138 107 95 0 0 102 102 0 137 104 115 0 147 99 100 0 119 239 137 73 0 
8.851 113 115 116 138 107 95 0 0 102 102 0 137 104 115 0 147 99 100 0 119 239 137 73 0 
8.861 113 115 116 138 107 95 0 0 102 102 0 137 104 115 0 147 99 100 0 119 239 137 73 0 
8.871 113 115 116 138 107 95 0 0 102 102 0 137 104 115 0 147 99 100 0 119 239 137 73 0 
8.881 113 115 116 138 107 95 0 0 102 102 0 137 104 115 0 147 99 100 0 119 239 137 73 0 
8.891 113 115 116 138 107 95 0 0 102 102 0 137 104 115 0 147 99 100 0 119 239 137 73 0 
8.901 113 115 116 138 107 95 0 0 102 102 0 137 104 115 0 147 99 100 0 119 239 137 73 0 
8.911 113 115 116 138 107 95 0 0 102 102 0 137 104 115 0 147 99 100 0 119 239 137 73 0 
8.921 113 115 116 138 107 95 0 0 102 102 0 137 104 115 0 147 99 100 0 119 239 137 73 0 
8.931 113 115 116 138 107 95 0 0 102 102 0 137 104 115 0 147 99 100 0 119 239 137 73 0 
8.941 113 115 116 138 107 95 0 0 102 102 0 137 104 115 0 147 99 100 0 119 239 137 73 0 
8.951 113 115 116 138 107 95 0 0 102 102 0 137 104 115 0 147 99 100 0 119 239 137 73 0 
8.961 113 115 116 138 107 95 0 0 102 102 0 137 104 115 0 147 99 100 0 119 239 137 73 0 
8.971 113 115 116 138 107 95 0 0 102 102 0 137 104 115 0 147 99 100 0 119 239 137 73 0 
8.981 113 115 116 138 107 95 0 0 102 102 0 137 104 115 0 147 99 100 0 119 239 137 73 0 
8.991 113 115 116 138 107 95 0 0 102 102 0 137 104 115 0 147 99 100 0 119 239 137 73 0 
9.001 113 115 116 138 107 95 0 0 102 102 0 137 104 115 0 147 99 100 0 119 239 137 73 0 
9.011 113 115 116 138 107 95 0 0 102 102 0 137 104 115 0 147 99 100 0 119 239 137 73 0 
9.021 113 115 116 138 107 95 0 0 102 102 0 137 104 115 0 147 99 100 0 119 239 137 73 0 
9.031 113 115 116 138 107 95 0 0 102 102 0 137 104 115 0 147 99 100 0 119 239 137 73 0 
9.041 113 115 116 138 107 95 0 0 102 102 0 137 104 115 0 147 99 100 0 119 239 137 73 0 
9.051 113 115 116 138 107 95 0 0 102 102 0 137 104 115 0 147 99 100 0 119 239 137 73 0 
9.061 113 115 116 138 107 95 0 0 102 102 0 137 104 115 0 147 99 100 0 119 239 137 73 0 
9.071 113 115 116 138 107 95 0 0 102 102 0 137 104 115 0 147 99 100 0 119 239 137 73 0 
9.081 113 115 116 138 107 95 0 0 102 102 0 137 104 115 0 147 99 100 0 119 239 137 73 0 
9.091 113 115 116 138 107 95 0 0 102 102 0 137 104 115 0 147 99 100 0 119 239 137 73 0 
9.101 113 115 116 138 107 95 0 0 102 102 0 137 104 115 0 147 99 100 0 119 239 137 73 0 
9.111 113 115 116 138 107 95 0 0 102 102 0 137 104 115 0 147 99 100 0 119 239 137 73 0 
9.121 113 115 116 138 107 95 0 0 102 102 0 137 104 115 0 147 99 100 0 119 239 137 73 0 
9.131 113 115 116 138 107 95 0 0 102 102 0 137 104 115 0 147 99 100 0 119 239 137 73 0 
9.141 113 115 116 138 107 95 0 0 102 102 0 137 104 115 0 147 99 100 0 119 239 137 73 0 
9.151 113 115 116 138 107 95 0 0 102 102 0 137 104 115 0 147 99 100 0 119 239 137 73 0 
9.161 113 115 116 138 107 95 0 0 102 102 0 137 104 115 0 147 99 100 0 119 239 137 73 0 
9.171 113 115 116 142 107 95 0 0 102 102 0 137 104 115 0 147 99 100 0 119 239 137 73 0 
9.181 113 115 116 142 107 95 0 0 102 102 0 137 104 115 0 147 99 100 0 119 239 137 73 0 
9.191 113 115 116 142 107 95 0 0 102 102 0 137 104 115 0 147 99 100 0 119 239 137 73 0 
9.201 113 115 116 142 107 95 0 0 102 102 0 137 104 115 0 147 99 100 0 119 239 137 73 0 
9.211 113 115 116 142 107 95 0 0 102 102 0 137 104 115 0 147 99 100 0 119 239 137 73 0 
9.221 113 115 116 142 107 95 0 0 102 102 0 137 104 115 0 147 99 100 0 119 239 137 73 0 
9.231 113 115 116 142 107 95 0 0 102 102 0 137 104 115 0 147 99 100 0 119 239 137 73 0 
9.241 113 115 116 142 107 95 0 0 102 102 0 137 104 115 0 147 99 100 0 119 239 137 73 0 
9.251 113 115 116 142 107 95 0 0 102 102 0 137 104 115 0 147 99 100 0 119 239 137 73 0 
9.261 113 115 116 142 107 95 0 0 102 102 0 137 104 115 0 147 99 100 0 119 235 137 73 0 
9.271 113 115 116 142 107 95 0 0 102 102 0 137 104 115 0 147 99 100 0 119 235 137 73 0 
9.281 113 115 116 142 107 95 0 0 102 102 0 137 104 115 0 147 99 100 0 119 235 137 73 0 
9.291 113 115 116 142 107 95 0 0 102 102 0 137 104 115 0 147 99 100 0 119 235 137 73 0 
9.301 113 115 116 142 107 95 0 0 102 102 0 137 104 115 0 147 99 100 0 119 235 137 73 0 
9.311 113 115 116 142 107 95 0 0 102 102 0 137 104 115 0 147 99 100 0 119 235 137 73 0 
9.321 113 115 116 142 107 95 0 0 102 102 0 137 104 115 0 147 99 100 0 119 235 137 73 0 
9.331 113 115 116 142 107 95 0 0 102 102 0 137 104 115 0 147 99 100 0 119 235 137 73 0 
9.341 113 115 116 142 107 95 0 0 102 102 0 137 104 115 0 147 99 100 0 119 235 137 73 0 
9.351 113 115 116 142 107 95 0 0 102 102 0 137 104 115 0 147 99 100 0 119 235 137 73 0 
9.361 113 115 116 142 107 95 0 0 102 102 0 137 104 115 0 147 99 100 0 119 235 137 73 0 
9.371 113 115 116 142 107 95 0 0 102 102 0 137 104 115 0 147 99 100 0 119 235 137 73 0 
9.381 113 115 116 142 107 95 0 0 102 102 0 137 104 115 0 147 99 100 0 119 235 137 73 0 
9.391 113 115 116 142 107 95 0 0 102 102 0 137 104 115 0 147 99 100 0 119 235 137 73 0 
9.401 113 115 116 142 107 95 0 0 102 102 0 137 104 115 0 147 99 100 0 119 235 137 73 0 
9.411 113 115 116 142 107 95 0 0 102 102 0 137 104 115 0 147 99 100 0 119 235 137 73 0 
9.421 113 115 116 142 107 95 0 0 102 102 0 137 104 115 0 147 99 100 0 119 235 137 73 0 
9.431 113 115 116 142 107 95 0 0 102 102 0 137 104 115 0 147 99 100 0 119 235 137 73 0 
9.441 113 115 116 142 107 95 0 0 102 102 0 137 104 115 0 147 99 100 0 119 235 137 73 0 
9.451 113 115 116 142 107 95 0 0 102 102 0 137 104 115 0 147 99 100 0 119 235 137 73 0 
9.461 113 115 116 142 107 95 0 0 102 102 0 137 104 115 0 147 99 100 0 119 235 137 73 0 
9.471 113 115 116 142 107 95 0 0 102 102 0 137 104 115 0 147 103 100 0 119 235 137 73 0 
9.481 113 115 116 142 107 95 0 0 102 102 0 137 104 115 0 147 103 100 0 119 235 137 73 0 
9.491 113 115 116 142 107 95 0 0 102 102 0 137 104 115 0 147 103 100 0 119 235 137 73 0 
9.501 113 115 116 142 107 95 0 0 102 102 0 137 104 115 0 147 103 100 0 119 235 137 73 0 
9.511 113 115 116 142 107 95 0 0 102 102 0 137 104 115 0 147 103 100 0 119 235 137 73 0 
9.521 113 115 116 142 107 95 0 0 102 102 0 137 104 115 0 147 103 100 0 119 235 137 73 0 
9.531 113 115 116 142 107 95 0 0 102 102 0 137 104 115 0 147 103 96 0 119 235 137 73 0 
9.541 113 115 116 142 107 95 0 0 102 102 0 137 104 115 0 147 103 96 0 119 235 137 73 0 
9.551 113 115 116 142 107 95 0 0 102 102 0 137 104 115 0 147 103 96 0 119 235 137 73 0 
9.561 113 115 116 142 107 95 0 0 102 102 0 137 104 115 0 147 103 96 0 119 235 137 73 0 
9.571 113 115 116 142 107 95 0 0 102 102 0 137 104 115 0 147 103 96 0 119 235 137 73 0 
9.581 113 115 116 142 107 95 0 0 102 102 0 137 104 115 0 147 103 96 0 123 235 137 73 0 
9.591 113 115 116 142 107 95 0 0 102 102 0 137 104 115 0 147 103 96 0 123 235 137 73 0 
9.601 113 115 116 142 107 95 0 0 102 102 0 137 104 115 0 147 103 96 0 123 235 137 73 0 
9.611 113 115 116 142 107 95 0 0 102 98 0 137 104 115 0 147 103 96 0 123 235 137 73 0 
9.621 113 115 116 142 107 95 0 0 102 98 0 137 104 115 0 147 103 92 0 123 235 137 73 0 
9.631 113 115 116 142 107 95 0 0 102 98 0 137 104 115 0 147 103 92 0 123 235 137 73 0 
9.641 113 115 116 142 107 95 0 0 102 98 0 137 104 115 0 147 103 92 0 123 235 137 73 0 
9.651 113 115 116 142 107 95 0 0 102 98 0 137 104 115 0 147 103 92 0 123 235 137 73 0 
9.661 113 115 116 142 107 95 0 0 102 98 0 137 104 115 0 147 103 92 0 123 235 137 73 0 
9.671 113 115 116 142 107 95 0 0 102 98 0 137 104 115 0 147 103 92 0 123 235 137 73 0 
9.681 113 115 116 142 107 95 0 0 102 98 0 137 104 115 0 147 103 92 0 123 235 137 73 0 
9.691 113 115 116 142 107 95 0 0 106 98 0 137 104 111 0 147 103 92 0 123 235 137 73 0 
9.701 113 115 116 142 107 95 0 0 106 98 0 137 104 111 0 147 103 92 0 123 235 137 73 0 
9.711 113 115 116 142 107 95 0 0 106 98 0 137 104 111 0 147 103 92 0 123 235 137 73 0 
9.721 113 115 116 142 107 95 0 0 106 98 0 137 104 111 0 147 103 92 0 123 235 137 73 0 
9.731 113 115 116 142 107 95 0 0 106 98 0 137 104 111 0 147 103 92 0 123 235 137 73 0 
9.741 113 115 116 142 107 95 0 0 106 98 0 137 104 111 0 147 103 92 0 123 235 137 73 0 
9.751 113 115 116 142 107 95 0 0 106 98 0 137 104 111 0 147 103 92 0 123 235 137 73 0 
9.761 113 115 116 142 107 95 0 0 106 98 0 137 104 111 0 147 103 92 0 123 235 137 73 0 
9.771 113 115 116 142 107 95 0 0 106 98 0 137 104 111 0 147 103 92 0 123 235 137 73 0 
9.781 113 115 116 142 107 95 0 0 106 98 0 137 104 111 0 147 103 92 0 123 235 137 73 0 
9.791 113 115 116 142 107 95 0 0 106 98 0 137 104 111 0 147 103 92 0 123 235 137 73 0 
9.801 113 115 116 142 107 95 0 0 106 98 0 137 104 111 0 147 103 92 0 123 235 137 73 0 
9.811 113 115 116 142 107 95 0 0 106 98 0 137 104 111 0 147 103 92 0 123 235 137 73 0 
9.821 113 115 116 142 107 95 0 0 106 98 0 137 104 111 0 147 103 92 0 123 235 137 73 0 
9.831 113 115 116 142 107 95 0 0 106 98 0 137 104 111 0 147 103 92 0 123 235 137 73 0 
9.841 113 115 116 142 107 95 0 0 106 98 0 137 104 111 0 147 103 92 0 123 235 137 73 0 
9.851 113 115 116 142 107 95 0 0 106 98 0 137 104 111 0 147 103 92 0 123 235 137 73 0 
9.861 113 115 116 142 107 95 0 0 106 98 0 137 104 111 0 147 103 92 0 123 235 137 73 0 
9.871 113 115 116 142 107 95 0 0 106 98 0 137 104 111 0 147 103 92 0 123 235 137 73 0 
9.881 113 115 116 142 107 95 0 0 106 98 0 137 104 111 0 147 103 92 0 123 235 137 73 0 
9.891 113 115 116 142 107 95 0 0 106 98 0 137 104 111 0 147 103 92 0 123 235 137 73 0 
9.901 113 115 116 142 107 95 0 0 106 98 0 137 104 111 0 147 103 92 0 123 235 137 73 0 
9.911 113 115 116 142 107 95 0 0 106 98 0 137 104 111 0 147 103 92 0 123 235 137 73 0 
9.921 113 115 116 142 107 95 0 0 106 98 0 137 104 111 0 147 103 92 0 123 235 137 73 0 
9.931 113 115 116 142 107 95 0 0 106 98 0 137 104 111 0 147 103 92 0 123 235 137 73 0 
9.941 113 115 116 142 107 95 0 0 106 98 0 137 104 111 0 147 103 92 0 123 235 137 73 0 
9.951 113 115 116 142 107 95 0 0 106 98 0 137 104 111 0 147 103 92 0 123 235 137 73 0 
9.961 113 115 116 142 107 95 0 0 106 98 0 137 104 111 0 147 103 92 0 123 235 137 73 0 
9.971 113 115 116 142 107 95 0 0 106 98 0 137 104 111 0 147 103 92 0 123 235 137 73 0 
9.981 113 115 116 142 107 95 0 0 106 98 0 137 104 111 0 147 103 92 0 123 235 137 73 0 
9.991 113 115 116 142 107 95 0 0 106 98 0 137 104 111 0 147 103 92 0 123 235 137 73 0 
10.001 113 115 116 142 107 95 0 0 106 98 0 137 104 111 0 147 103 92 0 123 235 137 73 0 
10.011 113 115 116 142 107 95 0 0 106 98 0 137 104 111 0 147 103 92 0 123 235 137 73 0 
10.021 113 115 116 142 107 95 0 0 106 98 0 137 104 111 0 147 103 92 0 123 235 137 73 0 
10.031 113 115 116 142 107 95 0 0 106 98 0 137 104 111 0 147 103 92 0 123 235 137 73 0 
10.041 113 115 116 142 107 95 0 0 106 98 0 137 104 111 0 147 103 92 0 123 235 137 73 0 
10.051 113 115 116 142 107 95 0 0 106 98 0 137 104 111 0 147 103 92 0 123 235 137 73 0 
10.061 113 115 116 142 107 95 0 0 106 98 0 137 104 111 0 147 103 92 0 123 235 137 73 0 
10.071 113 115 116 142 107 95 0 0 106 98 0 137 104 111 0 147 103 92 0 123 235 137 73 0 
10.081 113 115 116 142 107 95 0 0 106 98 0 137 104 111 0 147 103 92 0 123 235 137 73 0 
10.091 113 115 116 142 107 95 0 0 106 98 0 137 104 111 0 147 103 92 0 123 235 137 73 0 
10.101 113 115 116 142 107 95 0 0 106 98 0 137 104 111 0 147 103 92 0 123 235 137 73 0 
10.111 113 115 116 142 107 95 0 0 106 98 0 137 104 111 0 147 103 92 0 123 235 137 73 0 
10.121 113 115 116 142 107 95 0 0 106 98 0 137 104 111 0 147 103 92 0 123 235 137 73 0 
10.131 113 115 116 142 107 95 0 0 106 98 0 137 104 111 0 147 103 92 0 123 235 137 73 0 
10.141 113 115 116 142 107 95 0 0 106 98 0 137 104 111 0 147 103 92 0 123 235 137 73 0 
10.151 113 115 116 142 107 95 0 0 106 98 0 137 104 111 0 147 103 92 0 123 235 137 73 0 
10.161 113 115 116 142 107 95 0 0 106 98 0 137 104 111 0 147 103 92 0 123 235 137 73 0 
10.171 113 115 116 142 107 95 0 0 106 98 0 137 104 111 0 147 103 92 0 123 235 137 73 0 
10.181 113 115 116 142 107 95 0 0 106 98 0 137 104 111 0 147 103 92 0 123 235 137 73 0 
10.191 113 115 116 142 107 95 0 0 106 98 0 137 104 111 0 147 103 92 0 123 235 137 73 0 
10.201 113 115 116 142 107 95 0 0 106 98 0 137 104 111 0 147 103 92 0 123 235 137 73 0 
10.211 113 115 116 142 107 95 0 0 106 98 0 137 104 111 0 147 103 92 0 123 235 137 73 0 
10.221 113 115 116 142 107 95 0 0 106 98 0 137 104 111 0 147 103 92 0 123 235 137 73 0 
10.231 113 115 116 142 107 95 0 0 106 98 0 137 104 111 0 147 103 92 0 123 235 137 73 0 
10.241 113 115 116 142 107 95 0 0 106 98 0 137 104 111 0 147 103 92 0 123 235 137 73 0 
10.251 113 115 116 142 107 95 0 0 106 98 0 137 104 111 0 147 103 92 0 123 235 137 73 0 
10.261 113 115 116 142 107 95 0 0 106 98 0 137 104 111 0 147 103 92 0 123 235 137 73 0 
10.271 113 115 116 142 107 95 0 0 106 98 0 137 104 111 0 147 103 92 0 123 235 137 73 0 
10.281 113 115 116 142 107 95 0 0 106 98 0 137 104 111 0 147 103 92 0 123 235 137 73 0 
10.291 113 115 116 142 107 95 0 0 106 98 0 137 104 111 0 147 103 92 0 123 235 137 73 0 
10.301 113 115 116 142 107 95 0 0 106 98 0 137 104 111 0 147 103 92 0 123 235 137 73 0 
10.311 113 115 116 142 107 95 0 0 106 98 0 137 104 111 0 147 103 92 0 123 235 137 73 0 
10.321 113 115 116 142 107 95 0 0 106 98 0 137 104 111 0 147 103 92 0 123 235 137 73 0 
10.331 113 115 116 142 107 95 0 0 106 98 0 137 104 111 0 147 103 92 0 123 235 137 73 0 
10.341 113 115 116 142 107 95 0 0 106 98 0 137 104 111 0 147 103 92 0 123 235 137 73 0 
10.351 113 115 116 142 107 95 0 0 106 98 0 137 104 111 0 147 103 92 0 123 235 137 73 0 
10.361 113 115 116 142 107 95 0 0 106 98 0 137 104 111 0 147 103 92 0 123 235 137 73 0 
10.371 113 115 116 142 107 95 0 0 106 98 0 137 104 111 0 147 103 92 0 123 235 137 73 0 
10.381 113 115 116 142 107 95 0 0 106 98 0 137 104 111 0 147 103 92 0 123 235 137 73 0 
10.391 113 115 116 142 107 95 0 0 106 98 0 137 104 111 0 147 103 92 0 123 235 137 73 0 
10.401 113 115 116 142 107 95 0 0 106 98 0 137 104 111 0 147 103 92 0 123 235 137 73 0 
10.411 113 115 116 142 107 95 0 0 106 98 0 137 104 111 0 147 103 92 0 123 235 137 73 0 
10.421 113 115 116 142 107 95 0 0 106 98 0 137 104 111 0 147 103 92 0 123 235 137 73 0 
10.431 113 115 116 142 107 95 0 0 106 98 0 137 104 111 0 147 103 92 0 123 235 137 73 0 
10.441 113 115 116 142 107 95 0 0 106 98 0 137 104 111 0 147 103 92 0 123 235 137 73 0 
10.451 113 115 116 142 107 95 0 0 106 98 0 137 104 111 0 147 103 92 0 123 235 137 73 0 
10.461 113 115 116 142 107 95 0 0 106 98 0 137 104 111 0 147 103 92 0 123 235 137 73 0 
10.471 113 115 116 142 107 95 0 0 106 98 0 137 104 111 0 147 103 92 0 123 235 137 73 0 
10.481 113 115 116 142 107 95 0 0 106 98 0 137 104 111 0 147 103 92 0 123 235 137 73 0 
10.491 113 115 116 142 107 95 0 0 106 98 0 137 104 111 0 147 103 92 0 123 235 137 73 0 
10.501 113 115 116 142 107 95 0 0 106 98 0 137 104 111 0 147 103 92 0 123 235 137 73 0 
10.511 113 115 116 142 107 95 0 0 106 98 0 137 104 111 0 147 103 92 0 123 235 137 73 0 
10.521 113 115 116 142 107 95 0 0 106 98 0 137 104 111 0 147 103 92 0 123 235 137 73 0 
10.531 113 115 116 142 107 95 0 0 106 98 0 137 104 111 0 147 103 92 0 123 235 137 73 0 
10.541 113 115 116 142 107 95 0 0 106 98 0 137 104 111 0 147 103 92 0 123 235 137 73 0 
10.551 113 115 116 142 107 95 0 0 106 98 0 137 104 111 0 147 103 92 0 123 235 137 73 0 
10.561 113 115 116 142 107 95 0 0 106 98 0 137 104 111 0 147 103 92 0 123 235 137 73 0 
10.571 113 115 116 142 107 95 0 0 106 98 0 137 104 111 0 147 103 92 0 123 235 137 73 0 
