Hora de inicio de la toma de datos: 12:38:46
AT(s) ROLL1(udig) MCF1 IFD1 A1 MCF2 IFP2 IFD2(*) A2(**) MCF3 IFP3 IFD3(*) A3 MCF4 IFP4 IFD4(*) A4 MCF5 IFP5 IFD5(*) A5 ROLL5 C C_Ano usado
0.01 118 114 115 144 114 101 0 0 103 119 0 132 102 134 0 149 100 110 0 120 232 136 75 0 
0.02 118 114 115 144 114 101 0 0 103 119 0 132 102 134 0 149 100 110 0 120 232 136 75 0 
0.03 118 114 115 144 114 101 0 0 103 119 0 132 102 134 0 149 100 110 0 120 232 136 75 0 
0.04 118 114 115 144 114 101 0 0 103 119 0 132 102 134 0 149 100 110 0 120 232 136 75 0 
0.05 118 114 115 144 114 101 0 0 103 119 0 132 102 134 0 149 100 110 0 120 232 136 75 0 
0.06 118 114 115 144 114 101 0 0 103 119 0 132 102 134 0 149 100 110 0 120 232 136 75 0 
0.07 118 114 115 144 114 101 0 0 103 119 0 132 102 134 0 149 100 110 0 120 232 136 75 0 
0.08 118 114 115 144 114 101 0 0 103 119 0 132 102 134 0 149 100 110 0 120 232 136 75 0 
0.09 118 114 115 144 114 101 0 0 103 119 0 132 102 134 0 149 100 110 0 120 232 136 75 0 
0.1 118 114 115 144 114 101 0 0 103 119 0 132 102 134 0 149 100 110 0 120 232 136 75 0 
0.11 118 114 115 144 114 101 0 0 103 119 0 132 102 134 0 149 100 110 0 120 232 136 75 0 
0.12 118 114 115 144 114 101 0 0 103 119 0 132 102 134 0 149 100 110 0 120 232 136 75 0 
0.13 118 114 115 144 114 101 0 0 103 119 0 132 102 134 0 149 100 110 0 120 232 136 75 0 
0.14 118 114 115 144 114 101 0 0 103 119 0 132 102 134 0 149 100 110 0 120 232 136 75 0 
0.15 118 114 115 144 114 101 0 0 103 119 0 132 102 134 0 149 100 110 0 120 232 136 75 0 
0.16 118 114 115 144 114 101 0 0 103 119 0 132 102 134 0 149 100 110 0 120 232 136 75 0 
0.171 118 114 115 144 114 101 0 0 103 119 0 132 102 134 0 149 100 110 0 120 232 136 75 0 
0.181 118 114 115 144 114 101 0 0 103 119 0 132 102 134 0 149 100 110 0 120 232 136 75 0 
0.191 118 114 115 144 114 101 0 0 103 119 0 132 102 134 0 149 100 110 0 120 232 136 75 0 
0.201 118 114 115 144 114 101 0 0 103 119 0 132 102 134 0 149 100 110 0 120 232 136 75 0 
0.211 118 114 115 144 114 101 0 0 103 119 0 132 102 134 0 149 100 110 0 120 232 136 75 0 
0.221 118 114 115 144 114 101 0 0 103 119 0 132 102 134 0 149 100 110 0 120 232 136 75 0 
0.231 118 114 115 144 114 101 0 0 103 119 0 132 102 134 0 149 100 110 0 120 232 136 75 0 
0.241 118 114 115 144 114 101 0 0 103 119 0 132 102 134 0 149 100 110 0 120 232 136 75 0 
0.251 118 114 115 144 114 101 0 0 103 119 0 132 102 134 0 149 100 110 0 120 232 136 75 0 
0.261 118 114 115 144 114 101 0 0 103 119 0 132 102 134 0 149 100 110 0 120 232 136 75 0 
0.271 118 114 115 144 114 101 0 0 103 119 0 132 102 134 0 149 100 110 0 120 232 136 75 0 
0.281 118 114 115 144 114 101 0 0 103 119 0 132 102 134 0 149 100 110 0 120 232 136 75 0 
0.29 118 114 115 144 114 101 0 0 103 119 0 132 102 134 0 149 100 110 0 120 232 136 75 0 
0.3 118 114 115 144 114 101 0 0 103 119 0 132 102 134 0 149 100 110 0 120 232 136 75 0 
0.31 118 114 115 144 114 101 0 0 103 119 0 132 102 134 0 149 100 110 0 120 232 136 75 0 
0.32 118 114 115 144 114 101 0 0 103 119 0 132 102 134 0 149 100 110 0 120 232 136 75 0 
0.33 118 114 115 144 114 101 0 0 103 119 0 132 102 134 0 149 100 110 0 120 232 136 75 0 
0.34 118 114 115 144 114 101 0 0 103 119 0 132 102 134 0 149 100 110 0 120 232 136 75 0 
0.35 118 114 115 144 114 101 0 0 103 119 0 132 102 134 0 149 100 110 0 120 232 136 75 0 
0.36 118 114 115 144 114 101 0 0 103 119 0 132 102 134 0 149 100 110 0 120 232 136 75 0 
0.37 118 114 115 144 114 101 0 0 103 119 0 132 102 134 0 149 100 110 0 120 232 136 75 0 
0.381 118 114 115 144 114 101 0 0 103 119 0 132 102 134 0 149 100 110 0 120 232 136 75 0 
0.39 118 114 115 144 114 101 0 0 103 119 0 132 102 134 0 149 100 110 0 120 232 136 75 0 
0.4 118 114 115 144 114 101 0 0 103 119 0 132 102 134 0 149 100 110 0 120 232 136 75 0 
0.41 118 114 115 144 114 101 0 0 103 119 0 132 102 134 0 149 100 110 0 120 232 136 75 0 
0.42 118 114 115 144 114 101 0 0 103 119 0 132 102 134 0 149 100 110 0 120 232 136 75 0 
0.43 118 114 115 144 114 101 0 0 103 119 0 132 102 134 0 149 100 110 0 120 232 136 75 0 
0.44 118 114 115 144 114 101 0 0 103 119 0 132 102 134 0 149 100 110 0 120 232 136 75 0 
0.45 118 114 115 144 114 101 0 0 103 119 0 132 102 134 0 149 100 110 0 120 232 136 75 0 
0.46 118 114 115 144 114 101 0 0 103 119 0 132 102 134 0 149 100 110 0 120 232 136 75 0 
0.47 118 114 115 144 114 101 0 0 103 119 0 132 102 134 0 149 100 110 0 120 232 136 75 0 
0.48 118 114 115 144 114 101 0 0 103 119 0 132 102 134 0 149 100 110 0 120 232 136 75 0 
0.49 118 114 115 144 114 101 0 0 103 119 0 132 102 134 0 149 100 110 0 120 232 136 75 0 
0.5 118 114 115 144 114 101 0 0 103 119 0 132 102 134 0 149 100 110 0 120 232 136 75 0 
0.51 118 114 115 144 114 101 0 0 103 119 0 132 102 134 0 149 100 110 0 120 232 136 75 0 
0.52 118 114 115 144 114 101 0 0 103 119 0 132 102 134 0 149 100 110 0 120 232 136 75 0 
0.53 118 114 115 144 114 101 0 0 103 119 0 132 102 134 0 149 100 110 0 120 232 136 75 0 
0.54 118 114 115 144 114 101 0 0 103 119 0 132 102 134 0 149 100 110 0 120 232 136 75 0 
0.55 118 114 115 144 114 101 0 0 103 119 0 132 102 134 0 149 100 110 0 120 232 136 75 0 
0.56 118 114 115 144 114 101 0 0 103 119 0 132 102 134 0 149 100 110 0 120 232 136 75 0 
0.57 118 114 115 144 114 101 0 0 103 119 0 132 102 134 0 149 100 110 0 120 232 136 75 0 
0.58 118 114 115 144 114 101 0 0 103 119 0 132 102 134 0 149 100 110 0 120 232 136 75 0 
0.59 118 114 115 144 114 101 0 0 103 119 0 132 102 134 0 149 100 110 0 120 232 136 75 0 
0.6 118 114 115 144 114 101 0 0 103 119 0 132 102 134 0 149 100 110 0 120 232 136 75 0 
0.61 118 114 115 144 114 101 0 0 103 119 0 132 102 134 0 149 100 110 0 120 232 136 75 0 
0.62 118 114 115 144 114 101 0 0 103 119 0 132 102 134 0 149 100 110 0 120 232 136 75 0 
0.63 118 114 115 144 114 101 0 0 103 119 0 132 102 134 0 149 100 110 0 120 232 136 75 0 
0.64 118 114 115 144 114 101 0 0 103 119 0 132 102 134 0 149 100 110 0 120 232 136 75 0 
0.65 118 114 115 144 114 101 0 0 103 119 0 132 102 134 0 149 100 110 0 120 232 136 75 0 
0.66 118 114 115 144 114 101 0 0 103 119 0 132 102 134 0 149 100 110 0 120 232 136 75 0 
0.67 118 114 115 144 114 101 0 0 103 119 0 132 102 134 0 149 100 110 0 120 232 136 75 0 
0.68 118 114 115 144 114 101 0 0 103 119 0 132 102 134 0 149 100 110 0 120 232 136 75 0 
0.69 118 114 115 144 114 101 0 0 103 119 0 132 102 134 0 149 100 110 0 120 232 136 75 0 
0.7 118 114 115 144 114 101 0 0 103 119 0 132 102 134 0 149 100 110 0 120 232 136 75 0 
0.71 118 114 115 144 114 101 0 0 103 119 0 132 102 134 0 149 100 110 0 120 232 136 75 0 
0.72 118 114 115 144 114 101 0 0 103 119 0 132 102 134 0 149 100 110 0 120 232 136 75 0 
0.73 118 114 115 144 114 101 0 0 103 119 0 132 102 134 0 149 100 110 0 120 232 136 75 0 
0.74 118 114 115 144 114 101 0 0 103 119 0 132 102 134 0 149 100 110 0 120 232 136 75 0 
0.75 118 114 115 144 114 101 0 0 103 119 0 132 102 134 0 149 100 110 0 120 232 136 75 0 
0.762 118 114 115 144 114 101 0 0 103 119 0 132 102 134 0 149 100 110 0 120 232 136 75 0 
0.77 118 114 115 144 114 101 0 0 103 119 0 132 102 134 0 149 100 110 0 120 232 136 75 0 
0.78 118 114 115 144 114 101 0 0 103 119 0 132 102 134 0 149 100 110 0 120 232 136 75 0 
0.79 118 114 115 144 114 101 0 0 103 119 0 132 102 134 0 149 100 110 0 120 232 136 75 0 
0.8 118 114 115 144 114 101 0 0 103 119 0 132 102 134 0 149 100 110 0 120 232 136 75 0 
0.81 118 114 115 144 114 101 0 0 103 119 0 132 102 134 0 149 100 110 0 120 232 136 75 0 
0.82 118 114 115 144 114 101 0 0 103 119 0 132 102 134 0 149 100 110 0 120 232 136 75 0 
0.83 118 114 115 144 114 101 0 0 103 119 0 132 102 134 0 149 100 110 0 120 232 136 75 0 
0.84 118 114 115 144 114 101 0 0 103 119 0 132 102 134 0 149 100 110 0 120 232 136 75 0 
0.85 118 114 115 144 114 101 0 0 103 119 0 132 102 134 0 149 100 110 0 120 232 136 75 0 
0.86 118 114 115 144 114 101 0 0 103 119 0 132 102 134 0 149 100 110 0 120 232 136 75 0 
0.87 118 114 115 144 114 101 0 0 103 119 0 132 102 134 0 149 100 110 0 120 232 136 75 0 
0.88 118 114 115 144 114 101 0 0 103 119 0 132 102 134 0 149 100 110 0 120 232 136 75 0 
0.89 118 114 115 144 114 101 0 0 103 119 0 132 102 134 0 149 100 110 0 120 232 136 75 0 
0.9 118 114 115 144 114 101 0 0 103 119 0 132 102 134 0 149 100 110 0 120 232 136 75 0 
0.91 118 114 115 144 114 101 0 0 103 119 0 132 102 134 0 149 100 110 0 120 232 136 75 0 
0.92 118 114 115 144 114 101 0 0 103 119 0 132 102 134 0 149 100 110 0 120 232 136 75 0 
0.93 118 114 115 144 114 101 0 0 103 119 0 132 102 134 0 149 100 110 0 120 232 136 75 0 
0.94 118 114 115 144 114 101 0 0 103 119 0 132 102 134 0 149 100 110 0 120 232 136 75 0 
0.95 118 114 115 144 114 101 0 0 103 119 0 132 102 134 0 149 100 110 0 120 232 136 75 0 
0.96 118 114 115 144 114 101 0 0 103 119 0 132 102 134 0 149 100 110 0 120 232 136 75 0 
0.97 118 114 115 144 114 101 0 0 103 119 0 132 102 134 0 149 100 110 0 120 232 136 75 0 
0.98 118 114 115 144 114 101 0 0 103 119 0 132 102 134 0 149 100 110 0 120 232 136 75 0 
0.99 118 114 115 144 114 101 0 0 103 119 0 132 102 134 0 149 100 110 0 120 232 136 75 0 
1 118 114 115 144 114 101 0 0 103 119 0 132 102 134 0 149 100 110 0 120 232 136 75 0 
1.01 118 114 115 144 114 101 0 0 103 119 0 132 102 134 0 149 100 110 0 120 232 136 75 0 
1.02 118 114 115 144 114 101 0 0 103 119 0 132 102 134 0 149 100 110 0 120 232 136 75 0 
1.03 118 114 115 144 114 101 0 0 103 119 0 132 102 134 0 149 100 110 0 120 232 136 75 0 
1.04 118 114 115 144 114 101 0 0 103 119 0 132 102 134 0 149 100 110 0 120 232 136 75 0 
1.05 118 114 115 144 114 101 0 0 103 119 0 132 102 134 0 149 100 110 0 120 232 136 75 0 
1.06 118 114 115 144 114 101 0 0 103 119 0 132 102 134 0 149 100 110 0 120 232 136 75 0 
1.07 118 114 115 144 114 101 0 0 103 119 0 132 102 134 0 149 100 110 0 120 232 136 75 0 
1.08 118 114 115 144 114 101 0 0 103 119 0 132 102 134 0 149 100 110 0 120 232 136 75 0 
1.09 118 114 115 144 114 101 0 0 103 119 0 132 102 134 0 149 100 110 0 120 232 136 75 0 
1.1 118 114 115 144 114 101 0 0 103 119 0 132 102 134 0 149 100 110 0 120 232 136 75 0 
1.11 118 114 115 144 114 101 0 0 103 119 0 132 102 134 0 149 100 110 0 120 232 136 75 0 
1.12 118 114 115 144 114 101 0 0 103 119 0 132 102 134 0 149 100 110 0 120 232 136 75 0 
1.13 118 114 115 144 114 101 0 0 103 119 0 132 102 134 0 149 100 110 0 120 232 136 75 0 
1.14 118 114 115 144 114 101 0 0 103 119 0 132 102 134 0 149 100 110 0 120 232 136 75 0 
1.15 118 114 115 144 114 101 0 0 103 119 0 132 102 134 0 149 100 110 0 120 232 136 75 0 
1.16 118 114 115 144 114 101 0 0 103 119 0 132 102 134 0 149 100 110 0 120 232 136 75 0 
1.17 118 114 115 144 114 101 0 0 103 119 0 132 102 134 0 149 100 110 0 120 232 136 75 0 
1.18 118 114 115 144 114 101 0 0 103 119 0 132 102 134 0 149 100 110 0 120 232 136 75 0 
1.19 118 114 115 144 114 101 0 0 103 119 0 132 102 134 0 149 100 110 0 120 232 136 75 0 
1.2 118 114 115 144 114 101 0 0 103 119 0 132 102 134 0 149 100 110 0 120 232 136 75 0 
1.21 118 114 115 144 114 101 0 0 103 119 0 132 102 134 0 149 100 110 0 120 232 136 75 0 
1.22 118 114 115 144 114 101 0 0 103 119 0 132 102 134 0 149 100 110 0 120 232 136 75 0 
1.23 118 114 115 144 114 101 0 0 103 119 0 132 102 134 0 149 100 110 0 120 232 136 75 0 
1.24 118 114 115 144 114 101 0 0 103 119 0 132 102 134 0 149 100 110 0 120 232 136 75 0 
1.25 118 114 115 144 114 101 0 0 103 119 0 132 102 134 0 149 100 110 0 120 232 136 75 0 
1.26 118 114 115 144 114 101 0 0 103 119 0 132 102 134 0 149 100 110 0 120 232 136 75 0 
1.27 118 114 115 144 114 101 0 0 103 119 0 132 102 134 0 149 100 110 0 120 232 136 75 0 
1.28 118 114 115 144 114 101 0 0 103 119 0 132 102 134 0 149 100 110 0 120 232 136 75 0 
1.29 118 114 115 144 114 101 0 0 103 119 0 132 102 134 0 149 100 110 0 120 232 136 75 0 
1.3 118 114 115 144 114 101 0 0 103 119 0 132 102 134 0 149 100 110 0 120 232 136 75 0 
1.31 118 114 115 144 114 101 0 0 103 119 0 132 102 134 0 149 100 110 0 120 232 136 75 0 
1.32 118 114 115 144 114 101 0 0 103 119 0 132 102 134 0 149 100 110 0 120 232 136 75 0 
1.33 118 114 115 144 114 101 0 0 103 119 0 132 102 134 0 149 100 110 0 120 232 136 75 0 
1.34 118 114 115 144 114 101 0 0 103 119 0 132 102 134 0 149 100 110 0 120 232 136 75 0 
1.35 118 114 115 144 114 101 0 0 103 119 0 132 102 134 0 149 100 110 0 120 232 136 75 0 
1.36 118 114 115 144 114 101 0 0 103 119 0 132 102 134 0 149 100 110 0 120 232 136 75 0 
1.37 118 114 115 144 114 101 0 0 103 119 0 132 102 134 0 149 100 110 0 120 232 136 75 0 
1.38 118 114 115 144 114 101 0 0 103 119 0 132 102 134 0 149 100 110 0 120 232 136 75 0 
1.39 118 114 115 144 114 101 0 0 103 119 0 132 102 134 0 149 100 110 0 120 232 136 75 0 
1.4 118 114 115 144 114 101 0 0 103 119 0 132 102 134 0 149 100 110 0 120 232 136 75 0 
1.41 118 114 115 144 114 101 0 0 103 119 0 132 102 134 0 149 100 110 0 120 232 136 75 0 
1.42 118 114 115 144 114 101 0 0 103 119 0 132 102 134 0 149 100 110 0 120 232 136 75 0 
1.43 118 114 115 144 114 101 0 0 103 119 0 132 102 134 0 149 100 110 0 120 232 136 75 0 
1.44 118 114 115 144 114 101 0 0 103 119 0 132 102 134 0 149 100 110 0 120 232 136 75 0 
1.45 118 114 115 144 114 101 0 0 103 119 0 132 102 134 0 149 100 110 0 120 232 136 75 0 
1.46 118 114 115 144 114 101 0 0 103 119 0 132 102 134 0 149 100 110 0 120 232 136 75 0 
1.47 118 114 115 144 114 101 0 0 103 119 0 132 102 134 0 149 100 110 0 120 232 136 75 0 
1.48 118 114 115 144 114 101 0 0 103 119 0 132 102 134 0 149 100 110 0 120 232 136 75 0 
1.49 118 114 115 144 114 101 0 0 103 119 0 132 102 134 0 149 100 110 0 120 232 136 75 0 
1.5 118 114 115 144 114 101 0 0 103 119 0 132 102 134 0 149 100 110 0 120 232 136 75 0 
1.51 118 114 115 144 114 101 0 0 103 119 0 132 102 134 0 149 100 110 0 120 232 136 75 0 
1.52 118 114 115 144 114 101 0 0 103 119 0 132 102 134 0 149 100 110 0 120 232 136 75 0 
1.53 118 114 115 144 114 101 0 0 103 119 0 132 102 134 0 149 100 110 0 120 232 136 75 0 
1.54 118 114 115 144 114 101 0 0 103 119 0 132 102 134 0 149 100 110 0 120 232 136 75 0 
1.55 118 114 115 144 114 101 0 0 103 119 0 132 102 134 0 149 100 110 0 120 232 136 75 0 
1.56 118 114 115 144 114 101 0 0 103 119 0 132 102 134 0 149 100 110 0 120 232 136 75 0 
1.57 118 114 115 144 114 101 0 0 103 119 0 132 102 134 0 149 100 110 0 120 232 136 75 0 
1.58 118 114 115 144 114 101 0 0 103 119 0 132 102 134 0 149 100 110 0 120 232 136 75 0 
1.59 118 114 115 144 114 101 0 0 103 119 0 132 102 134 0 149 100 110 0 120 232 136 75 0 
1.6 118 114 115 144 114 101 0 0 103 119 0 132 102 134 0 149 100 110 0 120 232 136 75 0 
1.61 118 114 115 144 114 101 0 0 103 119 0 132 102 134 0 149 100 110 0 120 232 136 75 0 
1.62 118 114 115 144 114 101 0 0 103 119 0 132 102 134 0 149 100 110 0 120 232 136 75 0 
1.63 118 114 115 144 114 101 0 0 103 119 0 132 102 134 0 149 100 110 0 120 232 136 75 0 
1.64 118 114 115 144 114 101 0 0 103 119 0 132 102 134 0 149 100 110 0 120 232 136 75 0 
1.65 118 114 115 144 114 101 0 0 103 119 0 132 102 134 0 149 100 110 0 120 232 136 75 0 
1.66 118 114 115 144 114 101 0 0 103 119 0 132 102 134 0 149 100 110 0 120 232 136 75 0 
1.67 118 114 115 144 114 101 0 0 103 119 0 132 102 134 0 149 100 110 0 120 232 136 75 0 
1.68 118 114 115 144 114 101 0 0 103 119 0 132 102 134 0 149 100 110 0 120 232 136 75 0 
1.69 118 114 115 144 114 101 0 0 103 119 0 132 102 134 0 149 100 110 0 120 232 136 75 0 
1.7 118 114 115 144 114 101 0 0 103 119 0 132 102 134 0 149 100 110 0 120 232 136 75 0 
1.71 118 114 115 144 114 101 0 0 103 119 0 132 102 134 0 149 100 110 0 120 232 136 75 0 
1.72 118 114 115 144 114 101 0 0 103 119 0 132 102 134 0 149 100 110 0 120 232 136 75 0 
1.73 118 114 115 144 114 101 0 0 103 119 0 132 102 134 0 149 100 110 0 120 232 136 75 0 
1.74 118 114 115 144 114 101 0 0 103 119 0 132 102 134 0 149 100 110 0 120 232 136 75 0 
1.75 118 114 115 144 114 101 0 0 103 119 0 132 102 134 0 149 100 110 0 120 232 136 75 0 
1.76 118 114 115 144 114 101 0 0 103 119 0 132 102 134 0 149 100 110 0 120 232 136 75 0 
1.77 118 114 115 144 114 101 0 0 103 119 0 132 102 134 0 149 100 110 0 120 232 136 75 0 
1.78 118 114 115 144 114 101 0 0 103 119 0 132 102 134 0 149 100 110 0 120 232 136 75 0 
1.79 118 114 115 144 114 101 0 0 103 119 0 132 102 134 0 149 100 110 0 120 232 136 75 0 
1.8 118 114 115 144 114 101 0 0 103 119 0 132 102 134 0 149 100 110 0 120 232 136 75 0 
1.81 118 114 115 144 114 101 0 0 103 119 0 132 102 134 0 149 100 110 0 120 232 136 75 0 
1.82 118 114 115 144 114 101 0 0 103 119 0 132 102 134 0 149 100 110 0 120 232 136 75 0 
1.83 118 114 115 144 114 101 0 0 103 119 0 132 102 134 0 149 100 110 0 120 232 136 75 0 
1.84 118 114 115 144 114 101 0 0 103 119 0 132 102 134 0 149 100 110 0 120 232 136 75 0 
1.85 118 114 115 144 114 101 0 0 103 119 0 132 102 134 0 149 100 110 0 120 232 136 75 0 
1.86 118 114 115 144 114 101 0 0 103 119 0 132 102 134 0 149 100 110 0 120 232 136 75 0 
1.87 118 114 115 144 114 101 0 0 103 119 0 132 102 134 0 149 100 110 0 120 232 136 75 0 
1.88 118 114 115 144 114 101 0 0 103 119 0 132 102 134 0 149 100 110 0 120 232 136 75 0 
1.89 118 114 115 144 114 101 0 0 103 119 0 132 102 134 0 149 100 110 0 120 232 136 75 0 
1.9 118 114 115 144 114 101 0 0 103 119 0 132 102 134 0 149 100 110 0 120 232 136 75 0 
1.91 118 114 115 144 114 101 0 0 103 119 0 132 102 134 0 149 100 110 0 120 232 136 75 0 
1.923 118 114 115 144 114 101 0 0 103 119 0 132 102 134 0 149 100 110 0 120 232 136 75 0 
1.93 118 114 115 144 114 101 0 0 103 119 0 132 102 134 0 149 100 110 0 120 232 136 75 0 
1.94 118 114 115 144 114 101 0 0 103 119 0 132 102 134 0 149 100 110 0 120 232 136 75 0 
1.95 118 114 115 144 114 101 0 0 103 119 0 132 102 134 0 149 100 110 0 120 232 136 75 0 
1.96 118 114 115 144 114 101 0 0 103 119 0 132 102 134 0 149 100 110 0 120 232 136 75 0 
1.97 118 114 115 144 114 101 0 0 103 119 0 132 102 134 0 149 100 110 0 120 232 136 75 0 
1.98 118 114 115 144 114 101 0 0 103 119 0 132 102 134 0 149 100 110 0 120 232 136 75 0 
1.99 118 114 115 144 114 101 0 0 103 119 0 132 102 134 0 149 100 110 0 120 232 136 75 0 
2 118 114 115 144 114 101 0 0 103 119 0 132 102 134 0 149 100 110 0 120 232 136 75 0 
2.01 118 114 115 144 114 101 0 0 103 119 0 132 102 134 0 149 100 110 0 120 232 136 75 0 
2.02 118 114 115 144 114 101 0 0 103 119 0 132 102 134 0 149 100 110 0 120 232 136 75 0 
2.03 118 114 115 144 114 101 0 0 103 119 0 132 102 134 0 149 100 110 0 120 232 136 75 0 
2.04 118 114 115 144 114 101 0 0 103 119 0 132 102 134 0 149 100 110 0 120 232 136 75 0 
2.05 118 114 115 144 114 101 0 0 103 119 0 132 102 134 0 149 100 110 0 120 232 136 75 0 
2.06 118 114 115 144 114 101 0 0 103 119 0 132 102 134 0 149 100 110 0 120 232 136 75 0 
2.07 118 114 115 144 114 101 0 0 103 119 0 132 102 134 0 149 100 110 0 120 232 136 75 0 
2.08 118 114 115 144 114 101 0 0 103 119 0 132 102 134 0 149 100 110 0 120 232 136 75 0 
2.09 118 114 115 144 114 101 0 0 103 119 0 132 102 134 0 149 100 110 0 120 232 136 75 0 
2.1 118 114 115 144 114 101 0 0 103 119 0 132 102 134 0 149 100 110 0 120 232 136 75 0 
2.11 118 114 115 144 114 101 0 0 103 119 0 132 102 134 0 149 100 110 0 120 232 136 75 0 
2.12 118 114 115 144 114 101 0 0 103 119 0 132 102 134 0 149 100 110 0 120 232 136 75 0 
2.13 118 114 115 144 114 101 0 0 103 119 0 132 102 134 0 149 100 110 0 120 232 136 75 0 
2.14 118 114 115 144 114 101 0 0 103 119 0 132 102 134 0 149 100 110 0 120 232 136 75 0 
2.15 118 114 115 144 114 101 0 0 103 119 0 132 102 134 0 149 100 110 0 120 232 136 75 0 
2.16 118 114 115 144 114 101 0 0 103 119 0 132 102 134 0 149 100 110 0 120 232 136 75 0 
2.17 118 114 115 144 114 101 0 0 103 119 0 132 102 134 0 149 100 110 0 120 232 136 75 0 
2.18 118 114 115 144 114 101 0 0 103 119 0 132 102 134 0 149 100 110 0 120 232 136 75 0 
2.192 118 114 115 144 114 101 0 0 103 119 0 132 102 134 0 149 100 110 0 120 232 136 75 0 
2.2 118 114 115 144 114 101 0 0 103 119 0 132 102 134 0 149 100 110 0 120 232 136 75 0 
2.21 118 114 115 144 114 101 0 0 103 119 0 132 102 134 0 149 100 110 0 120 232 136 75 0 
2.22 118 114 115 144 114 101 0 0 103 119 0 132 102 134 0 149 100 110 0 120 232 136 75 0 
2.23 118 114 115 144 114 101 0 0 103 119 0 132 102 134 0 149 100 110 0 120 232 136 75 0 
2.24 118 114 115 144 114 101 0 0 103 119 0 132 102 134 0 149 100 110 0 120 232 136 75 0 
2.25 118 114 115 144 114 101 0 0 103 119 0 132 102 134 0 149 100 110 0 120 232 136 75 0 
2.26 118 114 115 144 114 101 0 0 103 119 0 132 102 134 0 149 100 110 0 120 232 136 75 0 
2.27 118 114 115 144 114 101 0 0 103 119 0 132 102 134 0 149 100 110 0 120 232 136 75 0 
2.28 118 114 115 144 114 101 0 0 103 119 0 132 102 134 0 149 100 110 0 120 232 136 75 0 
2.29 118 114 115 144 114 101 0 0 103 119 0 132 102 134 0 149 100 110 0 120 232 136 75 0 
2.3 118 114 115 144 114 101 0 0 103 119 0 132 102 134 0 149 100 110 0 120 232 136 75 0 
2.31 118 114 115 144 114 101 0 0 103 119 0 132 102 134 0 149 100 110 0 120 232 136 75 0 
2.32 118 114 115 144 114 101 0 0 103 119 0 132 102 134 0 149 100 110 0 120 232 136 75 0 
2.33 118 114 115 144 114 101 0 0 103 119 0 132 102 134 0 149 100 110 0 120 232 136 75 0 
2.34 118 114 115 144 114 101 0 0 103 119 0 132 102 134 0 149 100 110 0 120 232 136 75 0 
2.35 118 114 115 144 114 101 0 0 103 119 0 132 102 134 0 149 100 110 0 120 232 136 75 0 
2.36 118 114 115 144 114 101 0 0 103 119 0 132 102 134 0 149 100 110 0 120 232 136 75 0 
2.37 118 114 115 144 114 101 0 0 103 119 0 132 102 134 0 149 100 110 0 120 232 136 75 0 
2.38 118 114 115 144 114 101 0 0 103 119 0 132 102 134 0 149 100 110 0 120 232 136 75 0 
2.39 118 114 115 144 114 101 0 0 103 119 0 132 102 134 0 149 100 110 0 120 232 136 75 0 
2.4 118 114 115 144 114 101 0 0 103 119 0 132 102 134 0 149 100 110 0 120 232 136 75 0 
2.41 118 114 115 144 114 101 0 0 103 119 0 132 102 134 0 149 100 110 0 120 232 136 75 0 
2.42 118 114 115 144 114 101 0 0 103 119 0 132 102 134 0 149 100 110 0 120 232 136 75 0 
2.43 118 114 115 144 114 101 0 0 103 119 0 132 102 134 0 149 100 110 0 120 232 136 75 0 
2.44 118 114 115 144 114 101 0 0 103 119 0 132 102 134 0 149 100 110 0 120 232 136 75 0 
2.45 118 114 115 144 114 101 0 0 103 119 0 132 102 134 0 149 100 110 0 120 232 136 75 0 
2.46 118 114 115 144 114 101 0 0 103 119 0 132 102 134 0 149 100 110 0 120 232 136 75 0 
2.47 118 114 115 144 114 101 0 0 103 119 0 132 102 134 0 149 100 110 0 120 232 136 75 0 
2.48 118 114 115 144 114 101 0 0 103 119 0 132 102 134 0 149 100 110 0 120 232 136 75 0 
2.49 118 114 115 144 114 101 0 0 103 119 0 132 102 134 0 149 100 110 0 120 232 136 75 0 
2.5 118 114 115 144 114 101 0 0 103 119 0 132 102 134 0 149 100 110 0 120 232 136 75 0 
2.51 118 114 115 144 114 101 0 0 103 119 0 132 102 134 0 149 100 110 0 120 232 136 75 0 
2.52 118 114 115 144 114 101 0 0 103 119 0 132 102 134 0 149 100 110 0 120 232 136 75 0 
2.53 118 114 115 144 114 101 0 0 103 119 0 132 102 134 0 149 100 110 0 120 232 136 75 0 
2.54 118 114 115 144 114 101 0 0 103 119 0 132 102 134 0 149 100 110 0 120 232 136 75 0 
2.55 118 114 115 144 114 101 0 0 103 119 0 132 102 134 0 149 100 110 0 120 232 136 75 0 
2.56 118 114 115 144 114 101 0 0 103 119 0 132 102 134 0 149 100 110 0 120 232 136 75 0 
2.57 118 114 115 144 114 101 0 0 103 119 0 132 102 134 0 149 100 110 0 120 232 136 75 0 
2.58 118 114 115 144 114 101 0 0 103 119 0 132 102 134 0 149 100 110 0 120 232 136 75 0 
2.59 118 114 115 144 114 101 0 0 103 119 0 132 102 134 0 149 100 110 0 120 232 136 75 0 
2.6 118 114 115 144 114 101 0 0 103 119 0 132 102 134 0 149 100 110 0 120 232 136 75 0 
2.61 118 114 115 144 114 101 0 0 103 119 0 132 102 134 0 149 100 110 0 120 232 136 75 0 
2.62 118 114 115 144 114 101 0 0 103 119 0 132 102 134 0 149 100 110 0 120 232 136 75 0 
2.63 118 114 115 144 114 101 0 0 103 119 0 132 102 134 0 149 100 110 0 120 232 136 75 0 
2.64 118 114 115 144 114 101 0 0 103 119 0 132 102 134 0 149 100 110 0 120 232 136 75 0 
2.65 118 114 115 144 114 101 0 0 103 119 0 132 102 134 0 149 100 110 0 120 232 136 75 0 
2.66 118 114 115 144 114 101 0 0 103 119 0 132 102 134 0 149 100 110 0 120 232 136 75 0 
2.67 118 114 115 144 114 101 0 0 103 119 0 132 102 134 0 149 100 110 0 120 232 136 75 0 
2.68 118 114 115 144 114 101 0 0 103 119 0 132 102 134 0 149 100 110 0 120 232 136 75 0 
2.69 118 114 115 144 114 101 0 0 103 119 0 132 102 134 0 149 100 110 0 120 232 136 75 0 
2.7 118 114 115 144 114 101 0 0 103 119 0 132 102 134 0 149 100 110 0 120 232 136 75 0 
2.71 118 114 115 144 114 101 0 0 103 119 0 132 102 134 0 149 100 110 0 120 232 136 75 0 
2.72 118 114 115 144 114 101 0 0 103 119 0 132 102 134 0 149 100 110 0 120 232 136 75 0 
2.73 118 114 115 144 114 101 0 0 103 119 0 132 102 134 0 149 100 110 0 120 232 136 75 0 
2.74 118 114 115 144 114 101 0 0 103 119 0 132 102 134 0 149 100 110 0 120 232 136 75 0 
2.75 118 114 115 144 114 101 0 0 103 119 0 132 102 134 0 149 100 110 0 120 232 136 75 0 
2.76 118 114 115 144 114 101 0 0 103 119 0 132 102 134 0 149 100 110 0 120 232 136 75 0 
2.77 118 114 115 144 114 101 0 0 103 119 0 132 102 134 0 149 100 110 0 120 232 136 75 0 
2.78 118 114 115 144 114 101 0 0 103 119 0 132 102 134 0 149 100 110 0 120 232 136 75 0 
2.79 118 114 115 144 114 101 0 0 103 119 0 132 102 134 0 149 100 110 0 120 232 136 75 0 
2.8 118 114 115 144 114 101 0 0 103 119 0 132 102 134 0 149 100 110 0 120 232 136 75 0 
2.81 118 114 115 144 114 101 0 0 103 119 0 132 102 134 0 149 100 110 0 120 232 136 75 0 
2.82 118 114 115 144 114 101 0 0 103 119 0 132 102 134 0 149 100 110 0 120 232 136 75 0 
2.83 118 114 115 144 114 101 0 0 103 119 0 132 102 134 0 149 100 110 0 120 232 136 75 0 
2.84 118 114 115 144 114 101 0 0 103 119 0 132 102 134 0 149 100 110 0 120 232 136 75 0 
2.85 118 114 115 144 114 101 0 0 103 119 0 132 102 134 0 149 100 110 0 120 232 136 75 0 
2.86 118 114 115 144 114 101 0 0 103 119 0 132 102 134 0 149 100 110 0 120 232 136 75 0 
2.87 118 114 115 144 114 101 0 0 103 119 0 132 102 134 0 149 100 110 0 120 232 136 75 0 
2.88 118 114 115 144 114 101 0 0 103 119 0 132 102 134 0 149 100 110 0 120 232 136 75 0 
2.89 118 114 115 144 114 101 0 0 103 119 0 132 102 134 0 149 100 110 0 120 232 136 75 0 
2.9 118 114 115 144 114 101 0 0 103 119 0 132 102 134 0 149 100 110 0 120 232 136 75 0 
2.91 118 114 115 144 114 101 0 0 103 119 0 132 102 134 0 149 100 110 0 120 232 136 75 0 
2.92 118 114 115 144 114 101 0 0 103 119 0 132 102 134 0 149 100 110 0 120 232 136 75 0 
2.93 118 114 115 144 114 101 0 0 103 119 0 132 102 134 0 149 100 110 0 120 232 136 75 0 
2.94 118 114 115 144 114 101 0 0 103 119 0 132 102 134 0 149 100 110 0 120 232 136 75 0 
2.95 118 114 115 144 114 101 0 0 103 119 0 132 102 134 0 149 100 110 0 120 232 136 75 0 
2.96 118 114 115 144 114 101 0 0 103 119 0 132 102 134 0 149 100 110 0 120 232 136 75 0 
2.97 118 114 115 144 114 101 0 0 103 119 0 132 102 134 0 149 100 110 0 120 232 136 75 0 
2.98 118 114 115 144 114 101 0 0 103 119 0 132 102 134 0 149 100 110 0 120 232 136 75 0 
2.99 118 114 115 144 114 101 0 0 103 119 0 132 102 134 0 149 100 110 0 120 232 136 75 0 
3 118 114 115 144 114 101 0 0 103 119 0 132 102 134 0 149 100 110 0 120 232 136 75 0 
3.01 118 114 115 144 114 101 0 0 103 119 0 132 102 134 0 149 100 110 0 120 232 136 75 0 
3.02 118 114 115 144 114 101 0 0 103 119 0 132 102 134 0 149 100 110 0 120 232 136 75 0 
3.03 118 114 115 144 114 101 0 0 103 119 0 132 102 134 0 149 100 110 0 120 232 136 75 0 
3.04 118 114 115 144 114 101 0 0 103 119 0 132 102 134 0 149 100 110 0 120 232 136 75 0 
3.05 118 114 115 144 114 101 0 0 103 119 0 132 102 134 0 149 100 110 0 120 232 136 75 0 
3.06 118 114 115 144 114 101 0 0 103 119 0 132 102 134 0 149 100 110 0 120 232 136 75 0 
3.07 118 114 115 144 114 101 0 0 103 119 0 132 102 134 0 149 100 110 0 120 232 136 75 0 
3.08 118 114 115 144 114 101 0 0 103 119 0 132 102 134 0 149 100 110 0 120 232 136 75 0 
3.09 118 114 115 144 114 101 0 0 103 119 0 132 102 134 0 149 100 110 0 120 232 136 75 0 
3.1 118 114 115 144 114 101 0 0 103 119 0 132 102 134 0 149 100 110 0 120 232 136 75 0 
3.11 118 114 115 144 114 101 0 0 103 119 0 132 102 134 0 149 100 110 0 120 232 136 75 0 
3.12 118 114 115 144 114 101 0 0 103 119 0 132 102 134 0 149 100 110 0 120 232 136 75 0 
3.13 118 114 115 144 114 101 0 0 103 119 0 132 102 134 0 149 100 110 0 120 232 136 75 0 
3.14 118 114 115 144 114 101 0 0 103 119 0 132 102 134 0 149 100 110 0 120 232 136 75 0 
3.15 118 114 115 144 114 101 0 0 103 119 0 132 102 134 0 149 100 110 0 120 232 136 75 0 
3.16 118 114 115 144 114 101 0 0 103 119 0 132 102 134 0 149 100 110 0 120 232 136 75 0 
3.17 118 114 115 144 114 101 0 0 103 119 0 132 102 134 0 149 100 110 0 120 232 136 75 0 
3.18 118 114 115 144 114 101 0 0 103 119 0 132 102 134 0 149 100 110 0 120 232 136 75 0 
3.19 118 114 115 144 114 101 0 0 103 119 0 132 102 134 0 149 100 110 0 120 232 136 75 0 
3.2 118 114 115 144 114 101 0 0 103 119 0 132 102 134 0 149 100 110 0 120 232 136 75 0 
3.21 118 114 115 144 114 101 0 0 103 119 0 132 102 134 0 149 100 110 0 120 232 136 75 0 
3.22 118 114 115 144 114 101 0 0 103 119 0 132 102 134 0 149 100 110 0 120 232 136 75 0 
3.23 118 114 115 144 114 101 0 0 103 119 0 132 102 134 0 149 100 110 0 120 232 136 75 0 
3.24 118 114 115 144 114 101 0 0 103 119 0 132 102 134 0 149 100 110 0 120 232 136 75 0 
3.25 118 114 115 144 114 101 0 0 103 119 0 132 102 134 0 149 100 110 0 120 232 136 75 0 
3.26 118 114 115 144 114 101 0 0 103 119 0 132 102 134 0 149 100 110 0 120 232 136 75 0 
3.27 118 114 115 144 114 101 0 0 103 119 0 132 102 134 0 149 100 110 0 120 232 136 75 0 
3.28 118 114 115 144 114 101 0 0 103 119 0 132 102 134 0 149 100 110 0 120 232 136 75 0 
3.29 118 114 115 144 114 101 0 0 103 119 0 132 102 134 0 149 100 110 0 120 232 136 75 0 
3.3 118 114 115 144 114 101 0 0 103 119 0 132 102 134 0 149 100 110 0 120 232 136 75 0 
3.31 118 114 115 144 114 101 0 0 103 119 0 132 102 134 0 149 100 110 0 120 232 136 75 0 
3.32 118 114 115 144 114 101 0 0 103 119 0 132 102 134 0 149 100 110 0 120 232 136 75 0 
3.33 118 114 115 144 114 101 0 0 103 119 0 132 102 134 0 149 100 110 0 120 232 136 75 0 
3.34 118 114 115 144 114 101 0 0 103 119 0 132 102 134 0 149 100 110 0 120 232 136 75 0 
3.35 118 114 115 144 114 101 0 0 103 119 0 132 102 134 0 149 100 110 0 120 232 136 75 0 
3.36 118 114 115 144 114 101 0 0 103 119 0 132 102 134 0 149 100 110 0 120 232 136 75 0 
3.37 118 114 115 144 114 101 0 0 103 119 0 132 102 134 0 149 100 110 0 120 232 136 75 0 
3.38 118 114 115 144 114 101 0 0 103 119 0 132 102 134 0 149 100 110 0 120 232 136 75 0 
3.39 118 114 115 144 114 101 0 0 103 119 0 132 102 134 0 149 100 110 0 120 232 136 75 0 
3.4 118 114 115 144 114 101 0 0 103 119 0 132 102 134 0 149 100 110 0 120 232 136 75 0 
3.41 118 114 115 144 114 101 0 0 103 119 0 132 102 134 0 149 100 110 0 120 232 136 75 0 
3.42 118 114 115 144 114 101 0 0 103 119 0 132 102 134 0 149 100 110 0 120 232 136 75 0 
3.43 118 114 115 144 114 101 0 0 103 119 0 132 102 134 0 149 100 110 0 120 232 136 75 0 
3.44 118 114 115 144 114 101 0 0 103 119 0 132 102 134 0 149 100 110 0 120 232 136 75 0 
3.45 118 114 115 144 114 101 0 0 103 119 0 132 102 134 0 149 100 110 0 120 232 136 75 0 
3.46 118 114 115 144 114 101 0 0 103 119 0 132 102 134 0 149 100 110 0 120 232 136 75 0 
3.47 118 114 115 144 114 101 0 0 103 119 0 132 102 134 0 149 100 110 0 120 232 136 75 0 
3.48 118 114 115 144 114 101 0 0 103 119 0 132 102 134 0 149 100 110 0 120 232 136 75 0 
3.49 118 114 115 144 114 101 0 0 103 119 0 132 102 134 0 149 100 110 0 120 232 136 75 0 
3.5 118 114 115 144 114 101 0 0 103 119 0 132 102 134 0 149 100 110 0 120 232 136 75 0 
3.51 118 114 115 144 114 101 0 0 103 119 0 132 102 134 0 149 100 110 0 120 232 136 75 0 
3.52 118 114 115 144 114 101 0 0 103 119 0 132 102 134 0 149 100 110 0 120 232 136 75 0 
3.53 118 114 115 144 114 101 0 0 103 119 0 132 102 134 0 149 100 110 0 120 232 136 75 0 
3.54 118 114 115 144 114 101 0 0 103 119 0 132 102 134 0 149 100 110 0 120 232 136 75 0 
3.55 118 114 115 144 114 101 0 0 103 119 0 132 102 134 0 149 100 110 0 120 232 136 75 0 
3.56 118 114 115 144 114 101 0 0 103 119 0 132 102 134 0 149 100 110 0 120 232 136 75 0 
3.57 118 114 115 144 114 101 0 0 103 119 0 132 102 134 0 149 100 110 0 120 232 136 75 0 
3.58 118 114 115 144 114 101 0 0 103 119 0 132 102 134 0 149 100 110 0 120 232 136 75 0 
3.59 118 114 115 144 114 101 0 0 103 119 0 132 102 134 0 149 100 110 0 120 232 136 75 0 
3.603 118 114 115 144 114 101 0 0 103 119 0 132 102 134 0 149 100 110 0 120 232 136 75 0 
3.61 118 114 115 144 114 101 0 0 103 119 0 132 102 134 0 149 100 110 0 120 232 136 75 0 
3.62 118 114 115 144 114 101 0 0 103 119 0 132 102 134 0 149 100 110 0 120 232 136 75 0 
3.63 118 114 115 144 114 101 0 0 103 119 0 132 102 134 0 149 100 110 0 120 232 136 75 0 
3.64 118 114 115 144 114 101 0 0 103 119 0 132 102 134 0 149 100 110 0 120 232 136 75 0 
3.65 118 114 115 144 114 101 0 0 103 119 0 132 102 134 0 149 100 110 0 120 232 136 75 0 
3.66 118 114 115 144 114 101 0 0 103 119 0 132 102 134 0 149 100 110 0 120 232 136 75 0 
3.67 118 114 115 144 114 101 0 0 103 119 0 132 102 134 0 149 100 110 0 120 232 136 75 0 
3.68 118 114 115 144 114 101 0 0 103 119 0 132 102 134 0 149 100 110 0 120 232 136 75 0 
3.69 118 114 115 144 114 101 0 0 103 119 0 132 102 134 0 149 100 110 0 120 232 136 75 0 
3.7 118 114 115 144 114 101 0 0 103 119 0 132 102 134 0 149 100 110 0 120 232 136 75 0 
3.71 118 114 115 144 114 101 0 0 103 119 0 132 102 134 0 149 100 110 0 120 232 136 75 0 
3.72 118 114 115 144 114 101 0 0 103 119 0 132 102 134 0 149 100 110 0 120 232 136 75 0 
3.73 118 114 115 144 114 101 0 0 103 119 0 132 102 134 0 149 100 110 0 120 232 136 75 0 
3.74 118 114 115 144 114 101 0 0 103 119 0 132 102 134 0 149 100 110 0 120 232 136 75 0 
3.75 118 114 115 144 114 101 0 0 103 119 0 132 102 134 0 149 100 110 0 120 232 136 75 0 
3.76 118 114 115 144 114 101 0 0 103 119 0 132 102 134 0 149 100 110 0 120 232 136 75 0 
3.77 118 114 115 144 114 101 0 0 103 119 0 132 102 134 0 149 100 110 0 120 232 136 75 0 
3.78 118 114 115 144 114 101 0 0 103 119 0 132 102 134 0 149 100 110 0 120 232 136 75 0 
3.79 118 114 115 144 114 101 0 0 103 119 0 132 102 134 0 149 100 110 0 120 232 136 75 0 
3.8 118 114 115 144 114 101 0 0 103 119 0 132 102 134 0 149 100 110 0 120 232 136 75 0 
3.81 118 114 115 144 114 101 0 0 103 119 0 132 102 134 0 149 100 110 0 120 232 136 75 0 
3.82 118 114 115 144 114 101 0 0 103 119 0 132 102 134 0 149 100 110 0 120 232 136 75 0 
3.83 118 114 115 144 114 101 0 0 103 119 0 132 102 134 0 149 100 110 0 120 232 136 75 0 
3.84 118 114 115 144 114 101 0 0 103 119 0 132 102 134 0 149 100 110 0 120 232 136 75 0 
3.85 118 114 115 144 114 101 0 0 103 119 0 132 102 134 0 149 100 110 0 120 232 136 75 0 
3.86 118 114 115 144 114 101 0 0 103 119 0 132 102 134 0 149 100 110 0 120 232 136 75 0 
3.87 118 114 115 144 114 101 0 0 103 119 0 132 102 134 0 149 100 110 0 120 232 136 75 0 
3.88 118 114 115 144 114 101 0 0 103 119 0 132 102 134 0 149 100 110 0 120 232 136 75 0 
3.89 118 114 115 144 114 101 0 0 103 119 0 132 102 134 0 149 100 110 0 120 232 136 75 0 
3.9 118 114 115 144 114 101 0 0 103 119 0 132 102 134 0 149 100 110 0 120 232 136 75 0 
3.91 118 114 115 144 114 101 0 0 103 119 0 132 102 134 0 149 100 110 0 120 232 136 75 0 
3.92 118 114 115 144 114 101 0 0 103 119 0 132 102 134 0 149 100 110 0 120 232 136 75 0 
3.93 118 114 115 144 114 101 0 0 103 119 0 132 102 134 0 149 100 110 0 120 232 136 75 0 
3.94 118 114 115 144 114 101 0 0 103 119 0 132 102 134 0 149 100 110 0 120 232 136 75 0 
3.95 118 114 115 144 114 101 0 0 103 119 0 132 102 134 0 149 100 110 0 120 232 136 75 0 
3.96 118 114 115 144 114 101 0 0 103 119 0 132 102 134 0 149 100 110 0 120 232 136 75 0 
3.97 118 114 115 144 114 101 0 0 103 119 0 132 102 134 0 149 100 110 0 120 232 136 75 0 
3.98 118 114 115 144 114 101 0 0 103 119 0 132 102 134 0 149 100 110 0 120 232 136 75 0 
3.99 118 114 115 144 114 101 0 0 103 119 0 132 102 134 0 149 100 110 0 120 232 136 75 0 
4 118 114 115 144 114 101 0 0 103 119 0 132 102 134 0 149 100 110 0 120 232 136 75 0 
4.01 118 114 115 144 114 101 0 0 103 119 0 132 102 134 0 149 100 110 0 120 232 136 75 0 
4.02 118 114 115 144 114 101 0 0 103 119 0 132 102 134 0 149 100 110 0 120 232 136 75 0 
4.03 118 114 115 144 114 101 0 0 103 119 0 132 102 134 0 149 100 110 0 120 232 136 75 0 
4.04 118 114 115 144 114 101 0 0 103 119 0 132 102 134 0 149 100 110 0 120 232 136 75 0 
4.05 118 114 115 144 114 101 0 0 103 119 0 132 102 134 0 149 100 110 0 120 232 136 75 0 
4.06 118 114 115 144 114 101 0 0 103 119 0 132 102 134 0 149 100 110 0 120 232 136 75 0 
4.07 118 114 115 144 114 101 0 0 103 119 0 132 102 134 0 149 100 110 0 120 232 136 75 0 
4.08 118 114 115 144 114 101 0 0 103 119 0 132 102 134 0 149 100 110 0 120 232 136 75 0 
4.09 118 114 115 144 114 101 0 0 103 119 0 132 102 134 0 149 100 110 0 120 232 136 75 0 
4.1 118 114 115 144 114 101 0 0 103 119 0 132 102 134 0 149 100 110 0 120 232 136 75 0 
4.11 118 114 115 144 114 101 0 0 103 119 0 132 102 134 0 149 100 110 0 120 232 136 75 0 
4.12 118 114 115 144 114 101 0 0 103 119 0 132 102 134 0 149 100 110 0 120 232 136 75 0 
4.13 118 114 115 144 114 101 0 0 103 119 0 132 102 134 0 149 100 110 0 120 232 136 75 0 
4.14 118 114 115 144 114 101 0 0 103 119 0 132 102 134 0 149 100 110 0 120 232 136 75 0 
4.151 118 114 115 144 114 101 0 0 103 119 0 132 102 134 0 149 100 110 0 120 232 136 75 0 
4.161 118 114 115 144 114 101 0 0 103 119 0 132 102 134 0 149 100 110 0 120 232 136 75 0 
4.171 118 114 115 144 114 101 0 0 103 119 0 132 102 134 0 149 100 110 0 120 232 136 75 0 
4.181 118 114 115 144 114 101 0 0 103 119 0 132 102 134 0 149 100 110 0 120 232 136 75 0 
4.191 118 114 115 144 114 101 0 0 103 119 0 132 102 134 0 149 100 110 0 120 232 136 75 0 
4.201 118 114 115 144 114 101 0 0 103 119 0 132 102 134 0 149 100 110 0 120 232 136 75 0 
4.211 118 114 115 144 114 101 0 0 103 119 0 132 102 134 0 149 100 110 0 120 232 136 75 0 
4.221 118 114 115 144 114 101 0 0 103 119 0 132 102 134 0 149 100 110 0 120 232 136 75 0 
4.231 118 114 115 144 114 101 0 0 103 119 0 132 102 134 0 149 100 110 0 120 232 136 75 0 
4.241 118 114 115 144 114 101 0 0 103 119 0 132 102 134 0 149 100 110 0 120 232 136 75 0 
4.251 118 114 115 144 114 101 0 0 103 119 0 132 102 134 0 149 100 110 0 120 232 136 75 0 
4.261 118 114 115 144 114 101 0 0 103 119 0 132 102 134 0 149 100 110 0 120 232 136 75 0 
4.271 118 114 115 144 114 101 0 0 103 119 0 132 102 134 0 149 100 110 0 120 232 136 75 0 
4.281 118 114 115 144 114 101 0 0 103 119 0 132 102 134 0 149 100 110 0 120 232 136 75 0 
4.291 118 114 115 144 114 101 0 0 103 119 0 132 102 134 0 149 100 110 0 120 232 136 75 0 
4.301 118 114 115 144 114 101 0 0 103 119 0 132 102 134 0 149 100 110 0 120 232 136 75 0 
4.311 118 114 115 144 114 101 0 0 103 119 0 132 102 134 0 149 100 110 0 120 232 136 75 0 
4.321 118 114 115 144 114 101 0 0 103 119 0 132 102 134 0 149 100 110 0 120 232 136 75 0 
4.331 118 114 115 144 114 101 0 0 103 119 0 132 102 134 0 149 100 110 0 120 232 136 75 0 
4.341 118 114 115 144 114 101 0 0 103 119 0 132 102 134 0 149 100 110 0 120 232 136 75 0 
4.351 118 114 115 144 114 101 0 0 103 119 0 132 102 134 0 149 100 110 0 120 232 136 75 0 
4.361 118 114 115 144 114 101 0 0 103 119 0 132 102 134 0 149 100 110 0 120 232 136 75 0 
4.371 118 114 115 144 114 101 0 0 103 119 0 132 102 134 0 149 100 110 0 120 232 136 75 0 
4.381 118 114 115 144 114 101 0 0 103 119 0 132 102 134 0 149 100 110 0 120 232 136 75 0 
4.391 118 114 115 144 114 101 0 0 103 119 0 132 102 134 0 149 100 110 0 120 232 136 75 0 
4.401 118 114 115 144 114 101 0 0 103 119 0 132 102 134 0 149 100 110 0 120 232 136 75 0 
4.411 118 114 115 144 114 101 0 0 103 119 0 132 102 134 0 149 100 110 0 120 232 136 75 0 
4.421 118 114 115 144 114 101 0 0 103 119 0 132 102 134 0 149 100 110 0 120 232 136 75 0 
4.431 118 114 115 144 114 101 0 0 103 119 0 132 102 134 0 149 100 110 0 120 232 136 75 0 
4.441 118 114 115 144 114 101 0 0 103 119 0 132 102 134 0 149 100 110 0 120 232 136 75 0 
4.451 118 114 115 144 114 101 0 0 103 119 0 132 102 134 0 149 100 110 0 120 232 136 75 0 
4.461 118 114 115 144 114 101 0 0 103 119 0 132 102 134 0 149 100 110 0 120 232 136 75 0 
4.471 118 114 115 144 114 101 0 0 103 119 0 132 102 134 0 149 100 110 0 120 232 136 75 0 
4.481 118 114 115 144 114 101 0 0 103 119 0 132 102 134 0 149 100 110 0 120 232 136 75 0 
4.491 118 114 115 144 114 101 0 0 103 119 0 132 102 134 0 149 100 110 0 120 232 136 75 0 
4.501 118 114 115 144 114 101 0 0 103 119 0 132 102 134 0 149 100 110 0 120 232 136 75 0 
4.511 118 114 115 144 114 101 0 0 103 119 0 132 102 134 0 149 100 110 0 120 232 136 75 0 
4.521 118 114 115 144 114 101 0 0 103 119 0 132 102 134 0 149 100 110 0 120 232 136 75 0 
4.531 118 114 115 144 114 101 0 0 103 119 0 132 102 134 0 149 100 110 0 120 232 136 75 0 
4.541 118 114 115 144 114 101 0 0 103 119 0 132 102 134 0 149 100 110 0 120 232 136 75 0 
4.551 118 114 115 144 114 101 0 0 103 119 0 132 102 134 0 149 100 110 0 120 232 136 75 0 
4.561 118 114 115 144 114 101 0 0 103 119 0 132 102 134 0 149 100 110 0 120 232 136 75 0 
4.571 118 114 115 144 114 101 0 0 103 119 0 132 102 134 0 149 100 110 0 120 232 136 75 0 
4.581 118 114 115 144 114 101 0 0 103 119 0 132 102 134 0 149 100 110 0 120 232 136 75 0 
4.591 118 114 115 144 114 101 0 0 103 119 0 132 102 134 0 149 100 110 0 120 232 136 75 0 
4.601 118 114 115 144 114 101 0 0 103 119 0 132 102 134 0 149 100 110 0 120 232 136 75 0 
4.611 118 114 115 144 114 101 0 0 103 119 0 132 102 134 0 149 100 110 0 120 232 136 75 0 
4.621 118 114 115 144 114 101 0 0 103 119 0 132 102 134 0 149 100 110 0 120 232 136 75 0 
4.631 118 114 115 144 114 101 0 0 103 119 0 132 102 134 0 149 100 110 0 120 232 136 75 0 
4.641 118 114 115 144 114 101 0 0 103 119 0 132 102 134 0 149 100 110 0 120 232 136 75 0 
4.651 118 114 115 144 114 101 0 0 103 119 0 132 102 134 0 149 100 110 0 120 232 136 75 0 
4.661 118 114 115 144 114 101 0 0 103 119 0 132 102 134 0 149 100 110 0 120 232 136 75 0 
4.671 118 114 115 144 114 101 0 0 103 119 0 132 102 134 0 149 100 110 0 120 232 136 75 0 
4.681 118 114 115 144 114 101 0 0 103 119 0 132 102 134 0 149 100 110 0 120 232 136 75 0 
4.691 118 114 115 144 114 101 0 0 103 119 0 132 102 134 0 149 100 110 0 120 232 136 75 0 
4.701 118 114 115 144 114 101 0 0 103 119 0 132 102 134 0 149 100 110 0 120 232 136 75 0 
4.711 118 114 115 144 114 101 0 0 103 119 0 132 102 134 0 149 100 110 0 120 232 136 75 0 
4.721 118 114 115 144 114 101 0 0 103 119 0 132 102 134 0 149 100 110 0 120 232 136 75 0 
4.731 118 114 115 144 114 101 0 0 103 119 0 132 102 134 0 149 100 110 0 120 232 136 75 0 
4.741 118 114 115 144 114 101 0 0 103 119 0 132 102 134 0 149 100 110 0 120 232 136 75 0 
4.751 118 114 115 144 114 101 0 0 103 119 0 132 102 134 0 149 100 110 0 120 232 136 75 0 
4.761 118 114 115 144 114 101 0 0 103 119 0 132 102 134 0 149 100 110 0 120 232 136 75 0 
4.771 118 114 115 144 114 101 0 0 103 119 0 132 102 134 0 149 100 110 0 120 232 136 75 0 
4.781 118 114 115 144 114 101 0 0 103 119 0 132 102 134 0 149 100 110 0 120 232 136 75 0 
4.791 118 114 115 144 114 101 0 0 103 119 0 132 102 134 0 149 100 110 0 120 232 136 75 0 
4.801 118 114 115 144 114 101 0 0 103 119 0 132 102 134 0 149 100 110 0 120 232 136 75 0 
4.811 118 114 115 144 114 101 0 0 103 119 0 132 102 134 0 149 100 110 0 120 232 136 75 0 
4.821 118 114 115 144 114 101 0 0 103 119 0 132 102 134 0 149 100 110 0 120 232 136 75 0 
4.831 118 114 115 144 114 101 0 0 103 119 0 132 102 134 0 149 100 110 0 120 232 136 75 0 
4.841 118 114 115 144 114 101 0 0 103 119 0 132 102 134 0 149 100 110 0 120 232 136 75 0 
4.851 118 114 115 144 114 101 0 0 103 119 0 132 102 134 0 149 100 110 0 120 232 136 75 0 
4.861 118 114 115 144 114 101 0 0 103 119 0 132 102 134 0 149 100 110 0 120 232 136 75 0 
4.871 118 114 115 144 114 101 0 0 103 119 0 132 102 134 0 149 100 110 0 120 232 136 75 0 
4.881 118 114 115 144 114 101 0 0 103 119 0 132 102 134 0 149 100 110 0 120 232 136 75 0 
4.891 118 114 115 144 114 101 0 0 103 119 0 132 102 134 0 149 100 110 0 120 232 136 75 0 
4.901 118 114 115 144 114 101 0 0 103 119 0 132 102 134 0 149 100 110 0 120 232 136 75 0 
4.911 118 114 115 144 114 101 0 0 103 119 0 132 102 134 0 149 100 110 0 120 232 136 75 0 
4.921 118 114 115 144 114 101 0 0 103 119 0 132 102 134 0 149 100 110 0 120 232 136 75 0 
4.931 118 114 115 144 114 101 0 0 103 119 0 132 102 134 0 149 100 110 0 120 232 136 75 0 
4.941 118 114 115 144 114 101 0 0 103 119 0 132 102 134 0 149 100 110 0 120 232 136 75 0 
4.951 118 114 115 144 114 101 0 0 103 119 0 132 102 134 0 149 100 110 0 120 232 136 75 0 
4.961 118 114 115 144 114 101 0 0 103 119 0 132 102 134 0 149 100 110 0 120 232 136 75 0 
4.971 118 114 115 144 114 101 0 0 103 119 0 132 102 134 0 149 100 110 0 120 232 136 75 0 
4.981 118 114 115 144 114 101 0 0 103 119 0 132 102 134 0 149 100 110 0 120 232 136 75 0 
4.991 118 114 115 144 114 101 0 0 103 119 0 132 102 134 0 149 100 110 0 120 232 136 75 0 
5.001 118 114 115 144 114 101 0 0 103 119 0 132 102 134 0 149 100 110 0 120 232 136 75 0 
5.011 118 114 115 144 114 101 0 0 103 119 0 132 102 134 0 149 100 110 0 120 232 136 75 0 
5.021 118 114 115 144 114 101 0 0 103 119 0 132 102 134 0 149 100 110 0 120 232 136 75 0 
5.031 118 114 115 144 114 101 0 0 103 119 0 132 102 134 0 149 100 110 0 120 232 136 75 0 
5.041 118 114 115 144 114 101 0 0 103 119 0 132 102 134 0 149 100 110 0 120 232 136 75 0 
5.051 118 114 115 144 114 101 0 0 103 119 0 132 102 134 0 149 100 110 0 120 232 136 75 0 
5.061 118 114 115 144 114 101 0 0 103 119 0 132 102 134 0 149 100 110 0 120 232 136 75 0 
5.071 118 114 115 144 114 101 0 0 103 119 0 132 102 134 0 149 100 110 0 120 232 136 75 0 
5.081 118 114 115 144 114 101 0 0 103 119 0 132 102 134 0 149 100 110 0 120 232 136 75 0 
5.091 118 114 115 144 114 101 0 0 103 119 0 132 102 134 0 149 100 110 0 120 232 136 75 0 
5.101 118 114 115 144 114 101 0 0 103 119 0 132 102 134 0 149 100 110 0 120 232 136 75 0 
5.111 118 114 115 144 114 101 0 0 103 119 0 132 102 134 0 149 100 110 0 120 232 136 75 0 
5.121 118 114 115 144 114 101 0 0 103 119 0 132 102 134 0 149 100 110 0 120 232 136 75 0 
5.132 118 114 115 144 114 101 0 0 103 119 0 132 102 134 0 149 100 110 0 120 232 136 75 0 
5.141 118 114 115 144 114 101 0 0 103 119 0 132 102 134 0 149 100 110 0 120 232 136 75 0 
5.151 118 114 115 144 114 101 0 0 103 119 0 132 102 134 0 149 100 110 0 120 232 136 75 0 
5.161 118 114 115 144 114 101 0 0 103 119 0 132 102 134 0 149 100 110 0 120 232 136 75 0 
5.171 118 114 115 144 114 101 0 0 103 119 0 132 102 134 0 149 100 110 0 120 232 136 75 0 
5.181 118 114 115 144 114 101 0 0 103 119 0 132 102 134 0 149 100 110 0 120 232 136 75 0 
5.191 118 114 115 144 114 101 0 0 103 119 0 132 102 134 0 149 100 110 0 120 232 136 75 0 
5.201 118 114 115 144 114 101 0 0 103 119 0 132 102 134 0 149 100 110 0 120 232 136 75 0 
5.211 118 114 115 144 114 101 0 0 103 119 0 132 102 134 0 149 100 110 0 120 232 136 75 0 
5.221 118 114 115 144 114 101 0 0 103 119 0 132 102 134 0 149 100 110 0 120 232 136 75 0 
5.231 118 114 115 144 114 101 0 0 103 119 0 132 102 134 0 149 100 110 0 120 232 136 75 0 
5.241 118 114 115 144 114 101 0 0 103 119 0 132 102 134 0 149 100 110 0 120 232 136 75 0 
5.251 118 114 115 144 114 101 0 0 103 119 0 132 102 134 0 149 100 110 0 120 232 136 75 0 
5.261 118 114 115 144 114 101 0 0 103 119 0 132 102 134 0 149 100 110 0 120 232 136 75 0 
5.271 118 114 115 144 114 101 0 0 103 119 0 132 102 134 0 149 100 110 0 120 232 136 75 0 
5.281 118 114 115 144 114 101 0 0 103 119 0 132 102 134 0 149 100 110 0 120 232 136 75 0 
5.291 118 114 115 144 114 101 0 0 103 119 0 132 102 134 0 149 100 110 0 120 232 136 75 0 
5.301 118 114 115 144 114 101 0 0 103 119 0 132 102 134 0 149 100 110 0 120 232 136 75 0 
5.311 118 114 115 144 114 101 0 0 103 119 0 132 102 134 0 149 100 110 0 120 232 136 75 0 
5.321 118 114 115 144 114 101 0 0 103 119 0 132 102 134 0 149 100 110 0 120 232 136 75 0 
5.331 118 114 115 144 114 101 0 0 103 119 0 132 102 134 0 149 100 110 0 120 232 136 75 0 
5.341 118 114 115 144 114 101 0 0 103 119 0 132 102 134 0 149 100 110 0 120 232 136 75 0 
5.351 118 114 115 144 114 101 0 0 103 119 0 132 102 134 0 149 100 110 0 120 232 136 75 0 
5.361 118 114 115 144 114 101 0 0 103 119 0 132 102 134 0 149 100 110 0 120 232 136 75 0 
5.371 118 114 115 144 114 101 0 0 103 119 0 132 102 134 0 149 100 110 0 120 232 136 75 0 
5.381 118 114 115 144 114 101 0 0 103 119 0 132 102 134 0 149 100 110 0 120 232 136 75 0 
5.391 118 114 115 144 114 101 0 0 103 119 0 132 102 134 0 149 100 110 0 120 232 136 75 0 
5.401 118 114 115 144 114 101 0 0 103 119 0 132 102 134 0 149 100 110 0 120 232 136 75 0 
5.411 118 114 115 144 114 101 0 0 103 119 0 132 102 134 0 149 100 110 0 120 232 136 75 0 
5.421 118 114 115 144 114 101 0 0 103 119 0 132 102 134 0 149 100 110 0 120 232 136 75 0 
5.431 118 114 115 144 114 101 0 0 103 119 0 132 102 134 0 149 100 110 0 120 232 136 75 0 
5.441 118 114 115 144 114 101 0 0 103 119 0 132 102 134 0 149 100 110 0 120 232 136 75 0 
5.451 118 114 115 144 114 101 0 0 103 119 0 132 102 134 0 149 100 110 0 120 232 136 75 0 
5.461 118 114 115 144 114 101 0 0 103 119 0 132 102 134 0 149 100 110 0 120 232 136 75 0 
5.471 118 114 115 144 114 101 0 0 103 119 0 132 102 134 0 149 100 110 0 120 232 136 75 0 
5.481 118 114 115 144 114 101 0 0 103 119 0 132 102 134 0 149 100 110 0 120 232 136 75 0 
5.491 118 114 115 144 114 101 0 0 103 119 0 132 102 134 0 149 100 110 0 120 232 136 75 0 
5.501 118 114 115 144 114 101 0 0 103 119 0 132 102 134 0 149 100 110 0 120 232 136 75 0 
5.511 118 114 115 144 114 101 0 0 103 119 0 132 102 134 0 149 100 110 0 120 232 136 75 0 
5.521 118 114 115 144 114 101 0 0 103 119 0 132 102 134 0 149 100 110 0 120 232 136 75 0 
5.531 118 114 115 144 114 101 0 0 103 119 0 132 102 134 0 149 100 110 0 120 232 136 75 0 
5.541 118 114 115 144 114 101 0 0 103 119 0 132 102 134 0 149 100 110 0 120 232 136 75 0 
5.551 118 114 115 144 114 101 0 0 103 119 0 132 102 134 0 149 100 110 0 120 232 136 75 0 
5.561 118 114 115 144 114 101 0 0 103 119 0 132 102 134 0 149 100 110 0 120 232 136 75 0 
5.571 118 114 115 144 114 101 0 0 103 119 0 132 102 134 0 149 100 110 0 120 232 136 75 0 
5.581 118 114 115 144 114 101 0 0 103 119 0 132 102 134 0 149 100 110 0 120 232 136 75 0 
5.591 118 114 115 144 114 101 0 0 103 119 0 132 102 134 0 149 100 110 0 120 232 136 75 0 
5.601 118 114 115 144 114 101 0 0 103 119 0 132 102 134 0 149 100 110 0 120 232 136 75 0 
5.611 118 114 115 144 114 101 0 0 103 119 0 132 102 134 0 149 100 110 0 120 232 136 75 0 
5.621 118 114 115 144 114 101 0 0 103 119 0 132 102 134 0 149 100 110 0 120 232 136 75 0 
5.631 118 114 115 144 114 101 0 0 103 119 0 132 102 134 0 149 100 110 0 120 232 136 75 0 
5.641 118 114 115 144 114 101 0 0 103 119 0 132 102 134 0 149 100 110 0 120 232 136 75 0 
5.651 118 114 115 144 114 101 0 0 103 119 0 132 102 134 0 149 100 110 0 120 232 136 75 0 
5.661 118 114 115 144 114 101 0 0 103 119 0 132 102 134 0 149 100 110 0 120 232 136 75 0 
5.671 118 114 115 144 114 101 0 0 103 119 0 132 102 134 0 149 100 110 0 120 232 136 75 0 
5.681 118 114 115 144 114 101 0 0 103 119 0 132 102 134 0 149 100 110 0 120 232 136 75 0 
5.691 118 114 115 144 114 101 0 0 103 119 0 132 102 134 0 149 100 110 0 120 232 136 75 0 
5.701 118 114 115 144 114 101 0 0 103 119 0 132 102 134 0 149 100 110 0 120 232 136 75 0 
5.711 118 114 115 144 114 101 0 0 103 119 0 132 102 134 0 149 100 110 0 120 232 136 75 0 
5.721 118 114 115 144 114 101 0 0 103 119 0 132 102 134 0 149 100 110 0 120 232 136 75 0 
5.731 118 114 115 144 114 101 0 0 103 119 0 132 102 134 0 149 100 110 0 120 232 136 75 0 
5.741 118 114 115 144 114 101 0 0 103 119 0 132 102 134 0 149 100 110 0 120 232 136 75 0 
5.751 118 114 115 144 114 101 0 0 103 119 0 132 102 134 0 149 100 110 0 120 232 136 75 0 
5.761 118 114 115 144 114 101 0 0 103 119 0 132 102 134 0 149 100 110 0 120 232 136 75 0 
5.771 118 114 115 144 114 101 0 0 103 119 0 132 102 134 0 149 100 110 0 120 232 136 75 0 
5.781 118 114 115 144 114 101 0 0 103 119 0 132 102 134 0 149 100 110 0 120 232 136 75 0 
5.791 118 114 115 144 114 101 0 0 103 119 0 132 102 134 0 149 100 110 0 120 232 136 75 0 
5.801 118 114 115 144 114 101 0 0 103 119 0 132 102 134 0 149 100 110 0 120 232 136 75 0 
5.811 118 114 115 144 114 101 0 0 103 119 0 132 102 134 0 149 100 110 0 120 232 136 75 0 
5.821 118 114 115 144 114 101 0 0 103 119 0 132 102 134 0 149 100 110 0 120 232 136 75 0 
5.831 118 114 115 144 114 101 0 0 103 119 0 132 102 134 0 149 100 110 0 120 232 136 75 0 
5.841 118 114 115 144 114 101 0 0 103 119 0 132 102 134 0 149 100 110 0 120 232 136 75 0 
5.851 118 114 115 144 114 101 0 0 103 119 0 132 102 134 0 149 100 110 0 120 232 136 75 0 
5.861 118 114 115 144 114 101 0 0 103 119 0 132 102 134 0 149 100 110 0 120 232 136 75 0 
5.871 118 114 115 144 114 101 0 0 103 119 0 132 102 134 0 149 100 110 0 120 232 136 75 0 
5.881 118 114 115 144 114 101 0 0 103 119 0 132 102 134 0 149 100 110 0 120 232 136 75 0 
5.891 118 114 115 144 114 101 0 0 103 119 0 132 102 134 0 149 100 110 0 120 232 136 75 0 
5.901 118 114 115 144 114 101 0 0 103 119 0 132 102 134 0 149 100 110 0 120 232 136 75 0 
5.911 118 114 115 144 114 101 0 0 103 119 0 132 102 134 0 149 100 110 0 120 232 136 75 0 
5.921 118 114 115 144 114 101 0 0 103 119 0 132 102 134 0 149 100 110 0 120 232 136 75 0 
5.931 118 114 115 144 114 101 0 0 103 119 0 132 102 134 0 149 100 110 0 120 232 136 75 0 
5.941 118 114 115 144 114 101 0 0 103 119 0 132 102 134 0 149 100 110 0 120 232 136 75 0 
5.951 118 114 115 144 114 101 0 0 103 119 0 132 102 134 0 149 100 110 0 120 232 136 75 0 
5.961 118 114 115 144 114 101 0 0 103 119 0 132 102 134 0 149 100 110 0 120 232 136 75 0 
5.971 118 114 115 144 114 101 0 0 103 119 0 132 102 134 0 149 100 110 0 120 232 136 75 0 
5.981 118 114 115 144 114 101 0 0 103 119 0 132 102 134 0 149 100 110 0 120 232 136 75 0 
5.991 118 114 115 144 114 101 0 0 103 119 0 132 102 134 0 149 100 110 0 120 232 136 75 0 
6.001 118 114 115 144 114 101 0 0 103 119 0 132 102 134 0 149 100 110 0 120 232 136 75 0 
6.013 118 114 115 144 114 101 0 0 103 119 0 132 102 134 0 149 100 110 0 120 232 136 75 0 
6.021 118 114 115 144 114 101 0 0 103 119 0 132 102 134 0 149 100 110 0 120 232 136 75 0 
6.031 118 114 115 144 114 101 0 0 103 119 0 132 102 134 0 149 100 110 0 120 232 136 75 0 
6.041 118 114 115 144 114 101 0 0 103 119 0 132 102 134 0 149 100 110 0 120 232 136 75 0 
6.051 118 114 115 144 114 101 0 0 103 119 0 132 102 134 0 149 100 110 0 120 232 136 75 0 
6.061 118 114 115 144 114 101 0 0 103 119 0 132 102 134 0 149 100 110 0 120 232 136 75 0 
6.071 118 114 115 144 114 101 0 0 103 119 0 132 102 134 0 149 100 110 0 120 232 136 75 0 
6.081 118 114 115 144 114 101 0 0 103 119 0 132 102 134 0 149 100 110 0 120 232 136 75 0 
6.091 118 114 115 144 114 101 0 0 103 119 0 132 102 134 0 149 100 110 0 120 232 136 75 0 
6.101 118 114 115 144 114 101 0 0 103 119 0 132 102 134 0 149 100 110 0 120 232 136 75 0 
6.111 118 114 115 144 114 101 0 0 103 119 0 132 102 134 0 149 100 110 0 120 232 136 75 0 
6.121 118 114 115 144 114 101 0 0 103 119 0 132 102 134 0 149 100 110 0 120 232 136 75 0 
6.131 118 114 115 144 114 101 0 0 103 119 0 132 102 134 0 149 100 110 0 120 232 136 75 0 
6.141 118 114 115 144 114 101 0 0 103 119 0 132 102 134 0 149 100 110 0 120 232 136 75 0 
6.151 118 114 115 144 114 101 0 0 103 119 0 132 102 134 0 149 100 110 0 120 232 136 75 0 
6.161 118 114 115 144 114 101 0 0 103 119 0 132 102 134 0 149 100 110 0 120 232 136 75 0 
6.171 118 114 115 144 114 101 0 0 103 119 0 132 102 134 0 149 100 110 0 120 232 136 75 0 
6.181 118 114 115 144 114 101 0 0 103 119 0 132 102 134 0 149 100 110 0 120 232 136 75 0 
6.191 118 114 115 144 114 101 0 0 103 119 0 132 102 134 0 149 100 110 0 120 232 136 75 0 
6.201 118 114 115 144 114 101 0 0 103 119 0 132 102 134 0 149 100 110 0 120 232 136 75 0 
6.211 118 114 115 144 114 101 0 0 103 119 0 132 102 134 0 149 100 110 0 120 232 136 75 0 
6.221 118 114 115 144 114 101 0 0 103 119 0 132 102 134 0 149 100 110 0 120 232 136 75 0 
6.231 118 114 115 144 114 101 0 0 103 119 0 132 102 134 0 149 100 110 0 120 232 136 75 0 
6.241 118 114 115 144 114 101 0 0 103 119 0 132 102 134 0 149 100 110 0 120 232 136 75 0 
6.251 118 114 115 144 114 101 0 0 103 119 0 132 102 134 0 149 100 110 0 120 232 136 75 0 
6.261 118 114 115 144 114 101 0 0 103 119 0 132 102 134 0 149 100 110 0 120 232 136 75 0 
6.271 118 114 115 144 114 101 0 0 103 119 0 132 102 134 0 149 100 110 0 120 232 136 75 0 
6.281 118 114 115 144 114 101 0 0 103 119 0 132 102 134 0 149 100 110 0 120 232 136 75 0 
6.291 118 114 115 144 114 101 0 0 103 119 0 132 102 134 0 149 100 110 0 120 232 136 75 0 
6.301 118 114 115 144 114 101 0 0 103 119 0 132 102 134 0 149 100 110 0 120 232 136 75 0 
6.311 118 114 115 144 114 101 0 0 103 119 0 132 102 134 0 149 100 110 0 120 232 136 75 0 
6.321 118 114 115 144 114 101 0 0 103 119 0 132 102 134 0 149 100 110 0 120 232 136 75 0 
6.331 118 114 115 144 114 101 0 0 103 119 0 132 102 134 0 149 100 110 0 120 232 136 75 0 
6.341 118 114 115 144 114 101 0 0 103 119 0 132 102 134 0 149 100 110 0 120 232 136 75 0 
6.351 118 114 115 144 114 101 0 0 103 119 0 132 102 134 0 149 100 110 0 120 232 136 75 0 
6.361 118 114 115 144 114 101 0 0 103 119 0 132 102 134 0 149 100 110 0 120 232 136 75 0 
6.371 118 114 115 144 114 101 0 0 103 119 0 132 102 134 0 149 100 110 0 120 232 136 75 0 
6.381 118 114 115 144 114 101 0 0 103 119 0 132 102 134 0 149 100 110 0 120 232 136 75 0 
6.391 118 114 115 144 114 101 0 0 103 119 0 132 102 134 0 149 100 110 0 120 232 136 75 0 
6.401 118 114 115 144 114 101 0 0 103 119 0 132 102 134 0 149 100 110 0 120 232 136 75 0 
6.411 118 114 115 144 114 101 0 0 103 119 0 132 102 134 0 149 100 110 0 120 232 136 75 0 
6.421 118 114 115 144 114 101 0 0 103 119 0 132 102 134 0 149 100 110 0 120 232 136 75 0 
6.431 118 114 115 144 114 101 0 0 103 119 0 132 102 134 0 149 100 110 0 120 232 136 75 0 
6.441 118 114 115 144 114 101 0 0 103 119 0 132 102 134 0 149 100 110 0 120 232 136 75 0 
6.451 118 114 115 144 114 101 0 0 103 119 0 132 102 134 0 149 100 110 0 120 232 136 75 0 
6.461 118 114 115 144 114 101 0 0 103 119 0 132 102 134 0 149 100 110 0 120 232 136 75 0 
6.471 118 114 115 144 114 101 0 0 103 119 0 132 102 134 0 149 100 110 0 120 232 136 75 0 
6.481 118 114 115 144 114 101 0 0 103 119 0 132 102 134 0 149 100 110 0 120 232 136 75 0 
6.491 118 114 115 144 114 101 0 0 103 119 0 132 102 134 0 149 100 110 0 120 232 136 75 0 
6.501 118 114 115 144 114 101 0 0 103 119 0 132 102 134 0 149 100 110 0 120 232 136 75 0 
6.511 118 114 115 144 114 101 0 0 103 119 0 132 102 134 0 149 100 110 0 120 232 136 75 0 
6.521 118 114 115 144 114 101 0 0 103 119 0 132 102 134 0 149 100 110 0 120 232 136 75 0 
6.531 118 114 115 144 114 101 0 0 103 119 0 132 102 134 0 149 100 110 0 120 232 136 75 0 
6.541 118 114 115 144 114 101 0 0 103 119 0 132 102 134 0 149 100 110 0 120 232 136 75 0 
6.551 118 114 115 144 114 101 0 0 103 119 0 132 102 134 0 149 100 110 0 120 232 136 75 0 
6.561 118 114 115 144 114 101 0 0 103 119 0 132 102 134 0 149 100 110 0 120 232 136 75 0 
6.571 118 114 115 144 114 101 0 0 103 119 0 132 102 134 0 149 100 110 0 120 232 136 75 0 
6.581 118 114 115 144 114 101 0 0 103 119 0 132 102 134 0 149 100 110 0 120 232 136 75 0 
6.591 118 114 115 144 114 101 0 0 103 119 0 132 102 134 0 149 100 110 0 120 232 136 75 0 
6.601 118 114 115 144 114 101 0 0 103 119 0 132 102 134 0 149 100 110 0 120 232 136 75 0 
6.611 118 114 115 144 114 101 0 0 103 119 0 132 102 134 0 149 100 110 0 120 232 136 75 0 
6.621 118 114 115 144 114 101 0 0 103 119 0 132 102 134 0 149 100 110 0 120 232 136 75 0 
6.631 118 114 115 144 114 101 0 0 103 119 0 132 102 134 0 149 100 110 0 120 232 136 75 0 
6.641 118 114 115 144 114 101 0 0 103 119 0 132 102 134 0 149 100 110 0 120 232 136 75 0 
6.651 118 114 115 144 114 101 0 0 103 119 0 132 102 134 0 149 100 110 0 120 232 136 75 0 
6.661 118 114 115 144 114 101 0 0 103 119 0 132 102 134 0 149 100 110 0 120 232 136 75 0 
6.671 118 114 115 144 114 101 0 0 103 119 0 132 102 134 0 149 100 110 0 120 232 136 75 0 
6.681 118 114 115 144 114 101 0 0 103 119 0 132 102 134 0 149 100 110 0 120 232 136 75 0 
6.691 118 114 115 144 114 101 0 0 103 119 0 132 102 134 0 149 100 110 0 120 232 136 75 0 
6.701 118 114 115 144 114 101 0 0 103 119 0 132 102 134 0 149 100 110 0 120 232 136 75 0 
6.711 118 114 115 144 114 101 0 0 103 119 0 132 102 134 0 149 100 110 0 120 232 136 75 0 
6.721 118 114 115 144 114 101 0 0 103 119 0 132 102 134 0 149 100 110 0 120 232 136 75 0 
6.731 118 114 115 144 114 101 0 0 103 119 0 132 102 134 0 149 100 110 0 120 232 136 75 0 
6.741 118 114 115 144 114 101 0 0 103 119 0 132 102 134 0 149 100 110 0 120 232 136 75 0 
6.751 118 114 115 144 114 101 0 0 103 119 0 132 102 134 0 149 100 110 0 120 232 136 75 0 
6.761 118 114 115 144 114 101 0 0 103 119 0 132 102 134 0 149 100 110 0 120 232 136 75 0 
6.771 118 114 115 144 114 101 0 0 103 119 0 132 102 134 0 149 100 110 0 120 232 136 75 0 
6.781 118 114 115 144 114 101 0 0 103 119 0 132 102 134 0 149 100 110 0 120 232 136 75 0 
6.791 118 114 115 144 114 101 0 0 103 119 0 132 102 134 0 149 100 110 0 120 232 136 75 0 
6.801 118 114 115 144 114 101 0 0 103 119 0 132 102 134 0 149 100 110 0 120 232 136 75 0 
6.811 118 114 115 144 114 101 0 0 103 119 0 132 102 134 0 149 100 110 0 120 232 136 75 0 
6.821 118 114 115 144 114 101 0 0 103 119 0 132 102 134 0 149 100 110 0 120 232 136 75 0 
6.831 118 114 115 144 114 101 0 0 103 119 0 132 102 134 0 149 100 110 0 120 232 136 75 0 
6.841 118 114 115 144 114 101 0 0 103 119 0 132 102 134 0 149 100 110 0 120 232 136 75 0 
6.851 118 114 115 144 114 101 0 0 103 119 0 132 102 134 0 149 100 110 0 120 232 136 75 0 
6.861 118 114 115 144 114 101 0 0 103 119 0 132 102 134 0 149 100 110 0 120 232 136 75 0 
6.871 118 114 115 144 114 101 0 0 103 119 0 132 102 134 0 149 100 110 0 120 232 136 75 0 
6.881 118 114 115 144 114 101 0 0 103 119 0 132 102 134 0 149 100 110 0 120 232 136 75 0 
6.891 118 114 115 144 114 101 0 0 103 119 0 132 102 134 0 149 100 110 0 120 232 136 75 0 
6.901 118 114 115 144 114 101 0 0 103 119 0 132 102 134 0 149 100 110 0 120 232 136 75 0 
6.911 118 114 115 144 114 101 0 0 103 119 0 132 102 134 0 149 100 110 0 120 232 136 75 0 
6.921 118 114 115 144 114 101 0 0 103 119 0 132 102 134 0 149 100 110 0 120 232 136 75 0 
6.931 118 114 115 144 114 101 0 0 103 119 0 132 102 134 0 149 100 110 0 120 232 136 75 0 
6.941 118 114 115 144 114 101 0 0 103 119 0 132 102 134 0 149 100 110 0 120 232 136 75 0 
6.951 118 114 115 144 114 101 0 0 103 119 0 132 102 134 0 149 100 110 0 120 232 136 75 0 
6.961 118 114 115 144 114 101 0 0 103 119 0 132 102 134 0 149 100 110 0 120 232 136 75 0 
6.971 118 114 115 144 114 101 0 0 103 119 0 132 102 134 0 149 100 110 0 120 232 136 75 0 
6.981 118 114 115 144 114 101 0 0 103 119 0 132 102 134 0 149 100 110 0 120 232 136 75 0 
6.991 118 114 115 144 114 101 0 0 103 119 0 132 102 134 0 149 100 110 0 120 232 136 75 0 
7.001 118 114 115 144 114 101 0 0 103 119 0 132 102 134 0 149 100 110 0 120 232 136 75 0 
7.011 118 114 115 144 114 101 0 0 103 119 0 132 102 134 0 149 100 110 0 120 232 136 75 0 
7.021 118 114 115 144 114 101 0 0 103 119 0 132 102 134 0 149 100 110 0 120 232 136 75 0 
7.031 118 114 115 144 114 101 0 0 103 119 0 132 102 134 0 149 100 110 0 120 232 136 75 0 
7.041 118 114 115 144 114 101 0 0 103 119 0 132 102 134 0 149 100 110 0 120 232 136 75 0 
7.051 118 114 115 144 114 101 0 0 103 119 0 132 102 134 0 149 100 110 0 120 232 136 75 0 
7.061 118 114 115 144 114 101 0 0 103 119 0 132 102 134 0 149 100 110 0 120 232 136 75 0 
7.071 118 114 115 144 114 101 0 0 103 119 0 132 102 134 0 149 100 110 0 120 232 136 75 0 
7.081 118 114 115 144 114 101 0 0 103 119 0 132 102 134 0 149 100 110 0 120 232 136 75 0 
7.091 118 114 115 144 114 101 0 0 103 119 0 132 102 134 0 149 100 110 0 120 232 136 75 0 
7.101 118 114 115 144 114 101 0 0 103 119 0 132 102 134 0 149 100 110 0 120 232 136 75 0 
7.111 118 114 115 144 114 101 0 0 103 119 0 132 102 134 0 149 100 110 0 120 232 136 75 0 
7.121 118 114 115 144 114 101 0 0 103 119 0 132 102 134 0 149 100 110 0 120 232 136 75 0 
7.131 118 114 115 144 114 101 0 0 103 119 0 132 102 134 0 149 100 110 0 120 232 136 75 0 
7.141 118 114 115 144 114 101 0 0 103 119 0 132 102 134 0 149 100 110 0 120 232 136 75 0 
7.151 118 114 115 144 114 101 0 0 103 119 0 132 102 134 0 149 100 110 0 120 232 136 75 0 
7.161 118 114 115 144 114 101 0 0 103 119 0 132 102 134 0 149 100 110 0 120 232 136 75 0 
7.171 118 114 115 144 114 101 0 0 103 119 0 132 102 134 0 149 100 110 0 120 232 136 75 0 
7.181 118 114 115 144 114 101 0 0 103 119 0 132 102 134 0 149 100 110 0 120 232 136 75 0 
7.191 118 114 115 144 114 101 0 0 103 119 0 132 102 134 0 149 100 110 0 120 232 136 75 0 
7.201 118 114 115 144 114 101 0 0 103 119 0 132 102 134 0 149 100 110 0 120 232 136 75 0 
7.211 118 114 115 144 114 101 0 0 103 119 0 132 102 134 0 149 100 110 0 120 232 136 75 0 
7.221 118 114 115 144 114 101 0 0 103 119 0 132 102 134 0 149 100 110 0 120 232 136 75 0 
7.231 118 114 115 144 114 101 0 0 103 119 0 132 102 134 0 149 100 110 0 120 232 136 75 0 
7.241 118 114 115 144 114 101 0 0 103 119 0 132 102 134 0 149 100 110 0 120 232 136 75 0 
7.251 118 114 115 144 114 101 0 0 103 119 0 132 102 134 0 149 100 110 0 120 232 136 75 0 
7.261 118 114 115 144 114 101 0 0 103 119 0 132 102 134 0 149 100 110 0 120 232 136 75 0 
7.271 118 114 115 144 114 101 0 0 103 119 0 132 102 134 0 149 100 110 0 120 232 136 75 0 
7.281 118 114 115 144 114 101 0 0 103 119 0 132 102 134 0 149 100 110 0 120 232 136 75 0 
7.291 118 114 115 144 114 101 0 0 103 119 0 132 102 134 0 149 100 110 0 120 232 136 75 0 
7.301 118 114 115 144 114 101 0 0 103 119 0 132 102 134 0 149 100 110 0 120 232 136 75 0 
7.311 118 114 115 144 114 101 0 0 103 119 0 132 102 134 0 149 100 110 0 120 232 136 75 0 
7.321 118 114 115 144 114 101 0 0 103 119 0 132 102 134 0 149 100 110 0 120 232 136 75 0 
7.331 118 114 115 144 114 101 0 0 103 119 0 132 102 134 0 149 100 110 0 120 232 136 75 0 
7.341 118 114 115 144 114 101 0 0 103 119 0 132 102 134 0 149 100 110 0 120 232 136 75 0 
7.351 118 114 115 144 114 101 0 0 103 119 0 132 102 134 0 149 100 110 0 120 232 136 75 0 
7.361 118 114 115 144 114 101 0 0 103 119 0 132 102 134 0 149 100 110 0 120 232 136 75 0 
7.371 118 114 115 144 114 101 0 0 103 119 0 132 102 134 0 149 100 110 0 120 232 136 75 0 
7.381 118 114 115 144 114 101 0 0 103 119 0 132 102 134 0 149 100 110 0 120 232 136 75 0 
7.391 118 114 115 144 114 101 0 0 103 119 0 132 102 134 0 149 100 110 0 120 232 136 75 0 
7.401 118 114 115 144 114 101 0 0 103 119 0 132 102 134 0 149 100 110 0 120 232 136 75 0 
7.411 118 114 115 144 114 101 0 0 103 119 0 132 102 134 0 149 100 110 0 120 232 136 75 0 
7.421 118 114 115 144 114 101 0 0 103 119 0 132 102 134 0 149 100 110 0 120 232 136 75 0 
7.431 118 114 115 144 114 101 0 0 103 119 0 132 102 134 0 149 100 110 0 120 232 136 75 0 
7.441 118 114 115 144 114 101 0 0 103 119 0 132 102 134 0 149 100 110 0 120 232 136 75 0 
7.451 118 114 115 144 114 101 0 0 103 119 0 132 102 134 0 149 100 110 0 120 232 136 75 0 
7.461 118 114 115 144 114 101 0 0 103 119 0 132 102 134 0 149 100 110 0 120 232 136 75 0 
7.471 118 114 115 144 114 101 0 0 103 119 0 132 102 134 0 149 100 110 0 120 232 136 75 0 
7.481 118 114 115 144 114 101 0 0 103 119 0 132 102 134 0 149 100 110 0 120 232 136 75 0 
7.491 118 114 115 144 114 101 0 0 103 119 0 132 102 134 0 149 100 110 0 120 232 136 75 0 
7.501 118 114 115 144 114 101 0 0 103 119 0 132 102 134 0 149 100 110 0 120 232 136 75 0 
7.511 118 114 115 144 114 101 0 0 103 119 0 132 102 134 0 149 100 110 0 120 232 136 75 0 
7.521 118 114 115 144 114 101 0 0 103 119 0 132 102 134 0 149 100 110 0 120 232 136 75 0 
7.531 118 114 115 144 114 101 0 0 103 119 0 132 102 134 0 149 100 110 0 120 232 136 75 0 
7.541 118 114 115 144 114 101 0 0 103 119 0 132 102 134 0 149 100 110 0 120 232 136 75 0 
7.551 118 114 115 144 114 101 0 0 103 119 0 132 102 134 0 149 100 110 0 120 232 136 75 0 
7.561 118 114 115 144 114 101 0 0 103 119 0 132 102 134 0 149 100 110 0 120 232 136 75 0 
7.571 118 114 115 144 114 101 0 0 103 119 0 132 102 134 0 149 100 110 0 120 232 136 75 0 
7.581 118 114 115 144 114 101 0 0 103 119 0 132 102 134 0 149 100 110 0 120 232 136 75 0 
7.591 118 114 115 144 114 101 0 0 103 119 0 132 102 134 0 149 100 110 0 120 232 136 75 0 
7.601 118 114 115 144 114 101 0 0 103 119 0 132 102 134 0 149 100 110 0 120 232 136 75 0 
7.611 118 114 115 144 114 101 0 0 103 119 0 132 102 134 0 149 100 110 0 120 232 136 75 0 
7.621 118 114 115 144 114 101 0 0 103 119 0 132 102 134 0 149 100 110 0 120 232 136 75 0 
7.631 118 114 115 144 114 101 0 0 103 119 0 132 102 134 0 149 100 110 0 120 232 136 75 0 
7.641 118 114 115 144 114 101 0 0 103 119 0 132 102 134 0 149 100 110 0 120 232 136 75 0 
7.651 118 114 115 144 114 101 0 0 103 119 0 132 102 134 0 149 100 110 0 120 232 136 75 0 
7.661 118 114 115 144 114 101 0 0 103 119 0 132 102 134 0 149 100 110 0 120 232 136 75 0 
7.671 118 114 115 144 114 101 0 0 103 119 0 132 102 134 0 149 100 110 0 120 232 136 75 0 
7.681 118 114 115 144 114 101 0 0 103 119 0 132 102 134 0 149 100 110 0 120 232 136 75 0 
7.691 118 114 115 144 114 101 0 0 103 119 0 132 102 134 0 149 100 110 0 120 232 136 75 0 
7.701 118 114 115 144 114 101 0 0 103 119 0 132 102 134 0 149 100 110 0 120 232 136 75 0 
7.711 118 114 115 144 114 101 0 0 103 119 0 132 102 134 0 149 100 110 0 120 232 136 75 0 
7.721 118 114 115 144 114 101 0 0 103 119 0 132 102 134 0 149 100 110 0 120 232 136 75 0 
7.731 118 114 115 144 114 101 0 0 103 119 0 132 102 134 0 149 100 110 0 120 232 136 75 0 
7.741 118 114 115 144 114 101 0 0 103 119 0 132 102 134 0 149 100 110 0 120 232 136 75 0 
7.751 118 114 115 144 114 101 0 0 103 119 0 132 102 134 0 149 100 110 0 120 232 136 75 0 
7.761 118 114 115 144 114 101 0 0 103 119 0 132 102 134 0 149 100 110 0 120 232 136 75 0 
7.771 118 114 115 144 114 101 0 0 103 119 0 132 102 134 0 149 100 110 0 120 232 136 75 0 
7.781 118 114 115 144 114 101 0 0 103 119 0 132 102 134 0 149 100 110 0 120 232 136 75 0 
7.791 118 114 115 144 114 101 0 0 103 119 0 132 102 134 0 149 100 110 0 120 232 136 75 0 
7.801 118 114 115 144 114 101 0 0 103 119 0 132 102 134 0 149 100 110 0 120 232 136 75 0 
7.811 118 114 115 144 114 101 0 0 103 119 0 132 102 134 0 149 100 110 0 120 232 136 75 0 
7.821 118 114 115 144 114 101 0 0 103 119 0 132 102 134 0 149 100 110 0 120 232 136 75 0 
7.831 118 114 115 144 114 101 0 0 103 119 0 132 102 134 0 149 100 110 0 120 232 136 75 0 
7.841 118 114 115 144 114 101 0 0 103 119 0 132 102 134 0 149 100 110 0 120 232 136 75 0 
7.851 118 114 115 144 114 101 0 0 103 119 0 132 102 134 0 149 100 110 0 120 232 136 75 0 
7.861 118 114 115 144 114 101 0 0 103 119 0 132 102 134 0 149 100 110 0 120 232 136 75 0 
7.871 118 114 115 144 114 101 0 0 103 119 0 132 102 134 0 149 100 110 0 120 232 136 75 0 
7.881 118 114 115 144 114 101 0 0 103 119 0 132 102 134 0 149 100 110 0 120 232 136 75 0 
7.891 118 114 115 144 114 101 0 0 103 119 0 132 102 134 0 149 100 110 0 120 232 136 75 0 
7.901 118 114 115 144 114 101 0 0 103 119 0 132 102 134 0 149 100 110 0 120 232 136 75 0 
7.911 118 114 115 144 114 101 0 0 103 119 0 132 102 134 0 149 100 110 0 120 232 136 75 0 
7.921 118 114 115 144 114 101 0 0 103 119 0 132 102 134 0 149 100 110 0 120 232 136 75 0 
7.931 118 114 115 144 114 101 0 0 103 119 0 132 102 134 0 149 100 110 0 120 232 136 75 0 
7.941 118 114 115 144 114 101 0 0 103 119 0 132 102 134 0 149 100 110 0 120 232 136 75 0 
7.951 118 114 115 144 114 101 0 0 103 119 0 132 102 134 0 149 100 110 0 120 232 136 75 0 
7.961 118 114 115 144 114 101 0 0 103 119 0 132 102 134 0 149 100 110 0 120 232 136 75 0 
7.971 118 114 115 144 114 101 0 0 103 119 0 132 102 134 0 149 100 110 0 120 232 136 75 0 
7.981 118 114 115 144 114 101 0 0 103 119 0 132 102 134 0 149 100 110 0 120 232 136 75 0 
7.991 118 114 115 144 114 101 0 0 103 119 0 132 102 134 0 149 100 110 0 120 232 136 75 0 
8.001 118 114 115 144 114 101 0 0 103 119 0 132 102 134 0 149 100 110 0 120 232 136 75 0 
8.011 118 114 115 144 114 101 0 0 103 119 0 132 102 134 0 149 100 110 0 120 232 136 75 0 
8.021 118 114 115 144 114 101 0 0 103 119 0 132 102 134 0 149 100 110 0 120 232 136 75 0 
8.031 118 114 115 144 114 101 0 0 103 119 0 132 102 134 0 149 100 110 0 120 232 136 75 0 
8.041 118 114 115 144 114 101 0 0 103 119 0 132 102 134 0 149 100 110 0 120 232 136 75 0 
8.051 118 114 115 144 114 101 0 0 103 119 0 132 102 134 0 149 100 110 0 120 232 136 75 0 
8.061 118 114 115 144 114 101 0 0 103 119 0 132 102 134 0 149 100 110 0 120 232 136 75 0 
8.071 118 114 115 144 114 101 0 0 103 119 0 132 102 134 0 149 100 110 0 120 232 136 75 0 
8.081 118 114 115 144 114 101 0 0 103 119 0 132 102 134 0 149 100 110 0 120 232 136 75 0 
8.091 118 114 115 144 114 101 0 0 103 119 0 132 102 134 0 149 100 110 0 120 232 136 75 0 
8.101 118 114 115 144 114 101 0 0 103 119 0 132 102 134 0 149 100 110 0 120 232 136 75 0 
8.111 118 114 115 144 114 101 0 0 103 119 0 132 102 134 0 149 100 110 0 120 232 136 75 0 
8.121 118 114 115 144 114 101 0 0 103 119 0 132 102 134 0 149 100 110 0 120 232 136 75 0 
8.131 118 114 115 144 114 101 0 0 103 119 0 132 102 134 0 149 100 110 0 120 232 136 75 0 
8.141 118 114 115 144 114 101 0 0 103 119 0 132 102 134 0 149 100 110 0 120 232 136 75 0 
8.151 118 114 115 144 114 101 0 0 103 119 0 132 102 134 0 149 100 110 0 120 232 136 75 0 
8.161 118 114 115 144 114 101 0 0 103 119 0 132 102 134 0 149 100 110 0 120 232 136 75 0 
8.171 118 114 115 144 114 101 0 0 103 119 0 132 102 134 0 149 100 110 0 120 232 136 75 0 
8.181 118 114 115 144 114 101 0 0 103 119 0 132 102 134 0 149 100 110 0 120 232 136 75 0 
8.193 118 114 115 144 114 101 0 0 103 119 0 132 102 134 0 149 100 110 0 120 232 136 75 0 
8.201 118 114 115 144 114 101 0 0 103 119 0 132 102 134 0 149 100 110 0 120 232 136 75 0 
8.211 118 114 115 144 114 101 0 0 103 119 0 132 102 134 0 149 100 110 0 120 232 136 75 0 
8.221 118 114 115 144 114 101 0 0 103 119 0 132 102 134 0 149 100 110 0 120 232 136 75 0 
8.231 118 114 115 144 114 101 0 0 103 119 0 132 102 134 0 149 100 110 0 120 232 136 75 0 
8.241 118 114 115 144 114 101 0 0 103 119 0 132 102 134 0 149 100 110 0 120 232 136 75 0 
8.251 118 114 115 144 114 101 0 0 103 119 0 132 102 134 0 149 100 110 0 120 232 136 75 0 
8.261 118 114 115 144 114 101 0 0 103 119 0 132 102 134 0 149 100 110 0 120 232 136 75 0 
8.271 118 114 115 144 114 101 0 0 103 119 0 132 102 134 0 149 100 110 0 120 232 136 75 0 
8.281 118 114 115 144 114 101 0 0 103 119 0 132 102 134 0 149 100 110 0 120 232 136 75 0 
8.291 118 114 115 144 114 101 0 0 103 119 0 132 102 134 0 149 100 110 0 120 232 136 75 0 
8.301 118 114 115 144 114 101 0 0 103 119 0 132 102 134 0 149 100 110 0 120 232 136 75 0 
8.311 118 114 115 144 114 101 0 0 103 119 0 132 102 134 0 149 100 110 0 120 232 136 75 0 
8.321 118 114 115 144 114 101 0 0 103 119 0 132 102 134 0 149 100 110 0 120 232 136 75 0 
8.331 118 114 115 144 114 101 0 0 103 119 0 132 102 134 0 149 100 110 0 120 232 136 75 0 
8.341 118 114 115 144 114 101 0 0 103 119 0 132 102 134 0 149 100 110 0 120 232 136 75 0 
8.351 118 114 115 144 114 101 0 0 103 119 0 132 102 134 0 149 100 110 0 120 232 136 75 0 
8.361 118 114 115 144 114 101 0 0 103 119 0 132 102 134 0 149 100 110 0 120 232 136 75 0 
8.371 118 114 115 144 114 101 0 0 103 119 0 132 102 134 0 149 100 110 0 120 232 136 75 0 
8.381 118 114 115 144 114 101 0 0 103 119 0 132 102 134 0 149 100 110 0 120 232 136 75 0 
8.391 118 114 115 144 114 101 0 0 103 119 0 132 102 134 0 149 100 110 0 120 232 136 75 0 
8.401 118 114 115 144 114 101 0 0 103 119 0 132 102 134 0 149 100 110 0 120 232 136 75 0 
8.411 118 114 115 144 114 101 0 0 103 119 0 132 102 134 0 149 100 110 0 120 232 136 75 0 
8.421 118 114 115 144 114 101 0 0 103 119 0 132 102 134 0 149 100 110 0 120 232 136 75 0 
8.431 118 114 115 144 114 101 0 0 103 119 0 132 102 134 0 149 100 110 0 120 232 136 75 0 
8.441 118 114 115 144 114 101 0 0 103 119 0 132 102 134 0 149 100 110 0 120 232 136 75 0 
8.451 118 114 115 144 114 101 0 0 103 119 0 132 102 134 0 149 100 110 0 120 232 136 75 0 
8.461 118 114 115 144 114 101 0 0 103 119 0 132 102 134 0 149 100 110 0 120 232 136 75 0 
8.471 118 114 115 144 114 101 0 0 103 119 0 132 102 134 0 149 100 110 0 120 232 136 75 0 
8.481 118 114 115 144 114 101 0 0 103 119 0 132 102 134 0 149 100 110 0 120 232 136 75 0 
8.491 118 114 115 144 114 101 0 0 103 119 0 132 102 134 0 149 100 110 0 120 232 136 75 0 
8.501 118 114 115 144 114 101 0 0 103 119 0 132 102 134 0 149 100 110 0 120 232 136 75 0 
8.511 118 114 115 144 114 101 0 0 103 119 0 132 102 134 0 149 100 110 0 120 232 136 75 0 
8.521 118 114 115 144 114 101 0 0 103 119 0 132 102 134 0 149 100 110 0 120 232 136 75 0 
8.531 118 114 115 144 114 101 0 0 103 119 0 132 102 134 0 149 100 110 0 120 232 136 75 0 
8.541 118 114 115 144 114 101 0 0 103 119 0 132 102 134 0 149 100 110 0 120 232 136 75 0 
8.551 118 114 115 144 114 101 0 0 103 119 0 132 102 134 0 149 100 110 0 120 232 136 75 0 
8.561 118 114 115 144 114 101 0 0 103 119 0 132 102 134 0 149 100 110 0 120 232 136 75 0 
8.571 118 114 115 144 114 101 0 0 103 119 0 132 102 134 0 149 100 110 0 120 232 136 75 0 
8.581 118 114 115 144 114 101 0 0 103 119 0 132 102 134 0 149 100 110 0 120 232 136 75 0 
8.591 118 114 115 144 114 101 0 0 103 119 0 132 102 134 0 149 100 110 0 120 232 136 75 0 
8.601 118 114 115 144 114 101 0 0 103 119 0 132 102 134 0 149 100 110 0 120 232 136 75 0 
8.611 118 114 115 144 114 101 0 0 103 119 0 132 102 134 0 149 100 110 0 120 232 136 75 0 
8.621 118 114 115 144 114 101 0 0 103 119 0 132 102 134 0 149 100 110 0 120 232 136 75 0 
8.631 118 114 115 144 114 101 0 0 103 119 0 132 102 134 0 149 100 110 0 120 232 136 75 0 
8.641 118 114 115 144 114 101 0 0 103 119 0 132 102 134 0 149 100 110 0 120 232 136 75 0 
8.651 118 114 115 144 114 101 0 0 103 119 0 132 102 134 0 149 100 110 0 120 232 136 75 0 
8.661 118 114 115 144 114 101 0 0 103 119 0 132 102 134 0 149 100 110 0 120 232 136 75 0 
8.671 118 114 115 144 114 101 0 0 103 119 0 132 102 134 0 149 100 110 0 120 232 136 75 0 
8.681 118 114 115 144 114 101 0 0 103 119 0 132 102 134 0 149 100 110 0 120 232 136 75 0 
8.691 118 114 115 144 114 101 0 0 103 119 0 132 102 134 0 149 100 110 0 120 232 136 75 0 
8.701 118 114 115 144 114 101 0 0 103 119 0 132 102 134 0 149 100 110 0 120 232 136 75 0 
8.711 118 114 115 144 114 101 0 0 103 119 0 132 102 134 0 149 100 110 0 120 232 136 75 0 
8.721 118 114 115 144 114 101 0 0 103 119 0 132 102 134 0 149 100 110 0 120 232 136 75 0 
8.731 118 114 115 144 114 101 0 0 103 119 0 132 102 134 0 149 100 110 0 120 232 136 75 0 
8.741 118 114 115 144 114 101 0 0 103 119 0 132 102 134 0 149 100 110 0 120 232 136 75 0 
8.751 118 114 115 144 114 101 0 0 103 119 0 132 102 134 0 149 100 110 0 120 232 136 75 0 
8.761 118 114 115 144 114 101 0 0 103 119 0 132 102 134 0 149 100 110 0 120 232 136 75 0 
8.771 118 114 115 144 114 101 0 0 103 119 0 132 102 134 0 149 100 110 0 120 232 136 75 0 
8.781 118 114 115 144 114 101 0 0 103 119 0 132 102 134 0 149 100 110 0 120 232 136 75 0 
8.791 118 114 115 144 114 101 0 0 103 119 0 132 102 134 0 149 100 110 0 120 232 136 75 0 
8.801 118 114 115 144 114 101 0 0 103 119 0 132 102 134 0 149 100 110 0 120 232 136 75 0 
8.811 118 114 115 144 114 101 0 0 103 119 0 132 102 134 0 149 100 110 0 120 232 136 75 0 
8.821 118 114 115 144 114 101 0 0 103 119 0 132 102 134 0 149 100 110 0 120 232 136 75 0 
8.831 118 114 115 144 114 101 0 0 103 119 0 132 102 134 0 149 100 110 0 120 232 136 75 0 
8.841 118 114 115 144 114 101 0 0 103 119 0 132 102 134 0 149 100 110 0 120 232 136 75 0 
8.851 118 114 115 144 114 101 0 0 103 119 0 132 102 134 0 149 100 110 0 120 232 136 75 0 
8.861 118 114 115 144 114 101 0 0 103 119 0 132 102 134 0 149 100 110 0 120 232 136 75 0 
8.871 118 114 115 144 114 101 0 0 103 119 0 132 102 134 0 149 100 110 0 120 232 136 75 0 
8.881 118 114 115 144 114 101 0 0 103 119 0 132 102 134 0 149 100 110 0 120 232 136 75 0 
8.891 118 114 115 144 114 101 0 0 103 119 0 132 102 134 0 149 100 110 0 120 232 136 75 0 
8.901 118 114 115 144 114 101 0 0 103 119 0 132 102 134 0 149 100 110 0 120 232 136 75 0 
8.911 118 114 115 144 114 101 0 0 103 119 0 132 102 134 0 149 100 110 0 120 232 136 75 0 
8.921 118 114 115 144 114 101 0 0 103 119 0 132 102 134 0 149 100 110 0 120 232 136 75 0 
8.931 118 114 115 144 114 101 0 0 103 119 0 132 102 134 0 149 100 110 0 120 232 136 75 0 
8.941 118 114 115 144 114 101 0 0 103 119 0 132 102 134 0 149 100 110 0 120 232 136 75 0 
8.951 118 114 115 144 114 101 0 0 103 119 0 132 102 134 0 149 100 110 0 120 232 136 75 0 
8.961 118 114 115 144 114 101 0 0 103 119 0 132 102 134 0 149 100 110 0 120 232 136 75 0 
8.971 118 114 115 144 114 101 0 0 103 119 0 132 102 134 0 149 100 110 0 120 232 136 75 0 
8.981 118 114 115 144 114 101 0 0 103 119 0 132 102 134 0 149 100 110 0 120 232 136 75 0 
8.991 118 114 115 144 114 101 0 0 103 119 0 132 102 134 0 149 100 110 0 120 232 136 75 0 
9.001 118 114 115 144 114 101 0 0 103 119 0 132 102 134 0 149 100 110 0 120 232 136 75 0 
9.011 118 114 115 144 114 101 0 0 103 119 0 132 102 134 0 149 100 110 0 120 232 136 75 0 
9.021 118 114 115 144 114 101 0 0 103 119 0 132 102 134 0 149 100 110 0 120 232 136 75 0 
9.031 118 114 115 144 114 101 0 0 103 119 0 132 102 134 0 149 100 110 0 120 232 136 75 0 
9.041 118 114 115 144 114 101 0 0 103 119 0 132 102 134 0 149 100 110 0 120 232 136 75 0 
9.051 118 114 115 144 114 101 0 0 103 119 0 132 102 134 0 149 100 110 0 120 232 136 75 0 
9.061 118 114 115 144 114 101 0 0 103 119 0 132 102 134 0 149 100 110 0 120 232 136 75 0 
9.071 118 114 115 144 114 101 0 0 103 119 0 132 102 134 0 149 100 110 0 120 232 136 75 0 
9.081 118 114 115 144 114 101 0 0 103 119 0 132 102 134 0 149 100 110 0 120 232 136 75 0 
9.091 118 114 115 144 114 101 0 0 103 119 0 132 102 134 0 149 100 110 0 120 232 136 75 0 
9.101 118 114 115 144 114 101 0 0 103 119 0 132 102 134 0 149 100 110 0 120 232 136 75 0 
9.111 118 114 115 144 114 101 0 0 103 119 0 132 102 134 0 149 100 110 0 120 232 136 75 0 
9.121 118 114 115 144 114 101 0 0 103 119 0 132 102 134 0 149 100 110 0 120 232 136 75 0 
9.131 118 114 115 144 114 101 0 0 103 119 0 132 102 134 0 149 100 110 0 120 232 136 75 0 
9.141 118 114 115 144 114 101 0 0 103 119 0 132 102 134 0 149 100 110 0 120 232 136 75 0 
9.151 118 114 115 144 114 101 0 0 103 119 0 132 102 134 0 149 100 110 0 120 232 136 75 0 
9.161 118 114 115 144 114 101 0 0 103 119 0 132 102 134 0 149 100 110 0 120 232 136 75 0 
9.171 118 114 115 144 114 101 0 0 103 119 0 132 102 134 0 149 100 110 0 120 232 136 75 0 
9.181 118 114 115 144 114 101 0 0 103 119 0 132 102 134 0 149 100 110 0 120 232 136 75 0 
9.191 118 114 115 144 114 101 0 0 103 119 0 132 102 134 0 149 100 110 0 120 232 136 75 0 
9.201 118 114 115 144 114 101 0 0 103 119 0 132 102 134 0 149 100 110 0 120 232 136 75 0 
9.211 118 114 115 144 114 101 0 0 103 119 0 132 102 134 0 149 100 110 0 120 232 136 75 0 
9.221 118 114 115 144 114 101 0 0 103 119 0 132 102 134 0 149 100 110 0 120 232 136 75 0 
9.231 118 114 115 144 114 101 0 0 103 119 0 132 102 134 0 149 100 110 0 120 232 136 75 0 
9.241 118 114 115 144 114 101 0 0 103 119 0 132 102 134 0 149 100 110 0 120 232 136 75 0 
9.251 118 114 115 144 114 101 0 0 103 119 0 132 102 134 0 149 100 110 0 120 232 136 75 0 
9.261 118 114 115 144 114 101 0 0 103 119 0 132 102 134 0 149 100 110 0 120 232 136 75 0 
9.271 118 114 115 144 114 101 0 0 103 119 0 132 102 134 0 149 100 110 0 120 232 136 75 0 
9.281 118 114 115 144 114 101 0 0 103 119 0 132 102 134 0 149 100 110 0 120 232 136 75 0 
9.291 118 114 115 144 114 101 0 0 103 119 0 132 102 134 0 149 100 110 0 120 232 136 75 0 
9.301 118 114 115 144 114 101 0 0 103 119 0 132 102 134 0 149 100 110 0 120 232 136 75 0 
9.311 118 114 115 144 114 101 0 0 103 119 0 132 102 134 0 149 100 110 0 120 232 136 75 0 
9.321 118 114 115 144 114 101 0 0 103 119 0 132 102 134 0 149 100 110 0 120 232 136 75 0 
9.331 118 114 115 144 114 101 0 0 103 119 0 132 102 134 0 149 100 110 0 120 232 136 75 0 
9.341 118 114 115 144 114 101 0 0 103 119 0 132 102 134 0 149 100 110 0 120 232 136 75 0 
9.351 118 114 115 144 114 101 0 0 103 119 0 132 102 134 0 149 100 110 0 120 232 136 75 0 
9.361 118 114 115 144 114 101 0 0 103 119 0 132 102 134 0 149 100 110 0 120 232 136 75 0 
9.371 118 114 115 144 114 101 0 0 103 119 0 132 102 134 0 149 100 110 0 120 232 136 75 0 
9.381 118 114 115 144 114 101 0 0 103 119 0 132 102 134 0 149 100 110 0 120 232 136 75 0 
9.391 118 114 115 144 114 101 0 0 103 119 0 132 102 134 0 149 100 110 0 120 232 136 75 0 
9.401 118 114 115 144 114 101 0 0 103 119 0 132 102 134 0 149 100 110 0 120 232 136 75 0 
9.411 118 114 115 144 114 101 0 0 103 119 0 132 102 134 0 149 100 110 0 120 232 136 75 0 
9.421 118 114 115 144 114 101 0 0 103 119 0 132 102 134 0 149 100 110 0 120 232 136 75 0 
9.431 118 114 115 144 114 101 0 0 103 119 0 132 102 134 0 149 100 110 0 120 232 136 75 0 
9.441 118 114 115 144 114 101 0 0 103 119 0 132 102 134 0 149 100 110 0 120 232 136 75 0 
9.451 118 114 115 144 114 101 0 0 103 119 0 132 102 134 0 149 100 110 0 120 232 136 75 0 
9.461 118 114 115 144 114 101 0 0 103 119 0 132 102 134 0 149 100 110 0 120 232 136 75 0 
9.471 118 114 115 144 114 101 0 0 103 119 0 132 102 134 0 149 100 110 0 120 232 136 75 0 
9.481 118 114 115 144 114 101 0 0 103 119 0 132 102 134 0 149 100 110 0 120 232 136 75 0 
9.491 118 114 115 144 114 101 0 0 103 119 0 132 102 134 0 149 100 110 0 120 232 136 75 0 
9.501 118 114 115 144 114 101 0 0 103 119 0 132 102 134 0 149 100 110 0 120 232 136 75 0 
9.511 118 114 115 144 114 101 0 0 103 119 0 132 102 134 0 149 100 110 0 120 232 136 75 0 
9.521 118 114 115 144 114 101 0 0 103 119 0 132 102 134 0 149 100 110 0 120 232 136 75 0 
9.531 118 114 115 144 114 101 0 0 103 119 0 132 102 134 0 149 100 110 0 120 232 136 75 0 
9.541 118 114 115 144 114 101 0 0 103 119 0 132 102 134 0 149 100 110 0 120 232 136 75 0 
9.551 118 114 115 144 114 101 0 0 103 119 0 132 102 134 0 149 100 110 0 120 232 136 75 0 
9.561 118 114 115 144 114 101 0 0 103 119 0 132 102 134 0 149 100 110 0 120 232 136 75 0 
9.571 118 114 115 144 114 101 0 0 103 119 0 132 102 134 0 149 100 110 0 120 232 136 75 0 
9.581 118 114 115 144 114 101 0 0 103 119 0 132 102 134 0 149 100 110 0 120 232 136 75 0 
9.591 118 114 115 144 114 101 0 0 103 119 0 132 102 134 0 149 100 110 0 120 232 136 75 0 
9.601 118 114 115 144 114 101 0 0 103 119 0 132 102 134 0 149 100 110 0 120 232 136 75 0 
9.611 118 114 115 144 114 101 0 0 103 119 0 132 102 134 0 149 100 110 0 120 232 136 75 0 
9.621 118 114 115 144 114 101 0 0 103 119 0 132 102 134 0 149 100 110 0 120 232 136 75 0 
9.631 118 114 115 144 114 101 0 0 103 119 0 132 102 134 0 149 100 110 0 120 232 136 75 0 
9.641 118 114 115 144 114 101 0 0 103 119 0 132 102 134 0 149 100 110 0 120 232 136 75 0 
9.651 118 114 115 144 114 101 0 0 103 119 0 132 102 134 0 149 100 110 0 120 232 136 75 0 
9.661 118 114 115 144 114 101 0 0 103 119 0 132 102 134 0 149 100 110 0 120 232 136 75 0 
9.671 118 114 115 144 114 101 0 0 103 119 0 132 102 134 0 149 100 110 0 120 232 136 75 0 
9.681 118 114 115 144 114 101 0 0 103 119 0 132 102 134 0 149 100 110 0 120 232 136 75 0 
9.691 118 114 115 144 114 101 0 0 103 119 0 132 102 134 0 149 100 110 0 120 232 136 75 0 
9.701 118 114 115 144 114 101 0 0 103 119 0 132 102 134 0 149 100 110 0 120 232 136 75 0 
9.711 118 114 115 144 114 101 0 0 103 119 0 132 102 134 0 149 100 110 0 120 232 136 75 0 
9.721 118 114 115 144 114 101 0 0 103 119 0 132 102 134 0 149 100 110 0 120 232 136 75 0 
9.731 118 114 115 144 114 101 0 0 103 119 0 132 102 134 0 149 100 110 0 120 232 136 75 0 
9.741 118 114 115 144 114 101 0 0 103 119 0 132 102 134 0 149 100 110 0 120 232 136 75 0 
9.751 118 114 115 144 114 101 0 0 103 119 0 132 102 134 0 149 100 110 0 120 232 136 75 0 
9.761 118 114 115 144 114 101 0 0 103 119 0 132 102 134 0 149 100 110 0 120 232 136 75 0 
9.771 118 114 115 144 114 101 0 0 103 119 0 132 102 134 0 149 100 110 0 120 232 136 75 0 
9.781 118 114 115 144 114 101 0 0 103 119 0 132 102 134 0 149 100 110 0 120 232 136 75 0 
9.791 118 114 115 144 114 101 0 0 103 119 0 132 102 134 0 149 100 110 0 120 232 136 75 0 
9.801 118 114 115 144 114 101 0 0 103 119 0 132 102 134 0 149 100 110 0 120 232 136 75 0 
9.811 118 114 115 144 114 101 0 0 103 119 0 132 102 134 0 149 100 110 0 120 232 136 75 0 
9.821 118 114 115 144 114 101 0 0 103 119 0 132 102 134 0 149 100 110 0 120 232 136 75 0 
9.831 118 114 115 144 114 101 0 0 103 119 0 132 102 134 0 149 100 110 0 120 232 136 75 0 
9.841 118 114 115 144 114 101 0 0 103 119 0 132 102 134 0 149 100 110 0 120 232 136 75 0 
9.851 118 114 115 144 114 101 0 0 103 119 0 132 102 134 0 149 100 110 0 120 232 136 75 0 
9.861 118 114 115 144 114 101 0 0 103 119 0 132 102 134 0 149 100 110 0 120 232 136 75 0 
9.871 118 114 115 144 114 101 0 0 103 119 0 132 102 134 0 149 100 110 0 120 232 136 75 0 
9.881 118 114 115 144 114 101 0 0 103 119 0 132 102 134 0 149 100 110 0 120 232 136 75 0 
9.891 118 114 115 144 114 101 0 0 103 119 0 132 102 134 0 149 100 110 0 120 232 136 75 0 
9.901 118 114 115 144 114 101 0 0 103 119 0 132 102 134 0 149 100 110 0 120 232 136 75 0 
9.911 118 114 115 144 114 101 0 0 103 119 0 132 102 134 0 149 100 110 0 120 232 136 75 0 
9.921 118 114 115 144 114 101 0 0 103 119 0 132 102 134 0 149 100 110 0 120 232 136 75 0 
9.931 118 114 115 144 114 101 0 0 103 119 0 132 102 134 0 149 100 110 0 120 232 136 75 0 
9.941 118 114 115 144 114 101 0 0 103 119 0 132 102 134 0 149 100 110 0 120 232 136 75 0 
9.951 118 114 115 144 114 101 0 0 103 119 0 132 102 134 0 149 100 110 0 120 232 136 75 0 
9.961 118 114 115 144 114 101 0 0 103 119 0 132 102 134 0 149 100 110 0 120 232 136 75 0 
9.971 118 114 115 144 114 101 0 0 103 119 0 132 102 134 0 149 100 110 0 120 232 136 75 0 
9.981 118 114 115 144 114 101 0 0 103 119 0 132 102 134 0 149 100 110 0 120 232 136 75 0 
9.991 118 114 115 144 114 101 0 0 103 119 0 132 102 134 0 149 100 110 0 120 232 136 75 0 
10.001 118 114 115 144 114 101 0 0 103 119 0 132 102 134 0 149 100 110 0 120 232 136 75 0 
10.011 118 114 115 144 114 101 0 0 103 119 0 132 102 134 0 149 100 110 0 120 232 136 75 0 
10.021 118 114 115 144 114 101 0 0 103 119 0 132 102 134 0 149 100 110 0 120 232 136 75 0 
10.031 118 114 115 144 114 101 0 0 103 119 0 132 102 134 0 149 100 110 0 120 232 136 75 0 
10.041 118 114 115 144 114 101 0 0 103 119 0 132 102 134 0 149 100 110 0 120 232 136 75 0 
10.051 118 114 115 144 114 101 0 0 103 119 0 132 102 134 0 149 100 110 0 120 232 136 75 0 
10.061 118 114 115 144 114 101 0 0 103 119 0 132 102 134 0 149 100 110 0 120 232 136 75 0 
10.072 118 114 115 144 114 101 0 0 103 119 0 132 102 134 0 149 100 110 0 120 232 136 75 0 
10.081 118 114 115 144 114 101 0 0 103 119 0 132 102 134 0 149 100 110 0 120 232 136 75 0 
10.091 118 114 115 144 114 101 0 0 103 119 0 132 102 134 0 149 100 110 0 120 232 136 75 0 
10.101 118 114 115 144 114 101 0 0 103 119 0 132 102 134 0 149 100 110 0 120 232 136 75 0 
10.111 118 114 115 144 114 101 0 0 103 119 0 132 102 134 0 149 100 110 0 120 232 136 75 0 
10.121 118 114 115 144 114 101 0 0 103 119 0 132 102 134 0 153 100 110 0 120 232 136 75 0 
10.131 118 114 115 144 114 101 0 0 103 119 0 132 106 129 0 153 100 110 0 120 232 136 75 0 
10.141 118 114 115 144 114 101 0 0 107 115 0 132 106 127 0 153 100 110 0 120 232 136 75 0 
10.151 118 114 115 144 114 101 0 0 107 115 0 132 106 127 0 153 100 110 0 120 232 136 75 0 
10.161 118 114 115 144 114 101 0 0 107 115 0 132 106 127 0 153 100 106 0 120 232 136 75 0 
10.171 118 114 115 144 114 101 0 0 107 115 0 132 106 127 0 153 100 106 0 120 232 136 75 0 
10.181 118 114 115 144 114 101 0 0 107 115 0 132 106 127 0 153 100 106 0 120 232 136 75 0 
10.191 118 114 115 144 114 101 0 0 107 115 0 132 106 127 0 153 100 106 0 120 232 136 75 0 
10.201 118 114 115 144 114 101 0 0 107 115 0 132 106 127 0 153 100 106 0 120 232 136 75 0 
10.211 118 114 115 144 114 101 0 0 107 115 0 132 106 127 0 153 104 106 0 120 232 136 75 0 
10.221 118 114 115 144 114 101 0 0 107 115 0 132 106 127 0 153 104 106 0 120 232 136 75 0 
10.231 118 114 115 144 114 101 0 0 107 115 0 132 106 127 0 153 104 106 0 120 232 136 75 0 
10.241 118 114 115 144 114 101 0 0 107 115 0 132 106 127 0 153 104 106 0 120 232 136 75 0 
10.251 118 114 115 144 114 101 0 0 107 115 0 132 106 127 0 153 104 106 0 120 232 136 75 0 
10.261 118 114 115 144 114 101 0 0 107 115 0 132 106 127 0 153 104 106 0 120 232 136 75 0 
10.271 118 114 115 144 114 101 0 0 107 115 0 132 106 127 0 153 104 106 0 120 232 136 75 0 
10.281 118 114 115 144 114 101 0 0 107 115 0 132 106 127 0 153 104 106 0 120 232 136 75 0 
10.291 118 114 115 144 114 101 0 0 107 115 0 132 106 127 0 153 104 106 0 120 232 136 75 0 
10.301 118 114 115 144 114 101 0 0 107 115 0 132 106 127 0 153 104 106 0 120 232 136 75 0 
10.311 118 114 115 144 114 101 0 0 107 115 0 132 106 127 0 153 104 106 0 120 232 136 75 0 
10.321 118 114 115 144 114 101 0 0 107 115 0 132 106 127 0 153 104 106 0 120 232 136 75 0 
10.331 118 114 115 144 114 101 0 0 107 115 0 132 106 127 0 153 104 106 0 120 232 136 75 0 
10.341 118 114 115 144 114 101 0 0 107 115 0 132 106 127 0 153 104 106 0 120 232 136 75 0 
10.351 118 114 115 144 114 101 0 0 107 115 0 132 106 127 0 153 104 106 0 120 232 136 75 0 
10.361 118 114 115 144 114 101 0 0 107 115 0 132 106 127 0 153 104 106 0 120 232 136 75 0 
10.371 118 114 115 144 114 101 0 0 107 115 0 132 106 127 0 153 104 106 0 120 232 136 75 0 
10.381 118 114 115 144 114 101 0 0 107 115 0 132 106 127 0 153 104 106 0 120 232 136 75 0 
10.391 118 114 115 144 114 101 0 0 107 115 0 132 106 127 0 153 104 106 0 120 232 136 75 0 
10.401 118 114 115 144 114 101 0 0 107 115 0 132 106 127 0 153 104 106 0 120 232 136 75 0 
10.411 118 114 115 144 114 101 0 0 107 115 0 132 106 127 0 153 104 106 0 120 232 136 75 0 
10.421 118 114 115 144 114 101 0 0 107 115 0 132 106 127 0 153 104 106 0 120 232 136 75 0 
10.431 118 114 115 144 114 101 0 0 107 115 0 132 106 127 0 153 104 106 0 120 232 136 75 0 
10.441 118 114 115 144 114 101 0 0 107 115 0 132 106 127 0 153 104 106 0 120 232 136 75 0 
10.451 118 114 115 144 114 101 0 0 107 115 0 132 106 127 0 153 104 106 0 120 232 136 75 0 
10.461 118 114 115 144 114 101 0 0 107 115 0 132 106 127 0 153 104 106 0 120 232 136 75 0 
10.471 118 114 115 144 114 101 0 0 107 115 0 132 106 127 0 153 104 106 0 120 232 136 75 0 
10.481 118 114 115 144 114 101 0 0 107 115 0 132 106 127 0 153 104 106 0 120 232 136 75 0 
10.491 118 114 115 144 114 101 0 0 107 115 0 132 106 127 0 153 104 106 0 120 232 136 75 0 
10.501 118 114 115 144 114 101 0 0 107 115 0 132 106 127 0 153 104 106 0 120 232 136 75 0 
10.511 118 114 115 144 114 101 0 0 107 115 0 132 106 127 0 153 104 106 0 120 232 136 75 0 
10.521 118 114 115 144 114 101 0 0 107 115 0 132 106 127 0 153 104 106 0 120 232 136 75 0 
10.531 118 114 115 144 114 101 0 0 107 115 0 132 106 127 0 153 104 106 0 120 232 136 75 0 
10.541 118 114 115 144 114 101 0 0 107 115 0 132 106 127 0 153 104 106 0 120 232 136 75 0 
10.551 118 114 115 144 114 101 0 0 107 115 0 132 106 127 0 153 104 106 0 120 232 136 75 0 
10.561 118 114 115 144 114 101 0 0 107 115 0 132 106 127 0 153 104 106 0 120 232 136 75 0 
10.571 118 114 115 144 114 101 0 0 107 115 0 132 106 127 0 153 104 106 0 120 232 136 75 0 
10.581 118 114 115 144 114 101 0 0 107 115 0 132 106 127 0 153 104 106 0 120 232 136 75 0 
10.591 118 114 115 144 114 101 0 0 107 115 0 132 106 127 0 153 104 106 0 120 232 136 75 0 
10.601 118 114 115 144 114 101 0 0 107 115 0 132 106 127 0 153 104 106 0 120 232 136 75 0 
10.611 118 114 115 144 114 101 0 0 107 115 0 132 106 127 0 153 104 106 0 120 232 136 75 0 
10.621 118 114 115 144 114 101 0 0 107 115 0 132 106 127 0 153 104 106 0 120 232 136 75 0 
10.631 118 114 115 144 114 101 0 0 107 115 0 132 106 127 0 153 104 106 0 120 232 136 75 0 
10.641 118 114 115 144 114 101 0 0 107 115 0 132 106 127 0 153 104 106 0 120 232 136 75 0 
10.651 118 114 115 144 114 101 0 0 107 115 0 132 106 127 0 153 104 106 0 120 232 136 75 0 
10.661 118 114 115 144 114 101 0 0 107 115 0 132 106 127 0 153 104 106 0 120 232 136 75 0 
10.671 118 114 115 144 114 101 0 0 107 115 0 132 106 127 0 153 104 106 0 120 232 136 75 0 
10.681 118 114 115 144 114 101 0 0 107 115 0 132 106 127 0 153 104 106 0 120 232 136 75 0 
10.691 118 114 115 144 114 101 0 0 107 115 0 132 106 127 0 153 104 106 0 120 232 136 75 0 
10.701 118 114 115 144 114 101 0 0 107 115 0 132 106 127 0 153 104 106 0 120 232 136 75 0 
10.711 118 114 115 144 114 101 0 0 107 115 0 132 106 127 0 153 104 106 0 120 232 136 75 0 
