Hora de inicio de la toma de datos: 12:18:08
AT(s) ROLL1(udig) MCF1 IFD1 A1 MCF2 IFP2 IFD2(*) A2(**) MCF3 IFP3 IFD3(*) A3 MCF4 IFP4 IFD4(*) A4 MCF5 IFP5 IFD5(*) A5 ROLL5 C C_Ano usado
0.01 126 117 117 137 114 98 0 0 106 97 0 137 108 102 0 146 109 86 0 123 238 139 80 0 
0.02 126 117 117 137 114 98 0 0 106 97 0 137 108 102 0 146 109 86 0 123 238 139 80 0 
0.03 126 117 117 137 114 98 0 0 106 97 0 137 108 102 0 146 109 86 0 123 238 139 80 0 
0.04 126 117 117 137 114 98 0 0 106 97 0 137 108 102 0 146 109 86 0 123 238 139 80 0 
0.05 126 117 117 137 114 98 0 0 106 97 0 137 108 102 0 146 109 86 0 123 238 139 80 0 
0.06 126 117 117 137 114 98 0 0 106 97 0 137 108 102 0 146 109 86 0 123 238 139 80 0 
0.07 126 117 117 137 114 98 0 0 106 97 0 137 108 102 0 146 109 86 0 123 238 139 80 0 
0.08 126 117 117 137 114 98 0 0 106 97 0 137 108 102 0 146 109 86 0 123 238 139 80 0 
0.09 126 117 117 137 114 98 0 0 106 97 0 137 108 102 0 146 109 86 0 123 238 139 80 0 
0.1 126 117 117 137 114 98 0 0 106 97 0 137 108 102 0 146 109 86 0 123 238 139 80 0 
0.11 126 117 117 137 114 98 0 0 106 97 0 137 108 102 0 146 109 86 0 123 238 139 80 0 
0.12 126 117 117 137 114 98 0 0 106 97 0 137 108 102 0 146 109 86 0 123 238 139 80 0 
0.13 126 117 117 137 114 98 0 0 106 97 0 137 108 102 0 146 109 86 0 123 238 139 80 0 
0.14 126 117 117 137 114 98 0 0 106 97 0 137 108 102 0 146 109 86 0 123 238 139 80 0 
0.15 126 117 117 137 114 98 0 0 106 97 0 137 108 102 0 146 109 86 0 123 238 139 80 0 
0.16 126 117 117 137 114 98 0 0 106 97 0 137 108 102 0 146 109 86 0 123 238 139 80 0 
0.171 126 117 117 137 114 98 0 0 106 97 0 137 108 102 0 146 109 86 0 123 238 139 80 0 
0.181 126 117 117 137 114 98 0 0 106 97 0 137 108 102 0 146 109 86 0 123 238 139 80 0 
0.191 126 117 117 137 114 98 0 0 106 97 0 137 108 102 0 146 109 86 0 123 238 139 80 0 
0.201 126 117 117 137 114 98 0 0 106 97 0 137 108 102 0 146 109 86 0 123 238 139 80 0 
0.211 126 117 117 137 114 98 0 0 106 97 0 137 108 102 0 146 109 86 0 123 238 139 80 0 
0.221 126 117 117 137 114 98 0 0 106 97 0 137 108 102 0 146 109 86 0 123 238 139 80 0 
0.231 126 117 117 137 114 98 0 0 106 97 0 137 108 102 0 146 109 86 0 123 238 139 80 0 
0.241 126 117 117 137 114 98 0 0 106 97 0 137 108 102 0 146 109 86 0 123 238 139 80 0 
0.251 126 117 117 137 114 98 0 0 106 97 0 137 108 102 0 146 109 86 0 123 238 139 80 0 
0.261 126 117 117 137 114 98 0 0 106 97 0 137 108 102 0 146 109 86 0 123 238 139 80 0 
0.271 126 117 117 137 114 98 0 0 106 97 0 137 108 102 0 146 109 86 0 123 238 139 80 0 
0.281 126 117 117 137 114 98 0 0 106 97 0 137 108 102 0 146 109 86 0 123 238 139 80 0 
0.29 126 117 117 137 114 98 0 0 106 97 0 137 108 102 0 146 109 86 0 123 238 139 80 0 
0.3 126 117 117 137 114 98 0 0 106 97 0 137 108 102 0 146 109 86 0 123 238 139 80 0 
0.31 126 117 117 137 114 98 0 0 106 97 0 137 108 102 0 146 109 86 0 123 238 139 80 0 
0.32 126 117 117 137 114 98 0 0 106 97 0 137 108 102 0 146 109 86 0 123 238 139 80 0 
0.33 126 117 117 137 114 98 0 0 106 97 0 137 108 102 0 146 109 86 0 123 238 139 80 0 
0.34 126 117 117 137 114 98 0 0 106 97 0 137 108 102 0 146 109 86 0 123 238 139 80 0 
0.35 126 117 117 137 114 98 0 0 106 97 0 137 108 102 0 146 109 86 0 123 238 139 80 0 
0.36 126 117 117 137 114 98 0 0 106 97 0 137 108 102 0 146 109 86 0 123 238 139 80 0 
0.37 126 117 117 137 114 98 0 0 106 97 0 137 108 102 0 146 109 86 0 123 238 139 80 0 
0.38 126 117 117 137 114 98 0 0 106 97 0 137 108 102 0 146 109 86 0 123 238 139 80 0 
0.39 126 117 117 137 114 98 0 0 106 97 0 137 108 102 0 146 109 86 0 123 238 139 80 0 
0.4 126 117 117 137 114 98 0 0 106 97 0 137 108 102 0 146 109 86 0 123 238 139 80 0 
0.41 126 117 117 137 114 98 0 0 106 97 0 137 108 102 0 146 109 86 0 123 238 139 80 0 
0.42 126 117 117 137 114 98 0 0 106 97 0 137 108 102 0 146 109 86 0 123 238 139 80 0 
0.43 126 117 117 137 114 98 0 0 106 97 0 137 108 102 0 146 109 86 0 123 238 139 80 0 
0.44 126 117 117 137 114 98 0 0 106 97 0 137 108 102 0 146 109 86 0 123 238 139 80 0 
0.45 126 117 117 137 114 98 0 0 106 97 0 137 108 102 0 146 109 86 0 123 238 139 80 0 
0.46 126 117 117 137 114 98 0 0 106 97 0 137 108 102 0 146 109 86 0 123 238 139 80 0 
0.47 126 117 117 137 114 98 0 0 106 97 0 137 108 102 0 146 109 86 0 123 238 139 80 0 
0.48 126 117 117 137 114 98 0 0 106 97 0 137 108 102 0 146 109 86 0 123 238 139 80 0 
0.49 126 117 117 137 114 98 0 0 106 97 0 137 108 102 0 146 109 86 0 123 238 139 80 0 
0.5 126 117 117 137 114 98 0 0 106 97 0 137 108 102 0 146 109 86 0 123 238 139 80 0 
0.51 126 117 117 137 114 98 0 0 106 97 0 137 108 102 0 146 109 86 0 123 238 139 80 0 
0.52 126 117 117 137 114 98 0 0 106 97 0 137 108 102 0 146 109 86 0 123 238 139 80 0 
0.53 126 117 117 137 114 98 0 0 106 97 0 137 108 102 0 146 109 86 0 123 238 139 80 0 
0.54 126 117 117 137 114 98 0 0 106 97 0 137 108 102 0 146 109 86 0 123 238 139 80 0 
0.55 126 117 117 137 114 98 0 0 106 97 0 137 108 102 0 146 109 86 0 123 238 139 80 0 
0.56 126 117 117 137 114 98 0 0 106 97 0 137 108 102 0 146 109 86 0 123 238 139 80 0 
0.57 126 117 117 137 114 98 0 0 106 97 0 137 108 102 0 146 109 86 0 123 238 139 80 0 
0.58 126 117 117 137 114 98 0 0 106 97 0 137 108 102 0 146 109 86 0 123 238 139 80 0 
0.59 126 117 117 137 114 98 0 0 106 97 0 137 108 102 0 146 109 86 0 123 238 139 80 0 
0.6 126 117 117 137 114 98 0 0 106 97 0 137 108 102 0 146 109 86 0 123 238 139 80 0 
0.61 126 117 117 137 114 98 0 0 106 97 0 137 108 102 0 146 109 86 0 123 238 139 80 0 
0.62 126 117 117 137 114 98 0 0 106 97 0 137 108 102 0 146 109 86 0 123 238 139 80 0 
0.63 126 117 117 137 114 98 0 0 106 97 0 137 108 102 0 146 109 86 0 123 238 139 80 0 
0.64 126 117 117 137 114 98 0 0 106 97 0 137 108 102 0 146 109 86 0 123 238 139 80 0 
0.65 126 117 117 137 114 98 0 0 106 97 0 137 108 102 0 146 109 86 0 123 238 139 80 0 
0.66 126 117 117 137 114 98 0 0 106 97 0 137 108 102 0 146 109 86 0 123 238 139 80 0 
0.67 126 117 117 137 114 98 0 0 106 97 0 137 108 102 0 146 109 86 0 123 238 139 80 0 
0.68 126 117 117 137 114 98 0 0 106 97 0 137 108 102 0 146 109 86 0 123 238 139 80 0 
0.69 126 117 117 137 114 98 0 0 106 97 0 137 108 102 0 146 109 86 0 123 238 139 80 0 
0.7 126 117 117 137 114 98 0 0 106 97 0 137 108 102 0 146 109 86 0 123 238 139 80 0 
0.71 126 117 117 137 114 98 0 0 106 97 0 137 108 102 0 146 109 86 0 123 238 139 80 0 
0.72 126 117 117 137 114 98 0 0 106 97 0 137 108 102 0 146 109 86 0 123 238 139 80 0 
0.73 126 117 117 137 114 98 0 0 106 97 0 137 108 102 0 146 109 86 0 123 238 139 80 0 
0.74 126 117 117 137 114 98 0 0 106 97 0 137 108 102 0 146 109 86 0 123 238 139 80 0 
0.75 126 117 117 137 114 98 0 0 106 97 0 137 108 102 0 146 109 86 0 123 238 139 80 0 
0.76 126 117 117 137 114 98 0 0 106 97 0 137 108 102 0 146 109 86 0 123 238 139 80 0 
0.77 126 117 117 137 114 98 0 0 106 97 0 137 108 102 0 146 109 86 0 123 238 139 80 0 
0.78 126 117 117 137 114 98 0 0 106 97 0 137 108 102 0 146 109 86 0 123 238 139 80 0 
0.79 126 117 117 137 114 98 0 0 106 97 0 137 108 102 0 146 109 86 0 123 238 139 80 0 
0.8 126 117 117 137 114 98 0 0 106 97 0 137 108 102 0 146 109 86 0 123 238 139 80 0 
0.81 126 117 117 137 114 98 0 0 106 97 0 137 108 102 0 146 109 86 0 123 238 139 80 0 
0.82 126 117 117 137 114 98 0 0 106 97 0 137 108 102 0 146 109 86 0 123 238 139 80 0 
0.83 126 117 117 137 114 98 0 0 106 97 0 137 108 102 0 146 109 86 0 123 238 139 80 0 
0.84 126 117 117 137 114 98 0 0 106 97 0 137 108 102 0 146 109 86 0 123 238 139 80 0 
0.85 126 117 117 137 114 98 0 0 106 97 0 137 108 102 0 146 109 86 0 123 238 139 80 0 
0.86 126 117 117 137 114 98 0 0 106 97 0 137 108 102 0 146 109 86 0 123 238 139 80 0 
0.87 126 117 117 137 114 98 0 0 106 97 0 137 108 102 0 146 109 86 0 123 238 139 80 0 
0.88 126 117 117 137 114 98 0 0 106 97 0 137 108 102 0 146 109 86 0 123 238 139 80 0 
0.89 126 117 117 137 114 98 0 0 106 97 0 137 108 102 0 146 109 86 0 123 238 139 80 0 
0.9 126 117 117 137 114 98 0 0 106 97 0 137 108 102 0 146 109 86 0 123 238 139 80 0 
0.91 126 117 117 137 114 98 0 0 106 97 0 137 108 102 0 146 109 86 0 123 238 139 80 0 
0.92 126 117 117 137 114 98 0 0 106 97 0 137 108 102 0 146 109 86 0 123 238 139 80 0 
0.93 126 117 117 137 114 98 0 0 106 97 0 137 108 102 0 146 109 86 0 123 238 139 80 0 
0.94 126 117 117 137 114 98 0 0 106 97 0 137 108 102 0 146 109 86 0 123 238 139 80 0 
0.95 126 117 117 137 114 98 0 0 106 97 0 137 108 102 0 146 109 86 0 123 238 139 80 0 
0.96 126 117 117 137 114 98 0 0 106 97 0 137 108 102 0 146 109 86 0 123 238 139 80 0 
0.97 126 117 117 137 114 98 0 0 106 97 0 137 108 102 0 146 109 86 0 123 238 139 80 0 
0.98 126 117 117 137 114 98 0 0 106 97 0 137 108 102 0 146 109 86 0 123 238 139 80 0 
0.99 126 117 117 137 114 98 0 0 106 97 0 137 108 102 0 146 109 86 0 123 238 139 80 0 
1 126 117 117 137 114 98 0 0 106 97 0 137 108 102 0 146 109 86 0 123 238 139 80 0 
1.01 126 117 117 137 114 98 0 0 106 97 0 137 108 102 0 146 109 86 0 123 238 139 80 0 
1.02 126 117 117 137 114 98 0 0 106 97 0 137 108 102 0 146 109 86 0 123 238 139 80 0 
1.03 126 117 117 137 114 98 0 0 106 97 0 137 108 102 0 146 109 86 0 123 238 139 80 0 
1.04 126 117 117 137 114 98 0 0 106 97 0 137 108 102 0 146 109 86 0 123 238 139 80 0 
1.05 126 117 117 137 114 98 0 0 106 97 0 137 108 102 0 146 109 86 0 123 238 139 80 0 
1.06 126 117 117 137 114 98 0 0 106 97 0 137 108 102 0 146 109 86 0 123 238 139 80 0 
1.07 126 117 117 137 114 98 0 0 106 97 0 137 108 102 0 146 109 86 0 123 238 139 80 0 
1.08 126 117 117 137 114 98 0 0 106 97 0 137 108 102 0 146 109 86 0 123 238 139 80 0 
1.09 126 117 117 137 114 98 0 0 106 97 0 137 108 102 0 146 109 86 0 123 238 139 80 0 
1.1 126 117 117 137 114 98 0 0 106 97 0 137 108 102 0 146 109 86 0 123 238 139 80 0 
1.11 126 117 117 137 114 98 0 0 106 97 0 137 108 102 0 146 109 86 0 123 238 139 80 0 
1.12 126 117 117 137 114 98 0 0 106 97 0 137 108 102 0 146 109 86 0 123 238 139 80 0 
1.13 126 117 117 137 114 98 0 0 106 97 0 137 108 102 0 146 109 86 0 123 238 139 80 0 
1.14 126 117 117 137 114 98 0 0 106 97 0 137 108 102 0 146 109 86 0 123 238 139 80 0 
1.15 126 117 117 137 114 98 0 0 106 97 0 137 108 102 0 146 109 86 0 123 238 139 80 0 
1.16 126 117 117 137 114 98 0 0 106 97 0 137 108 102 0 146 109 86 0 123 238 139 80 0 
1.17 126 117 117 137 114 98 0 0 106 97 0 137 108 102 0 146 109 86 0 123 238 139 80 0 
1.18 126 117 117 137 114 98 0 0 106 97 0 137 108 102 0 146 109 86 0 123 238 139 80 0 
1.19 126 117 117 137 114 98 0 0 106 97 0 137 108 102 0 146 109 86 0 123 238 139 80 0 
1.2 126 117 117 137 114 98 0 0 106 97 0 137 108 102 0 146 109 86 0 123 238 139 80 0 
1.21 126 117 117 137 114 98 0 0 106 97 0 137 108 102 0 146 109 86 0 123 238 139 80 0 
1.22 126 117 117 137 114 98 0 0 106 97 0 137 108 102 0 146 109 86 0 123 238 139 80 0 
1.23 126 117 117 137 114 98 0 0 106 97 0 137 108 102 0 146 109 86 0 123 238 139 80 0 
1.24 126 117 117 137 114 98 0 0 106 97 0 137 108 102 0 146 109 86 0 123 238 139 80 0 
1.25 126 117 117 137 114 98 0 0 106 97 0 137 108 102 0 146 109 86 0 123 238 139 80 0 
1.26 126 117 117 137 114 98 0 0 106 97 0 137 108 102 0 146 109 86 0 123 238 139 80 0 
1.27 126 117 117 137 114 98 0 0 106 97 0 137 108 102 0 146 109 86 0 123 238 139 80 0 
1.28 126 117 117 137 114 98 0 0 106 97 0 137 108 102 0 146 109 86 0 123 238 139 80 0 
1.29 126 117 117 137 114 98 0 0 106 97 0 137 108 102 0 146 109 86 0 123 238 139 80 0 
1.3 126 117 117 137 114 98 0 0 106 97 0 137 108 102 0 146 109 86 0 123 238 139 80 0 
1.31 126 117 117 137 114 98 0 0 106 97 0 137 108 102 0 146 109 86 0 123 238 139 80 0 
1.32 126 117 117 137 114 98 0 0 106 97 0 137 108 102 0 146 109 86 0 123 238 139 80 0 
1.33 126 117 117 137 114 98 0 0 106 97 0 137 108 102 0 146 109 86 0 123 238 139 80 0 
1.34 126 117 117 137 114 98 0 0 106 97 0 137 108 102 0 146 109 86 0 123 238 139 80 0 
1.35 126 117 117 137 114 98 0 0 106 97 0 137 108 102 0 146 109 86 0 123 238 139 80 0 
1.36 126 117 117 137 114 98 0 0 106 97 0 137 108 102 0 146 109 86 0 123 238 139 80 0 
1.37 126 117 117 137 114 98 0 0 106 97 0 137 108 102 0 146 109 86 0 123 238 139 80 0 
1.38 126 117 117 137 114 98 0 0 106 97 0 137 108 102 0 146 109 86 0 123 238 139 80 0 
1.39 126 117 117 137 114 98 0 0 106 97 0 137 108 102 0 146 109 86 0 123 238 139 80 0 
1.4 126 117 117 137 114 98 0 0 106 97 0 137 108 102 0 146 109 86 0 123 238 139 80 0 
1.41 126 117 117 137 114 98 0 0 106 97 0 137 108 102 0 146 109 86 0 123 238 139 80 0 
1.42 126 117 117 137 114 98 0 0 106 97 0 137 108 102 0 146 109 86 0 123 238 139 80 0 
1.43 126 117 117 137 114 98 0 0 106 97 0 137 108 102 0 146 109 86 0 123 238 139 80 0 
1.44 126 117 117 137 114 98 0 0 106 97 0 137 108 102 0 146 109 86 0 123 238 139 80 0 
1.45 126 117 117 137 114 98 0 0 106 97 0 137 108 102 0 146 109 86 0 123 238 139 80 0 
1.46 126 117 117 137 114 98 0 0 106 97 0 137 108 102 0 146 109 86 0 123 238 139 80 0 
1.47 126 117 117 137 114 98 0 0 106 97 0 137 108 102 0 146 109 86 0 123 238 139 80 0 
1.48 126 117 117 137 114 98 0 0 106 97 0 137 108 102 0 146 109 86 0 123 238 139 80 0 
1.49 126 117 117 137 114 98 0 0 106 97 0 137 108 102 0 146 109 86 0 123 238 139 80 0 
1.5 126 117 117 137 114 98 0 0 106 97 0 137 108 102 0 146 109 86 0 123 238 139 80 0 
1.51 126 117 117 137 114 98 0 0 106 97 0 137 108 102 0 146 109 86 0 123 238 139 80 0 
1.52 126 117 117 137 114 98 0 0 106 97 0 137 108 102 0 146 109 86 0 123 238 139 80 0 
1.53 126 117 117 137 114 98 0 0 106 97 0 137 108 102 0 146 109 86 0 123 238 139 80 0 
1.54 126 117 117 137 114 98 0 0 106 97 0 137 108 102 0 146 109 86 0 123 238 139 80 0 
1.55 126 117 117 137 114 98 0 0 106 97 0 137 108 102 0 146 109 86 0 123 238 139 80 0 
1.56 126 117 117 137 114 98 0 0 106 97 0 137 108 102 0 146 109 86 0 123 238 139 80 0 
1.57 126 117 117 137 114 98 0 0 106 97 0 137 108 102 0 146 109 86 0 123 238 139 80 0 
1.58 126 117 117 137 114 98 0 0 106 97 0 137 108 102 0 146 109 86 0 123 238 139 80 0 
1.59 126 117 117 137 114 98 0 0 106 97 0 137 108 102 0 146 109 86 0 123 238 139 80 0 
1.6 126 117 117 137 114 98 0 0 106 97 0 137 108 102 0 146 109 86 0 123 238 139 80 0 
1.61 126 117 117 137 114 98 0 0 106 97 0 137 108 102 0 146 109 86 0 123 238 139 80 0 
1.62 126 117 117 137 114 98 0 0 106 97 0 137 108 102 0 146 109 86 0 123 238 139 80 0 
1.63 126 117 117 137 114 98 0 0 106 97 0 137 108 102 0 146 109 86 0 123 238 139 80 0 
1.64 126 117 117 137 114 98 0 0 106 97 0 137 108 102 0 146 109 86 0 123 238 139 80 0 
1.65 126 117 117 137 114 98 0 0 106 97 0 137 108 102 0 146 109 86 0 123 238 139 80 0 
1.66 126 117 117 137 114 98 0 0 106 97 0 137 108 102 0 146 109 86 0 123 238 139 80 0 
1.67 126 117 117 137 114 98 0 0 106 97 0 137 108 102 0 146 109 86 0 123 238 139 80 0 
1.68 126 117 117 137 114 98 0 0 106 97 0 137 108 102 0 146 109 86 0 123 238 139 80 0 
1.69 126 117 117 137 114 98 0 0 106 97 0 137 108 102 0 146 109 86 0 123 238 139 80 0 
1.7 126 117 117 137 114 98 0 0 106 97 0 137 108 102 0 146 109 86 0 123 238 139 80 0 
1.71 126 117 117 137 114 98 0 0 106 97 0 137 108 102 0 146 109 86 0 123 238 139 80 0 
1.72 126 117 117 137 114 98 0 0 106 97 0 137 108 102 0 146 109 86 0 123 238 139 80 0 
1.73 126 117 117 137 114 98 0 0 106 97 0 137 108 102 0 146 109 86 0 123 238 139 80 0 
1.74 126 117 117 137 114 98 0 0 106 97 0 137 108 102 0 146 109 86 0 123 238 139 80 0 
1.75 126 117 117 137 114 98 0 0 106 97 0 137 108 102 0 146 109 86 0 123 238 139 80 0 
1.76 126 117 117 137 114 98 0 0 106 97 0 137 108 102 0 146 109 86 0 123 238 139 80 0 
1.77 126 117 117 137 114 98 0 0 106 97 0 137 108 102 0 146 109 86 0 123 238 139 80 0 
1.78 126 117 117 137 114 98 0 0 106 97 0 137 108 102 0 146 109 86 0 123 238 139 80 0 
1.79 126 117 117 137 114 98 0 0 106 97 0 137 108 102 0 146 109 86 0 123 238 139 80 0 
1.8 126 117 117 137 114 98 0 0 106 97 0 137 108 102 0 146 109 86 0 123 238 139 80 0 
1.81 126 117 117 137 114 98 0 0 106 97 0 137 108 102 0 146 109 86 0 123 238 139 80 0 
1.82 126 117 117 137 114 98 0 0 106 97 0 137 108 102 0 146 109 86 0 123 238 139 80 0 
1.83 126 117 117 137 114 98 0 0 106 97 0 137 108 102 0 146 109 86 0 123 238 139 80 0 
1.84 126 117 117 137 114 98 0 0 106 97 0 137 108 102 0 146 109 86 0 123 238 139 80 0 
1.85 126 117 117 137 114 98 0 0 106 97 0 137 108 102 0 146 109 86 0 123 238 139 80 0 
1.86 126 117 117 137 114 98 0 0 106 97 0 137 108 102 0 146 109 86 0 123 238 139 80 0 
1.87 126 117 117 137 114 98 0 0 106 97 0 137 108 102 0 146 109 86 0 123 238 139 80 0 
1.88 126 117 117 137 114 98 0 0 106 97 0 137 108 102 0 146 109 86 0 123 238 139 80 0 
1.89 126 117 117 137 114 98 0 0 106 97 0 137 108 102 0 146 109 86 0 123 238 139 80 0 
1.9 126 117 117 137 114 98 0 0 106 97 0 137 108 102 0 146 109 86 0 123 238 139 80 0 
1.91 126 117 117 137 114 98 0 0 106 97 0 137 108 102 0 146 109 86 0 123 238 139 80 0 
1.92 126 117 117 137 114 98 0 0 106 97 0 137 108 102 0 146 109 86 0 123 238 139 80 0 
1.93 126 117 117 137 114 98 0 0 106 97 0 137 108 102 0 146 109 86 0 123 238 139 80 0 
1.94 126 117 117 137 114 98 0 0 106 97 0 137 108 102 0 146 109 86 0 123 238 139 80 0 
1.95 126 117 117 137 114 98 0 0 106 97 0 137 108 102 0 146 109 86 0 123 238 139 80 0 
1.96 126 117 117 137 114 98 0 0 106 97 0 137 108 102 0 146 109 86 0 123 238 139 80 0 
1.97 126 117 117 137 114 98 0 0 106 97 0 137 108 102 0 146 109 86 0 123 238 139 80 0 
1.98 126 117 117 137 114 98 0 0 106 97 0 137 108 102 0 146 109 86 0 123 238 139 80 0 
1.99 126 117 117 137 114 98 0 0 106 97 0 137 108 102 0 146 109 86 0 123 238 139 80 0 
2 126 117 117 137 114 98 0 0 106 97 0 137 108 102 0 146 109 86 0 123 238 139 80 0 
2.01 126 117 117 137 114 98 0 0 106 97 0 137 108 102 0 146 109 86 0 123 238 139 80 0 
2.02 126 117 117 137 114 98 0 0 106 97 0 137 108 102 0 146 109 86 0 123 238 139 80 0 
2.03 126 117 117 137 114 98 0 0 106 97 0 137 108 102 0 146 109 86 0 123 238 139 80 0 
2.04 126 117 117 137 114 98 0 0 106 97 0 137 108 102 0 146 109 86 0 123 238 139 80 0 
2.05 126 117 117 137 114 98 0 0 106 97 0 137 108 102 0 146 109 86 0 123 238 139 80 0 
2.06 126 117 117 137 114 98 0 0 106 97 0 137 108 102 0 146 109 86 0 123 238 139 80 0 
2.07 126 117 117 137 114 98 0 0 106 97 0 137 108 102 0 146 109 86 0 123 238 139 80 0 
2.08 126 117 117 137 114 98 0 0 106 97 0 137 108 102 0 146 109 86 0 123 238 139 80 0 
2.09 126 117 117 137 114 98 0 0 106 97 0 137 108 102 0 146 109 86 0 123 238 139 80 0 
2.1 126 117 117 137 114 98 0 0 106 97 0 137 108 102 0 146 109 86 0 123 238 139 80 0 
2.11 126 117 117 137 114 98 0 0 106 97 0 137 108 102 0 146 109 86 0 123 238 139 80 0 
2.12 126 117 117 137 114 98 0 0 106 97 0 137 108 102 0 146 109 86 0 123 238 139 80 0 
2.13 126 117 117 137 114 98 0 0 106 97 0 137 108 102 0 146 109 86 0 123 238 139 80 0 
2.14 126 117 117 137 114 98 0 0 106 97 0 137 108 102 0 146 109 86 0 123 238 139 80 0 
2.15 126 117 117 137 114 98 0 0 106 97 0 137 108 102 0 146 109 86 0 123 238 139 80 0 
2.16 126 117 117 137 114 98 0 0 106 97 0 137 108 102 0 146 109 86 0 123 238 139 80 0 
2.17 126 117 117 137 114 98 0 0 106 97 0 137 108 102 0 146 109 86 0 123 238 139 80 0 
2.18 126 117 117 137 114 98 0 0 106 97 0 137 108 102 0 146 109 86 0 123 238 139 80 0 
2.19 126 117 117 137 114 98 0 0 106 97 0 137 108 102 0 146 109 86 0 123 238 139 80 0 
2.2 126 117 117 137 114 98 0 0 106 97 0 137 108 102 0 146 109 86 0 123 238 139 80 0 
2.21 126 117 117 137 114 98 0 0 106 97 0 137 108 102 0 146 109 86 0 123 238 139 80 0 
2.22 126 117 117 137 114 98 0 0 106 97 0 137 108 102 0 146 109 86 0 123 238 139 80 0 
2.23 126 117 117 137 114 98 0 0 106 97 0 137 108 102 0 146 109 86 0 123 238 139 80 0 
2.24 126 117 117 137 114 98 0 0 106 97 0 137 108 102 0 146 109 86 0 123 238 139 80 0 
2.25 126 117 117 137 114 98 0 0 106 97 0 137 108 102 0 146 109 86 0 123 238 139 80 0 
2.26 126 117 117 137 114 98 0 0 106 97 0 137 108 102 0 146 109 86 0 123 238 139 80 0 
2.27 126 117 117 137 114 98 0 0 106 97 0 137 108 102 0 146 109 86 0 123 238 139 80 0 
2.28 126 117 117 137 114 98 0 0 106 97 0 137 108 102 0 146 109 86 0 123 238 139 80 0 
2.29 126 117 117 137 114 98 0 0 106 97 0 137 108 102 0 146 109 86 0 123 238 139 80 0 
2.3 126 117 117 137 114 98 0 0 106 97 0 137 108 102 0 146 109 86 0 123 238 139 80 0 
2.31 126 117 117 137 114 98 0 0 106 97 0 137 108 102 0 146 109 86 0 123 238 139 80 0 
2.32 126 117 117 137 114 98 0 0 106 97 0 137 108 102 0 146 109 86 0 123 238 139 80 0 
2.33 126 117 117 137 114 98 0 0 106 97 0 137 108 102 0 146 109 86 0 123 238 139 80 0 
2.34 126 117 117 137 114 98 0 0 106 97 0 137 108 102 0 146 109 86 0 123 238 139 80 0 
2.35 126 117 117 137 114 98 0 0 106 97 0 137 108 102 0 146 109 86 0 123 238 139 80 0 
2.36 126 117 117 137 114 98 0 0 106 97 0 137 108 102 0 146 109 86 0 123 238 139 80 0 
2.37 126 117 117 137 114 98 0 0 106 97 0 137 108 102 0 146 109 86 0 123 238 139 80 0 
2.38 126 117 117 137 114 98 0 0 106 97 0 137 108 102 0 146 109 86 0 123 238 139 80 0 
2.39 126 117 117 137 114 98 0 0 106 97 0 137 108 102 0 146 109 86 0 123 238 139 80 0 
2.4 126 117 117 137 114 98 0 0 106 97 0 137 108 102 0 146 109 86 0 123 238 139 80 0 
2.41 126 117 117 137 114 98 0 0 106 97 0 137 108 102 0 146 109 86 0 123 238 139 80 0 
2.42 126 117 117 137 114 98 0 0 106 97 0 137 108 102 0 146 109 86 0 123 238 139 80 0 
2.43 126 117 117 137 114 98 0 0 106 97 0 137 108 102 0 146 109 86 0 123 238 139 80 0 
2.44 126 117 117 137 114 98 0 0 106 97 0 137 108 102 0 146 109 86 0 123 238 139 80 0 
2.45 126 117 117 137 114 98 0 0 106 97 0 137 108 102 0 146 109 86 0 123 238 139 80 0 
2.46 126 117 117 137 114 98 0 0 106 97 0 137 108 102 0 146 109 86 0 123 238 139 80 0 
2.47 126 117 117 137 114 98 0 0 106 97 0 137 108 102 0 146 109 86 0 123 238 139 80 0 
2.48 126 117 117 137 114 98 0 0 106 97 0 137 108 102 0 146 109 86 0 123 238 139 80 0 
2.49 126 117 117 137 114 98 0 0 106 97 0 137 108 102 0 146 109 86 0 123 238 139 80 0 
2.5 126 117 117 137 114 98 0 0 106 97 0 137 108 102 0 146 109 86 0 123 238 139 80 0 
2.51 126 117 117 137 114 98 0 0 106 97 0 137 108 102 0 146 109 86 0 123 238 139 80 0 
2.52 126 117 117 137 114 98 0 0 106 97 0 137 108 102 0 146 109 86 0 123 238 139 80 0 
2.53 126 117 117 137 114 98 0 0 106 97 0 137 108 102 0 146 109 86 0 123 238 139 80 0 
2.54 126 117 117 137 114 98 0 0 106 97 0 137 108 102 0 146 109 86 0 123 238 139 80 0 
2.55 126 117 117 137 114 98 0 0 106 97 0 137 108 102 0 146 109 86 0 123 238 139 80 0 
2.56 126 117 117 137 114 98 0 0 106 97 0 137 108 102 0 146 109 86 0 123 238 139 80 0 
2.57 126 117 117 137 114 98 0 0 106 97 0 137 108 102 0 146 109 86 0 123 238 139 80 0 
2.58 126 117 117 137 114 98 0 0 106 97 0 137 108 102 0 146 109 86 0 123 238 139 80 0 
2.59 126 117 117 137 114 98 0 0 106 97 0 137 108 102 0 146 109 86 0 123 238 139 80 0 
2.6 126 117 117 137 114 98 0 0 106 97 0 137 108 102 0 146 109 86 0 123 238 139 80 0 
2.61 126 117 117 137 114 98 0 0 106 97 0 137 108 102 0 146 109 86 0 123 238 139 80 0 
2.62 126 117 117 137 114 98 0 0 106 97 0 137 108 102 0 146 109 86 0 123 238 139 80 0 
2.63 126 117 117 137 114 98 0 0 106 97 0 137 108 102 0 146 109 86 0 123 238 139 80 0 
2.64 126 117 117 137 114 98 0 0 106 97 0 137 108 102 0 146 109 86 0 123 238 139 80 0 
2.65 126 117 117 137 114 98 0 0 106 97 0 137 108 102 0 146 109 86 0 123 238 139 80 0 
2.66 126 117 117 137 114 98 0 0 106 97 0 137 108 102 0 146 109 86 0 123 238 139 80 0 
2.67 126 117 117 137 114 98 0 0 106 97 0 137 108 102 0 146 109 86 0 123 238 139 80 0 
2.68 126 117 117 137 114 98 0 0 106 97 0 137 108 102 0 146 109 86 0 123 238 139 80 0 
2.69 126 117 117 137 114 98 0 0 106 97 0 137 108 102 0 146 109 86 0 123 238 139 80 0 
2.7 126 117 117 137 114 98 0 0 106 97 0 137 108 102 0 146 109 86 0 123 238 139 80 0 
2.71 126 117 117 137 114 98 0 0 106 97 0 137 108 102 0 146 109 86 0 123 238 139 80 0 
2.72 126 117 117 137 114 98 0 0 106 97 0 137 108 102 0 146 109 86 0 123 238 139 80 0 
2.73 126 117 117 137 114 98 0 0 106 97 0 137 108 102 0 146 109 86 0 123 238 139 80 0 
2.74 126 117 117 137 114 98 0 0 106 97 0 137 108 102 0 146 109 86 0 123 238 139 80 0 
2.75 126 117 117 137 114 98 0 0 106 97 0 137 108 102 0 146 109 86 0 123 238 139 80 0 
2.76 126 117 117 137 114 98 0 0 106 97 0 137 108 102 0 146 109 86 0 123 238 139 80 0 
2.77 126 117 117 137 114 98 0 0 106 97 0 137 108 102 0 146 109 86 0 123 238 139 80 0 
2.78 126 117 117 137 114 98 0 0 106 97 0 137 108 102 0 146 109 86 0 123 238 139 80 0 
2.79 126 117 117 137 114 98 0 0 106 97 0 137 108 102 0 146 109 86 0 123 238 139 80 0 
2.8 126 117 117 137 114 98 0 0 106 97 0 137 108 102 0 146 109 86 0 123 238 139 80 0 
2.81 126 117 117 137 114 98 0 0 106 97 0 137 108 102 0 146 109 86 0 123 238 139 80 0 
2.82 126 117 117 137 114 98 0 0 106 97 0 137 108 102 0 146 109 86 0 123 238 139 80 0 
2.83 126 117 117 137 114 98 0 0 106 97 0 137 108 102 0 146 109 86 0 123 238 139 80 0 
2.84 126 117 117 137 114 98 0 0 106 97 0 137 108 102 0 146 109 86 0 123 238 139 80 0 
2.85 126 117 117 137 114 98 0 0 106 97 0 137 108 102 0 146 109 86 0 123 238 139 80 0 
2.86 126 117 117 137 114 98 0 0 106 97 0 137 108 102 0 146 109 86 0 123 238 139 80 0 
2.87 126 117 117 137 114 98 0 0 106 97 0 137 108 102 0 146 109 86 0 123 238 139 80 0 
2.88 126 117 117 137 114 98 0 0 106 97 0 137 108 102 0 146 109 86 0 123 238 139 80 0 
2.89 126 117 117 137 114 98 0 0 106 97 0 137 108 102 0 146 109 86 0 123 238 139 80 0 
2.9 126 117 117 137 114 98 0 0 106 97 0 137 108 102 0 146 109 86 0 123 238 139 80 0 
2.91 126 117 117 137 114 98 0 0 106 97 0 137 108 102 0 146 109 86 0 123 238 139 80 0 
2.92 126 117 117 137 114 98 0 0 106 97 0 137 108 102 0 146 109 86 0 123 238 139 80 0 
2.93 126 117 117 137 114 98 0 0 106 97 0 137 108 102 0 146 109 86 0 123 238 139 80 0 
2.94 126 117 117 137 114 98 0 0 106 97 0 137 108 102 0 146 109 86 0 123 238 139 80 0 
2.953 126 117 117 137 114 98 0 0 106 97 0 137 108 102 0 146 109 86 0 123 238 139 80 0 
2.96 126 117 117 137 114 98 0 0 106 97 0 137 108 102 0 146 109 86 0 123 238 139 80 0 
2.97 126 117 117 137 114 98 0 0 106 97 0 137 108 102 0 146 109 86 0 123 238 139 80 0 
2.98 126 117 117 137 114 98 0 0 106 97 0 137 108 102 0 146 109 86 0 123 238 139 80 0 
2.99 126 117 117 137 114 98 0 0 106 97 0 137 108 102 0 146 109 86 0 123 238 139 80 0 
3 126 117 117 137 114 98 0 0 106 97 0 137 108 102 0 146 109 86 0 123 238 139 80 0 
3.01 126 117 117 137 114 98 0 0 106 97 0 137 108 102 0 146 109 86 0 123 238 139 80 0 
3.02 126 117 117 137 114 98 0 0 106 97 0 137 108 102 0 146 109 86 0 123 238 139 80 0 
3.03 126 117 117 137 114 98 0 0 106 97 0 137 108 102 0 146 109 86 0 123 238 139 80 0 
3.04 126 117 117 137 114 98 0 0 106 97 0 137 108 102 0 146 109 86 0 123 238 139 80 0 
3.05 126 117 117 137 114 98 0 0 106 97 0 137 108 102 0 146 109 86 0 123 238 139 80 0 
3.06 126 117 117 137 114 98 0 0 106 97 0 137 108 102 0 146 109 86 0 123 238 139 80 0 
3.07 126 117 117 137 114 98 0 0 106 97 0 137 108 102 0 146 109 86 0 123 238 139 80 0 
3.08 126 117 117 137 114 98 0 0 106 97 0 137 108 102 0 146 109 86 0 123 238 139 80 0 
3.09 126 117 117 137 114 98 0 0 106 97 0 137 108 102 0 146 109 86 0 123 238 139 80 0 
3.1 126 117 117 137 114 98 0 0 106 97 0 137 108 102 0 146 109 86 0 123 238 139 80 0 
3.11 122 117 117 137 114 98 0 0 106 97 0 137 108 102 0 146 109 86 0 123 238 139 80 0 
3.12 122 117 117 137 114 98 0 0 106 97 0 137 108 102 0 146 109 86 0 123 238 139 80 0 
3.13 122 117 117 137 114 98 0 0 106 97 0 137 108 102 0 146 109 86 0 123 238 139 80 0 
3.14 122 117 117 137 114 98 0 0 106 97 0 137 108 102 0 146 109 86 0 123 238 139 80 0 
3.15 122 117 117 137 114 98 0 0 106 97 0 137 108 102 0 146 109 86 0 123 238 139 80 0 
3.16 122 117 117 137 114 98 0 0 106 97 0 137 108 102 0 146 109 86 0 123 238 139 80 0 
3.17 122 117 117 137 114 98 0 0 106 97 0 137 108 102 0 146 109 86 0 123 238 139 80 0 
3.18 122 117 117 137 114 98 0 0 106 97 0 137 108 102 0 146 109 86 0 123 238 139 80 0 
3.19 122 117 117 137 114 98 0 0 106 97 0 137 108 102 0 146 109 86 0 123 238 139 80 0 
3.2 122 117 117 137 114 98 0 0 106 97 0 137 108 102 0 146 109 86 0 123 238 139 80 0 
3.21 122 117 117 137 114 98 0 0 106 97 0 137 108 102 0 146 109 86 0 123 238 139 80 0 
3.22 122 117 117 137 114 98 0 0 106 97 0 137 108 102 0 146 109 86 0 123 238 139 80 0 
3.23 122 117 117 137 114 98 0 0 106 97 0 137 108 102 0 146 109 86 0 123 238 139 80 0 
3.24 122 117 117 137 114 98 0 0 106 97 0 137 108 102 0 146 109 86 0 123 238 139 80 0 
3.25 122 117 117 137 114 98 0 0 106 97 0 137 108 102 0 146 109 86 0 123 238 139 80 0 
3.26 122 117 117 137 114 98 0 0 106 97 0 137 108 102 0 146 109 86 0 123 238 139 80 0 
3.27 122 117 117 137 114 98 0 0 106 97 0 137 108 102 0 146 109 86 0 123 238 139 80 0 
3.28 122 117 117 137 114 98 0 0 106 97 0 137 108 102 0 146 109 86 0 123 238 139 80 0 
3.29 122 117 117 137 114 98 0 0 106 97 0 137 108 102 0 146 109 86 0 123 238 139 80 0 
3.3 122 117 117 137 114 98 0 0 106 97 0 137 108 102 0 146 109 86 0 123 238 139 80 0 
3.31 122 117 117 137 114 98 0 0 106 97 0 137 108 102 0 146 109 86 0 123 238 139 80 0 
3.32 122 117 117 137 114 98 0 0 106 97 0 137 108 102 0 146 109 86 0 123 238 139 80 0 
3.33 122 117 117 137 114 98 0 0 106 97 0 137 108 102 0 146 109 86 0 123 238 139 80 0 
3.34 122 117 117 137 114 98 0 0 106 97 0 137 108 102 0 146 109 86 0 123 238 139 80 0 
3.35 122 117 117 137 114 98 0 0 106 97 0 137 108 102 0 146 109 86 0 123 238 139 80 0 
3.36 122 117 117 137 114 98 0 0 106 97 0 137 108 102 0 146 109 86 0 123 238 139 80 0 
3.37 122 117 117 137 114 98 0 0 106 97 0 137 108 102 0 146 109 86 0 123 238 139 80 0 
3.38 122 117 117 137 114 98 0 0 106 97 0 137 108 102 0 146 109 86 0 123 238 139 80 0 
3.39 122 117 117 137 114 98 0 0 106 97 0 137 108 102 0 146 109 86 0 123 238 139 80 0 
3.4 122 117 117 137 114 98 0 0 106 97 0 137 108 102 0 146 109 86 0 123 238 139 80 0 
3.41 122 117 117 137 114 98 0 0 106 97 0 137 108 102 0 146 109 86 0 123 238 139 80 0 
3.42 122 117 117 137 114 98 0 0 106 97 0 137 108 102 0 146 109 86 0 123 238 139 80 0 
3.43 122 117 117 137 114 98 0 0 106 97 0 137 108 102 0 146 109 86 0 123 238 139 80 0 
3.44 122 117 117 137 114 98 0 0 106 97 0 137 108 102 0 146 109 86 0 123 238 139 80 0 
3.45 122 117 117 137 114 98 0 0 106 97 0 137 108 102 0 146 109 86 0 123 238 139 80 0 
3.46 122 117 117 137 114 98 0 0 106 97 0 137 108 102 0 146 109 86 0 123 238 139 80 0 
3.47 122 117 117 137 114 98 0 0 106 97 0 137 108 102 0 146 109 86 0 123 238 139 80 0 
3.48 122 117 117 137 114 98 0 0 106 97 0 137 108 102 0 146 109 86 0 123 238 139 80 0 
3.49 122 117 117 137 114 98 0 0 106 97 0 137 108 102 0 146 109 86 0 123 238 139 80 0 
3.5 122 117 117 137 114 98 0 0 106 97 0 137 108 102 0 146 109 86 0 123 238 139 80 0 
3.51 122 117 117 137 114 98 0 0 106 97 0 137 108 102 0 146 109 86 0 123 238 139 80 0 
3.52 122 117 117 137 114 98 0 0 106 97 0 137 108 102 0 146 109 86 0 123 238 139 80 0 
3.53 122 117 117 137 114 98 0 0 106 97 0 137 108 102 0 146 109 86 0 123 238 139 80 0 
3.54 122 117 117 137 114 98 0 0 106 97 0 137 108 102 0 146 109 86 0 123 238 139 80 0 
3.55 122 117 117 137 114 98 0 0 106 97 0 137 108 102 0 146 109 86 0 123 238 139 80 0 
3.56 122 117 117 137 114 98 0 0 106 97 0 137 108 102 0 146 109 86 0 123 238 139 80 0 
3.57 122 117 117 137 114 98 0 0 106 97 0 137 108 102 0 146 109 86 0 123 238 139 80 0 
3.582 122 117 117 137 114 98 0 0 106 97 0 137 108 102 0 146 109 86 0 123 238 139 80 0 
3.59 122 117 117 137 114 98 0 0 106 97 0 137 108 102 0 146 109 86 0 123 238 139 80 0 
3.6 122 117 117 137 114 98 0 0 106 97 0 137 108 102 0 146 109 86 0 123 238 139 80 0 
3.61 122 117 117 137 114 98 0 0 106 97 0 137 108 102 0 146 109 86 0 123 238 139 80 0 
3.62 122 117 117 137 114 98 0 0 106 97 0 137 108 102 0 146 109 86 0 123 238 139 80 0 
3.63 122 117 117 137 114 98 0 0 106 97 0 137 108 102 0 146 109 86 0 123 238 139 80 0 
3.64 122 117 117 137 114 98 0 0 106 97 0 137 108 102 0 146 109 86 0 123 238 139 80 0 
3.65 122 117 117 137 114 98 0 0 106 97 0 137 108 102 0 146 109 86 0 123 238 139 80 0 
3.66 122 117 117 137 114 98 0 0 106 97 0 137 108 102 0 146 109 86 0 123 238 139 80 0 
3.67 122 117 117 137 114 98 0 0 106 97 0 137 108 102 0 146 109 86 0 123 238 139 80 0 
3.68 122 117 117 137 114 98 0 0 106 97 0 137 108 102 0 146 109 86 0 123 238 139 80 0 
3.69 122 117 117 137 114 98 0 0 106 97 0 137 108 102 0 146 109 86 0 123 238 139 80 0 
3.7 122 117 117 137 114 98 0 0 106 97 0 137 108 102 0 146 109 86 0 123 238 139 80 0 
3.71 122 117 117 137 114 98 0 0 106 97 0 137 108 102 0 146 109 86 0 123 238 139 80 0 
3.72 122 117 117 137 114 98 0 0 106 97 0 137 108 102 0 146 109 86 0 123 238 139 80 0 
3.73 122 117 117 137 114 98 0 0 106 97 0 137 108 102 0 146 109 86 0 123 238 139 80 0 
3.74 122 117 117 137 114 98 0 0 106 97 0 137 108 102 0 146 109 86 0 123 238 139 80 0 
3.75 122 117 117 137 114 98 0 0 106 97 0 137 108 102 0 146 109 86 0 123 238 139 80 0 
3.76 122 117 117 137 114 98 0 0 106 97 0 137 108 102 0 146 109 86 0 123 238 139 80 0 
3.77 122 117 117 137 114 98 0 0 106 97 0 137 108 102 0 146 109 86 0 123 238 139 80 0 
3.78 122 117 117 137 114 98 0 0 106 97 0 137 108 102 0 146 109 86 0 123 238 139 80 0 
3.79 122 117 117 137 114 98 0 0 106 97 0 137 108 102 0 146 109 86 0 123 238 139 80 0 
3.8 122 117 117 137 114 98 0 0 106 97 0 137 108 102 0 146 109 86 0 123 238 139 80 0 
3.81 122 117 117 137 114 98 0 0 106 97 0 137 108 102 0 146 109 86 0 123 238 139 80 0 
3.82 122 117 117 137 114 98 0 0 106 97 0 137 108 102 0 146 109 86 0 123 238 139 80 0 
3.83 122 117 117 137 114 98 0 0 106 97 0 137 108 102 0 146 109 86 0 123 238 139 80 0 
3.84 122 117 117 137 114 98 0 0 106 97 0 137 108 102 0 146 109 86 0 123 238 139 80 0 
3.85 122 117 117 137 114 98 0 0 106 97 0 137 108 102 0 146 109 86 0 123 238 139 80 0 
3.86 122 117 117 137 114 98 0 0 106 97 0 137 108 102 0 146 109 86 0 123 238 139 80 0 
3.87 122 117 117 137 114 98 0 0 106 97 0 137 108 102 0 146 109 86 0 123 238 139 80 0 
3.88 122 117 117 137 114 98 0 0 106 97 0 137 108 102 0 146 109 86 0 123 238 139 80 0 
3.89 122 117 117 137 114 98 0 0 106 97 0 137 108 102 0 146 109 86 0 123 238 139 80 0 
3.9 122 117 117 137 114 98 0 0 106 97 0 137 108 102 0 146 109 86 0 123 238 139 80 0 
3.91 122 117 117 137 114 98 0 0 106 97 0 137 108 102 0 146 109 86 0 123 238 139 80 0 
3.92 122 117 117 137 114 98 0 0 106 97 0 137 108 102 0 146 109 86 0 123 238 139 80 0 
3.93 122 117 117 137 114 98 0 0 106 97 0 137 108 102 0 146 109 86 0 123 238 139 80 0 
3.94 122 117 117 137 114 98 0 0 106 97 0 137 108 102 0 146 109 86 0 123 238 139 80 0 
3.95 122 117 117 137 114 98 0 0 106 97 0 137 108 102 0 146 109 86 0 123 238 139 80 0 
3.961 122 117 117 137 114 98 0 0 106 97 0 137 108 102 0 146 109 86 0 123 238 139 80 0 
3.97 122 117 117 137 114 98 0 0 106 97 0 137 108 102 0 146 109 86 0 123 238 139 80 0 
3.98 122 117 117 137 114 98 0 0 106 97 0 137 108 102 0 146 109 86 0 123 238 139 80 0 
3.99 122 117 117 137 114 98 0 0 106 97 0 137 108 102 0 146 109 86 0 123 238 139 80 0 
4 122 117 117 137 114 98 0 0 106 97 0 137 108 102 0 146 109 86 0 123 238 139 80 0 
4.01 122 117 117 137 114 98 0 0 106 97 0 137 108 102 0 146 109 86 0 123 238 139 80 0 
4.02 122 117 117 137 114 98 0 0 106 97 0 137 108 102 0 146 109 86 0 123 238 139 80 0 
4.03 122 117 117 137 114 98 0 0 106 97 0 137 108 102 0 146 109 86 0 123 238 139 80 0 
4.04 122 117 117 137 114 98 0 0 106 97 0 137 108 102 0 146 109 86 0 123 238 139 80 0 
4.05 122 117 117 137 114 98 0 0 106 97 0 137 108 102 0 146 109 86 0 123 238 139 80 0 
4.06 122 117 117 137 114 98 0 0 106 97 0 137 108 102 0 146 109 86 0 123 238 139 80 0 
4.07 122 117 117 137 114 98 0 0 106 97 0 137 108 102 0 146 109 86 0 123 238 139 80 0 
4.08 122 117 117 137 114 98 0 0 106 97 0 137 108 102 0 146 109 86 0 123 238 139 80 0 
4.09 122 117 117 137 114 98 0 0 106 97 0 137 108 102 0 146 109 86 0 123 238 139 80 0 
4.1 122 117 117 137 114 98 0 0 106 97 0 137 108 102 0 146 109 86 0 123 238 139 80 0 
4.11 122 117 117 137 114 98 0 0 106 97 0 137 108 102 0 146 109 86 0 123 238 139 80 0 
4.12 122 117 117 137 114 98 0 0 106 97 0 137 108 102 0 146 109 86 0 123 238 139 80 0 
4.13 122 117 117 137 114 98 0 0 106 97 0 137 108 102 0 146 109 86 0 123 238 139 80 0 
4.14 122 117 117 137 114 98 0 0 106 97 0 137 108 102 0 146 109 86 0 123 238 139 80 0 
4.151 122 117 117 137 114 98 0 0 106 97 0 137 108 102 0 146 109 86 0 123 238 139 80 0 
4.161 122 117 117 137 114 98 0 0 106 97 0 137 108 102 0 146 109 86 0 123 238 139 80 0 
4.171 122 117 117 137 114 98 0 0 106 97 0 137 108 102 0 146 109 86 0 123 238 139 80 0 
4.181 122 117 117 137 114 98 0 0 106 97 0 137 108 102 0 146 109 86 0 123 238 139 80 0 
4.191 122 117 117 137 114 98 0 0 106 97 0 137 108 102 0 146 109 86 0 123 238 139 80 0 
4.201 122 117 117 137 114 98 0 0 106 97 0 137 108 102 0 146 109 86 0 123 238 139 80 0 
4.211 122 117 117 137 114 98 0 0 106 97 0 137 108 102 0 146 109 86 0 123 238 139 80 0 
4.221 122 117 117 137 114 98 0 0 106 97 0 137 108 102 0 146 109 86 0 123 238 139 80 0 
4.231 122 117 117 137 114 98 0 0 106 97 0 137 108 102 0 146 109 86 0 123 238 139 80 0 
4.241 122 117 117 137 114 98 0 0 106 97 0 137 108 102 0 146 109 86 0 123 238 139 80 0 
4.251 122 117 117 137 114 98 0 0 106 97 0 137 108 102 0 146 109 86 0 123 238 139 80 0 
4.261 122 117 117 137 114 98 0 0 106 97 0 137 108 102 0 146 109 86 0 123 238 139 80 0 
4.271 122 117 117 137 114 98 0 0 106 97 0 137 108 102 0 146 109 86 0 123 238 139 80 0 
4.281 122 117 117 137 114 98 0 0 106 97 0 137 108 102 0 146 109 86 0 123 238 139 80 0 
4.291 122 117 117 137 114 98 0 0 106 97 0 137 108 102 0 146 109 86 0 123 238 139 80 0 
4.301 122 117 117 137 114 98 0 0 106 97 0 137 108 102 0 146 109 86 0 123 238 139 80 0 
4.311 122 117 117 137 114 98 0 0 106 97 0 137 108 102 0 146 109 86 0 123 238 139 80 0 
4.321 122 117 117 137 114 98 0 0 106 97 0 137 108 102 0 146 109 86 0 123 238 139 80 0 
4.331 122 117 117 137 114 98 0 0 106 97 0 137 108 102 0 146 109 86 0 123 238 139 80 0 
4.341 122 117 117 137 114 98 0 0 106 97 0 137 108 102 0 146 109 86 0 123 238 139 80 0 
4.351 122 117 117 137 114 98 0 0 106 97 0 137 108 102 0 146 109 86 0 123 238 139 80 0 
4.361 122 117 117 137 114 98 0 0 106 97 0 137 108 102 0 146 109 86 0 123 238 139 80 0 
4.371 122 117 117 137 114 98 0 0 106 97 0 137 108 102 0 146 109 86 0 123 238 139 80 0 
4.381 122 117 117 137 114 98 0 0 106 97 0 137 108 102 0 146 109 86 0 123 238 139 80 0 
4.391 122 117 117 137 114 98 0 0 106 97 0 137 108 102 0 146 109 86 0 123 238 139 80 0 
4.401 122 117 117 137 114 98 0 0 106 97 0 137 108 102 0 146 109 86 0 123 238 139 80 0 
4.411 122 117 117 137 114 98 0 0 106 97 0 137 108 102 0 146 109 86 0 123 238 139 80 0 
4.421 122 117 117 137 114 98 0 0 106 97 0 137 108 102 0 146 109 86 0 123 238 139 80 0 
4.431 122 117 117 137 114 98 0 0 106 97 0 137 108 102 0 146 109 86 0 123 238 139 80 0 
4.441 122 117 117 137 114 98 0 0 106 97 0 137 108 102 0 146 109 86 0 123 238 139 80 0 
4.451 122 117 117 137 114 98 0 0 106 97 0 137 108 102 0 146 109 86 0 123 238 139 80 0 
4.461 122 117 117 137 114 98 0 0 106 97 0 137 108 102 0 146 109 86 0 123 238 139 80 0 
4.471 122 117 117 137 114 98 0 0 106 97 0 137 108 102 0 146 109 86 0 123 238 139 80 0 
4.481 122 117 117 137 114 98 0 0 106 97 0 137 108 102 0 146 109 86 0 123 238 139 80 0 
4.491 122 117 117 137 114 98 0 0 106 97 0 137 108 102 0 146 109 86 0 123 238 139 80 0 
4.501 122 117 117 137 114 98 0 0 106 97 0 137 108 102 0 146 109 86 0 123 238 139 80 0 
4.511 122 117 117 137 114 98 0 0 106 97 0 137 108 102 0 146 109 86 0 123 238 139 80 0 
4.521 122 117 117 137 114 98 0 0 106 97 0 137 108 102 0 146 109 86 0 123 238 139 80 0 
4.531 122 117 117 137 114 98 0 0 106 97 0 137 108 102 0 146 109 86 0 123 238 139 80 0 
4.541 122 117 117 137 114 98 0 0 106 97 0 137 108 102 0 146 109 86 0 123 238 139 80 0 
4.551 122 117 117 137 114 98 0 0 106 97 0 137 108 102 0 146 109 86 0 123 238 139 80 0 
4.561 122 117 117 137 114 98 0 0 106 97 0 137 108 102 0 146 109 86 0 123 238 139 80 0 
4.571 122 117 117 137 114 98 0 0 106 97 0 137 108 102 0 146 109 86 0 123 238 139 80 0 
4.581 122 117 117 137 114 98 0 0 106 97 0 137 108 102 0 146 109 86 0 123 238 139 80 0 
4.591 122 117 117 137 114 98 0 0 106 97 0 137 108 102 0 146 109 86 0 123 238 139 80 0 
4.601 122 117 117 137 114 98 0 0 106 97 0 137 108 102 0 146 109 86 0 123 238 139 80 0 
4.611 122 117 117 137 114 98 0 0 106 97 0 137 108 102 0 146 109 86 0 123 238 139 80 0 
4.621 122 117 117 137 114 98 0 0 106 97 0 137 108 102 0 146 109 86 0 123 238 139 80 0 
4.631 122 117 117 137 114 98 0 0 106 97 0 137 108 102 0 146 109 86 0 123 238 139 80 0 
4.641 122 117 117 137 114 98 0 0 106 97 0 137 108 102 0 146 109 86 0 123 238 139 80 0 
4.651 122 117 117 137 114 98 0 0 106 97 0 137 108 102 0 146 109 86 0 123 238 139 80 0 
4.661 122 117 117 137 114 98 0 0 106 97 0 137 108 102 0 146 109 86 0 123 238 139 80 0 
4.671 122 117 117 137 114 98 0 0 106 97 0 137 108 102 0 146 109 86 0 123 238 139 80 0 
4.681 122 117 117 137 114 98 0 0 106 97 0 137 108 102 0 146 109 86 0 123 238 139 80 0 
4.691 122 117 117 137 114 98 0 0 106 97 0 137 108 102 0 146 109 86 0 123 238 139 80 0 
4.701 122 117 117 137 114 98 0 0 106 97 0 137 108 102 0 146 109 86 0 123 238 139 80 0 
4.711 122 117 117 137 114 98 0 0 106 97 0 137 108 102 0 146 109 86 0 123 238 139 80 0 
4.721 122 117 117 137 114 98 0 0 106 97 0 137 108 102 0 146 109 86 0 123 238 139 80 0 
4.731 122 117 117 137 114 98 0 0 106 97 0 137 108 102 0 146 109 86 0 123 238 139 80 0 
4.741 122 117 117 137 114 98 0 0 106 97 0 137 108 102 0 146 109 86 0 123 238 139 80 0 
4.751 122 117 117 137 114 98 0 0 106 97 0 137 108 102 0 146 109 86 0 123 238 139 80 0 
4.761 122 117 117 137 114 98 0 0 106 97 0 137 108 102 0 146 109 86 0 123 238 139 80 0 
4.771 122 117 117 137 114 98 0 0 106 97 0 137 108 102 0 146 109 86 0 123 238 139 80 0 
4.781 122 117 117 137 114 98 0 0 106 97 0 137 108 102 0 146 109 86 0 123 238 139 80 0 
4.791 122 117 117 137 114 98 0 0 106 97 0 137 108 102 0 146 109 86 0 123 238 139 80 0 
4.801 122 117 117 137 114 98 0 0 106 97 0 137 108 102 0 146 109 86 0 123 238 139 80 0 
4.811 122 117 117 137 114 98 0 0 106 97 0 137 108 102 0 146 109 86 0 123 238 139 80 0 
4.821 122 117 117 137 114 98 0 0 106 97 0 137 108 102 0 146 109 86 0 123 238 139 80 0 
4.831 122 117 117 137 114 98 0 0 106 97 0 137 108 102 0 146 109 86 0 123 238 139 80 0 
4.841 122 117 117 137 114 98 0 0 106 97 0 137 108 102 0 146 109 86 0 123 238 139 80 0 
4.851 122 117 117 137 114 98 0 0 106 97 0 137 108 102 0 146 109 86 0 123 238 139 80 0 
4.861 122 117 117 137 114 98 0 0 106 97 0 137 108 102 0 146 109 86 0 123 238 139 80 0 
4.871 122 117 117 137 114 98 0 0 106 97 0 137 108 102 0 146 109 86 0 123 238 139 80 0 
4.881 122 117 117 137 114 98 0 0 106 97 0 137 108 102 0 146 109 86 0 123 238 139 80 0 
4.891 122 117 117 137 114 98 0 0 106 97 0 137 108 102 0 146 109 86 0 123 238 139 80 0 
4.901 122 117 117 137 114 98 0 0 106 97 0 137 108 102 0 146 109 86 0 123 238 139 80 0 
4.911 122 117 117 137 114 98 0 0 106 97 0 137 108 102 0 146 109 86 0 123 238 139 80 0 
4.921 122 117 117 137 114 98 0 0 106 97 0 137 108 102 0 146 109 86 0 123 238 139 80 0 
4.931 122 117 117 137 114 98 0 0 106 97 0 137 108 102 0 146 109 86 0 123 238 139 80 0 
4.941 122 117 117 137 114 98 0 0 106 97 0 137 108 102 0 146 109 86 0 123 238 139 80 0 
4.951 122 117 117 137 114 98 0 0 106 97 0 137 108 102 0 146 109 86 0 123 238 139 80 0 
4.961 122 117 117 137 114 98 0 0 106 97 0 137 108 102 0 146 109 86 0 123 238 139 80 0 
4.971 122 117 117 137 114 98 0 0 106 97 0 137 108 102 0 146 109 86 0 123 238 139 80 0 
4.981 122 117 117 137 114 98 0 0 106 97 0 137 108 102 0 146 109 86 0 123 238 139 80 0 
4.991 122 117 117 137 114 98 0 0 106 97 0 137 108 102 0 146 109 86 0 123 238 139 80 0 
5.001 122 117 117 137 114 98 0 0 106 97 0 137 108 102 0 146 109 86 0 123 238 139 80 0 
5.011 122 117 117 137 114 98 0 0 106 97 0 137 108 102 0 146 109 86 0 123 238 139 80 0 
5.021 122 117 117 137 114 98 0 0 106 97 0 137 108 102 0 146 109 86 0 123 238 139 80 0 
5.031 122 117 117 137 114 98 0 0 106 97 0 137 108 102 0 146 109 86 0 123 238 139 80 0 
5.041 122 117 117 137 114 98 0 0 106 97 0 137 108 102 0 146 109 86 0 123 238 139 80 0 
5.051 122 117 117 137 114 98 0 0 106 97 0 137 108 102 0 146 109 86 0 123 238 139 80 0 
5.061 122 117 117 137 114 98 0 0 106 97 0 137 108 102 0 146 109 86 0 123 238 139 80 0 
5.071 122 117 117 137 114 98 0 0 106 97 0 137 108 102 0 146 109 86 0 123 238 139 80 0 
5.081 122 117 117 137 114 98 0 0 106 97 0 137 108 102 0 146 109 86 0 123 238 139 80 0 
5.091 122 117 117 137 114 98 0 0 106 97 0 137 108 102 0 146 109 86 0 123 238 139 80 0 
5.101 122 117 117 137 114 98 0 0 106 97 0 137 108 102 0 146 109 86 0 123 238 139 80 0 
5.111 122 117 117 137 114 98 0 0 106 97 0 137 108 102 0 146 109 86 0 123 238 139 80 0 
5.121 122 117 117 137 114 98 0 0 106 97 0 137 108 102 0 146 109 86 0 123 238 139 80 0 
5.131 122 117 117 137 114 98 0 0 106 97 0 137 108 102 0 146 109 86 0 123 238 139 80 0 
5.141 122 117 117 137 114 98 0 0 106 97 0 137 108 102 0 146 109 86 0 123 238 139 80 0 
5.151 122 117 117 137 114 98 0 0 106 97 0 137 108 102 0 146 109 86 0 123 238 139 80 0 
5.161 122 117 117 137 114 98 0 0 106 97 0 137 108 102 0 146 109 86 0 123 238 139 80 0 
5.171 122 117 117 137 114 98 0 0 106 97 0 137 108 102 0 146 109 86 0 123 238 139 80 0 
5.181 122 117 117 137 114 98 0 0 106 97 0 137 108 102 0 146 109 86 0 123 238 139 80 0 
5.191 122 117 117 137 114 98 0 0 106 97 0 137 108 102 0 146 109 86 0 123 238 139 80 0 
5.201 122 117 117 137 114 98 0 0 106 97 0 137 108 102 0 146 109 86 0 123 238 139 80 0 
5.211 122 117 117 137 114 98 0 0 106 97 0 137 108 102 0 146 109 86 0 123 238 139 80 0 
5.221 122 117 117 137 114 98 0 0 106 97 0 137 108 102 0 146 109 86 0 123 238 139 80 0 
5.231 122 117 117 137 114 98 0 0 106 97 0 137 108 102 0 146 109 86 0 123 238 139 80 0 
5.241 122 117 117 137 114 98 0 0 106 97 0 137 108 102 0 146 109 86 0 123 238 139 80 0 
5.251 122 117 117 137 114 98 0 0 106 97 0 137 108 102 0 146 109 86 0 123 238 139 80 0 
5.261 122 117 117 137 114 98 0 0 106 97 0 137 108 102 0 146 109 86 0 123 238 139 80 0 
5.271 122 117 117 137 114 98 0 0 106 97 0 137 108 102 0 146 109 86 0 123 238 139 80 0 
5.281 122 117 117 137 114 98 0 0 106 97 0 137 108 102 0 146 109 86 0 123 238 139 80 0 
5.291 122 117 117 137 114 98 0 0 106 97 0 137 108 102 0 146 109 86 0 123 238 139 80 0 
5.301 122 117 117 137 114 98 0 0 106 97 0 137 108 102 0 146 109 86 0 123 238 139 80 0 
5.311 122 117 117 137 114 98 0 0 106 97 0 137 108 102 0 146 109 86 0 123 238 139 80 0 
5.321 122 117 117 137 114 98 0 0 106 97 0 137 108 102 0 146 109 86 0 123 238 139 80 0 
5.331 122 117 117 137 114 98 0 0 106 97 0 137 108 102 0 146 109 86 0 123 238 139 80 0 
5.341 122 117 117 137 114 98 0 0 106 97 0 137 108 102 0 146 109 86 0 123 238 139 80 0 
5.351 122 117 117 137 114 98 0 0 106 97 0 137 108 102 0 146 109 86 0 123 238 139 80 0 
5.361 122 117 117 137 114 98 0 0 106 97 0 137 108 102 0 146 109 86 0 123 238 139 80 0 
5.371 122 117 117 137 114 98 0 0 106 97 0 137 108 102 0 146 109 86 0 123 238 139 80 0 
5.381 122 117 117 137 114 98 0 0 106 97 0 137 108 102 0 146 109 86 0 123 238 139 80 0 
5.391 122 117 117 137 114 98 0 0 106 97 0 137 108 102 0 146 109 86 0 123 238 139 80 0 
5.401 122 117 117 137 114 98 0 0 106 97 0 137 108 102 0 146 109 86 0 123 238 139 80 0 
5.411 122 117 117 137 114 98 0 0 106 97 0 137 108 102 0 146 109 86 0 123 238 139 80 0 
5.421 122 117 117 137 114 98 0 0 106 97 0 137 108 102 0 146 109 86 0 123 238 139 80 0 
5.431 122 117 117 137 114 98 0 0 106 97 0 137 108 102 0 146 109 86 0 123 238 139 80 0 
5.441 122 117 117 137 114 98 0 0 106 97 0 137 108 102 0 146 109 86 0 123 238 139 80 0 
5.451 122 117 117 137 114 98 0 0 106 97 0 137 108 102 0 146 109 86 0 123 238 139 80 0 
5.461 122 117 117 137 114 98 0 0 106 97 0 137 108 102 0 146 109 86 0 123 238 139 80 0 
5.471 122 117 117 137 114 98 0 0 106 97 0 137 108 102 0 146 109 86 0 123 238 139 80 0 
5.481 122 117 117 137 114 98 0 0 106 97 0 137 108 102 0 146 109 86 0 123 238 139 80 0 
5.491 122 117 117 137 114 98 0 0 106 97 0 137 108 102 0 146 109 86 0 123 238 139 80 0 
5.501 122 117 117 137 114 98 0 0 106 97 0 137 108 102 0 146 109 86 0 123 238 139 80 0 
5.511 122 117 117 137 114 98 0 0 106 97 0 137 108 102 0 146 109 86 0 123 238 139 80 0 
5.521 122 117 117 137 114 98 0 0 106 97 0 137 108 102 0 146 109 86 0 123 238 139 80 0 
5.531 122 117 117 137 114 98 0 0 106 97 0 137 108 102 0 146 109 86 0 123 238 139 80 0 
5.541 122 117 117 137 114 98 0 0 106 97 0 137 108 102 0 146 109 86 0 123 238 139 80 0 
5.551 122 117 117 137 114 98 0 0 106 97 0 137 108 102 0 146 109 86 0 123 238 139 80 0 
5.561 122 117 117 137 114 98 0 0 106 97 0 137 108 102 0 146 109 86 0 123 238 139 80 0 
5.571 122 117 117 137 114 98 0 0 106 97 0 137 108 102 0 146 109 86 0 123 238 139 80 0 
5.581 122 117 117 137 114 98 0 0 106 97 0 137 108 102 0 146 109 86 0 123 238 139 80 0 
5.591 122 117 117 137 114 98 0 0 106 97 0 137 108 102 0 146 109 86 0 123 238 139 80 0 
5.601 122 117 117 137 114 98 0 0 106 97 0 137 108 102 0 146 109 86 0 123 238 139 80 0 
5.611 122 117 117 137 114 98 0 0 106 97 0 137 108 102 0 146 109 86 0 123 238 139 80 0 
5.621 122 117 117 137 114 98 0 0 106 97 0 137 108 102 0 146 109 86 0 123 238 139 80 0 
5.631 122 117 117 137 114 98 0 0 106 97 0 137 108 102 0 146 109 86 0 123 238 139 80 0 
5.641 122 117 117 137 114 98 0 0 106 97 0 137 108 102 0 146 109 86 0 123 238 139 80 0 
5.651 122 117 117 137 114 98 0 0 106 97 0 137 108 102 0 146 109 86 0 123 238 139 80 0 
5.661 122 117 117 137 114 98 0 0 106 97 0 137 108 102 0 146 109 86 0 123 238 139 80 0 
5.671 122 117 117 137 114 98 0 0 106 97 0 137 108 102 0 146 109 86 0 123 238 139 80 0 
5.681 122 117 117 137 114 98 0 0 106 97 0 137 108 102 0 146 109 86 0 123 238 139 80 0 
5.691 122 117 117 137 114 98 0 0 106 97 0 137 108 102 0 146 109 86 0 123 238 139 80 0 
5.701 122 117 117 137 114 98 0 0 106 97 0 137 108 102 0 146 109 86 0 123 238 139 80 0 
5.711 122 117 117 137 114 98 0 0 106 97 0 137 108 102 0 146 109 86 0 123 238 139 80 0 
5.721 122 117 117 137 114 98 0 0 106 97 0 137 108 102 0 146 109 86 0 123 238 139 80 0 
5.731 122 117 117 137 114 98 0 0 106 97 0 137 108 102 0 146 109 86 0 123 238 139 80 0 
5.741 122 117 117 137 114 98 0 0 106 97 0 137 108 102 0 146 109 86 0 123 238 139 80 0 
5.751 122 117 117 137 114 98 0 0 106 97 0 137 108 102 0 146 109 86 0 123 238 139 80 0 
5.761 122 117 117 137 114 98 0 0 106 97 0 137 108 102 0 146 109 86 0 123 238 139 80 0 
5.773 122 117 117 137 114 98 0 0 106 97 0 137 108 102 0 146 109 86 0 123 238 139 80 0 
5.781 122 117 117 137 114 98 0 0 106 97 0 137 108 102 0 146 109 86 0 123 238 139 80 0 
5.791 122 117 117 137 114 98 0 0 106 97 0 137 108 102 0 146 109 86 0 123 238 139 80 0 
5.801 122 117 117 137 114 98 0 0 106 97 0 137 108 102 0 146 109 86 0 123 238 139 80 0 
5.811 122 117 117 137 114 98 0 0 106 97 0 137 108 102 0 146 109 86 0 123 238 139 80 0 
5.821 122 117 117 137 114 98 0 0 106 97 0 137 108 102 0 146 109 86 0 123 238 139 80 0 
5.831 122 117 117 137 114 98 0 0 106 97 0 137 108 102 0 146 109 86 0 123 238 139 80 0 
5.841 122 117 117 137 114 98 0 0 106 97 0 137 108 102 0 146 109 86 0 123 238 139 80 0 
5.851 122 117 117 137 114 98 0 0 106 97 0 137 108 102 0 146 109 86 0 123 238 139 80 0 
5.861 122 117 117 137 114 98 0 0 106 97 0 137 108 102 0 146 109 86 0 123 238 139 80 0 
5.871 122 117 117 137 114 98 0 0 106 97 0 137 108 102 0 146 109 86 0 123 238 139 80 0 
5.881 122 117 117 137 114 98 0 0 106 97 0 137 108 102 0 146 109 86 0 123 238 139 80 0 
5.891 122 117 117 137 114 98 0 0 106 97 0 137 108 102 0 146 109 86 0 123 238 139 80 0 
5.901 122 117 117 137 114 98 0 0 106 97 0 137 108 102 0 146 109 86 0 123 238 139 80 0 
5.911 122 117 117 137 114 98 0 0 106 97 0 137 108 102 0 146 109 86 0 123 238 139 80 0 
5.921 122 117 117 137 114 98 0 0 106 97 0 137 108 102 0 146 109 86 0 123 238 139 80 0 
5.931 122 117 117 137 114 98 0 0 106 97 0 137 108 102 0 146 109 86 0 123 238 139 80 0 
5.941 122 117 117 137 114 98 0 0 106 97 0 137 108 102 0 146 109 86 0 123 238 139 80 0 
5.951 122 117 117 137 114 98 0 0 106 97 0 137 108 102 0 146 109 86 0 123 238 139 80 0 
5.961 122 117 117 137 114 98 0 0 106 97 0 137 108 102 0 146 109 86 0 123 238 139 80 0 
5.971 122 117 117 137 114 98 0 0 106 97 0 137 108 102 0 146 109 86 0 123 238 139 80 0 
5.981 122 117 117 137 114 98 0 0 106 97 0 137 108 102 0 146 109 86 0 123 238 139 80 0 
5.991 122 117 117 137 114 98 0 0 106 97 0 137 108 102 0 146 109 86 0 123 238 139 80 0 
6.001 122 117 117 137 114 98 0 0 106 97 0 137 108 102 0 146 109 86 0 123 238 139 80 0 
6.011 122 117 117 137 114 98 0 0 106 97 0 137 108 102 0 146 109 86 0 123 238 139 80 0 
6.021 122 117 117 137 114 98 0 0 106 97 0 137 108 102 0 146 109 86 0 123 238 139 80 0 
6.031 122 117 117 137 114 98 0 0 106 97 0 137 108 102 0 146 109 86 0 123 238 139 80 0 
6.041 122 117 117 137 114 98 0 0 106 97 0 137 108 102 0 146 109 86 0 123 238 139 80 0 
6.051 122 117 117 137 114 98 0 0 106 97 0 137 108 102 0 146 109 86 0 123 238 139 80 0 
6.061 122 117 117 137 114 98 0 0 106 97 0 137 108 102 0 146 109 86 0 123 238 139 80 0 
6.071 122 117 117 137 114 98 0 0 106 97 0 137 108 102 0 146 109 86 0 123 238 139 80 0 
6.081 122 117 117 137 114 98 0 0 106 97 0 137 108 102 0 146 109 86 0 123 238 139 80 0 
6.091 122 117 117 137 114 98 0 0 106 97 0 137 108 102 0 146 109 86 0 123 238 139 80 0 
6.101 122 117 117 137 114 98 0 0 106 97 0 137 108 102 0 146 109 86 0 123 238 139 80 0 
6.111 122 117 117 137 114 98 0 0 106 97 0 137 108 102 0 146 109 86 0 123 238 139 80 0 
6.121 122 117 117 137 114 98 0 0 106 97 0 137 108 102 0 146 109 86 0 123 238 139 80 0 
6.131 122 117 117 137 114 98 0 0 106 97 0 137 108 102 0 146 109 86 0 123 238 139 80 0 
6.141 122 117 117 137 114 98 0 0 106 97 0 137 108 102 0 146 109 86 0 123 238 139 80 0 
6.153 122 117 117 137 114 98 0 0 106 97 0 137 108 102 0 146 109 86 0 123 238 139 80 0 
6.161 122 117 117 137 114 98 0 0 106 97 0 137 108 102 0 146 109 86 0 123 238 139 80 0 
6.171 122 117 117 137 114 98 0 0 106 97 0 137 108 102 0 146 109 86 0 123 238 139 80 0 
6.181 122 117 117 137 114 98 0 0 106 97 0 137 108 102 0 146 109 86 0 123 238 139 80 0 
6.191 122 117 117 137 114 98 0 0 106 97 0 137 108 102 0 146 109 86 0 123 238 139 80 0 
6.201 122 117 117 137 114 98 0 0 106 97 0 137 108 102 0 146 109 86 0 123 238 139 80 0 
6.211 122 117 117 137 114 98 0 0 106 97 0 137 108 102 0 146 109 86 0 123 238 139 80 0 
6.221 122 117 117 137 114 98 0 0 106 97 0 137 108 102 0 146 109 86 0 123 238 139 80 0 
6.231 122 117 117 137 114 98 0 0 106 97 0 137 108 102 0 146 109 86 0 123 238 139 80 0 
6.241 122 117 117 137 114 98 0 0 106 97 0 137 108 102 0 146 109 86 0 123 238 139 80 0 
6.251 122 117 117 137 114 98 0 0 106 97 0 137 108 102 0 146 109 86 0 123 238 139 80 0 
6.261 122 117 117 137 114 98 0 0 106 97 0 137 108 102 0 146 109 86 0 123 238 139 80 0 
6.271 122 117 117 137 114 98 0 0 106 97 0 137 108 102 0 146 109 86 0 123 238 139 80 0 
6.281 122 117 117 137 114 98 0 0 106 97 0 137 108 102 0 146 109 86 0 123 238 139 80 0 
6.291 122 117 117 137 114 98 0 0 106 97 0 137 108 102 0 146 109 86 0 123 238 139 80 0 
6.301 122 117 117 137 114 98 0 0 106 97 0 137 108 102 0 146 109 86 0 123 238 139 80 0 
6.311 122 117 117 137 114 98 0 0 106 97 0 137 108 102 0 146 109 86 0 123 238 139 80 0 
6.321 122 117 117 137 114 98 0 0 106 97 0 137 108 102 0 146 109 86 0 123 238 139 80 0 
6.331 122 117 117 137 114 98 0 0 106 97 0 137 108 102 0 146 109 86 0 123 238 139 80 0 
6.341 122 117 117 137 114 98 0 0 106 97 0 137 108 102 0 146 109 86 0 123 238 139 80 0 
6.351 122 117 117 137 114 98 0 0 106 97 0 137 108 102 0 146 109 86 0 123 238 139 80 0 
6.361 122 117 117 137 114 98 0 0 106 97 0 137 108 102 0 146 109 86 0 123 238 139 80 0 
6.371 122 117 117 137 114 98 0 0 106 97 0 137 108 102 0 146 109 86 0 123 238 139 80 0 
6.381 122 117 117 137 114 98 0 0 106 97 0 137 108 102 0 146 109 86 0 123 238 139 80 0 
6.391 122 117 117 137 114 98 0 0 106 97 0 137 108 102 0 146 109 86 0 123 238 139 80 0 
6.401 122 117 117 137 114 98 0 0 106 97 0 137 108 102 0 146 109 86 0 123 238 139 80 0 
6.411 122 117 117 137 114 98 0 0 106 97 0 137 108 102 0 146 109 86 0 123 238 139 80 0 
6.421 122 117 117 137 114 98 0 0 106 97 0 137 108 102 0 146 109 86 0 123 238 139 80 0 
6.431 122 117 117 137 114 98 0 0 106 97 0 137 108 102 0 146 109 86 0 123 238 139 80 0 
6.441 122 117 117 137 114 98 0 0 106 97 0 137 108 102 0 146 109 86 0 123 238 139 80 0 
6.451 122 117 117 137 114 98 0 0 106 97 0 137 108 102 0 146 109 86 0 123 238 139 80 0 
6.461 122 117 117 137 114 98 0 0 106 97 0 137 108 102 0 146 109 86 0 123 238 139 80 0 
6.471 122 117 117 137 114 98 0 0 106 97 0 137 108 102 0 146 109 86 0 123 238 139 80 0 
6.481 122 117 117 137 114 98 0 0 106 97 0 137 108 102 0 146 109 86 0 123 238 139 80 0 
6.491 122 117 117 137 114 98 0 0 106 97 0 137 108 102 0 146 109 86 0 123 238 139 80 0 
6.501 122 117 117 137 114 98 0 0 106 97 0 137 108 102 0 146 109 86 0 123 238 139 80 0 
6.511 122 117 117 137 114 98 0 0 106 97 0 137 108 102 0 146 109 86 0 123 238 139 80 0 
6.521 122 117 117 137 114 98 0 0 106 97 0 137 108 102 0 146 109 86 0 123 238 139 80 0 
6.531 122 117 117 137 114 98 0 0 106 97 0 137 108 102 0 146 109 86 0 123 238 139 80 0 
6.541 122 117 117 137 114 98 0 0 106 97 0 137 108 102 0 146 109 86 0 123 238 139 80 0 
6.551 122 117 117 137 114 98 0 0 106 97 0 137 108 102 0 146 109 86 0 123 238 139 80 0 
6.561 122 117 117 137 114 98 0 0 106 97 0 137 108 102 0 146 109 86 0 123 238 139 80 0 
6.571 122 117 117 137 114 98 0 0 106 97 0 137 108 102 0 146 109 86 0 123 238 139 80 0 
6.581 122 117 117 137 114 98 0 0 106 97 0 137 108 102 0 146 109 86 0 123 238 139 80 0 
6.591 122 117 117 137 114 98 0 0 106 97 0 137 108 102 0 146 109 86 0 123 238 139 80 0 
6.601 122 117 117 137 114 98 0 0 106 97 0 137 108 102 0 146 109 86 0 123 238 139 80 0 
6.611 122 117 117 137 114 98 0 0 106 97 0 137 108 102 0 146 109 86 0 123 238 139 80 0 
6.621 122 117 117 137 114 98 0 0 106 97 0 137 108 102 0 146 109 86 0 123 238 139 80 0 
6.631 122 117 117 137 114 98 0 0 106 97 0 137 108 102 0 146 109 86 0 123 238 139 80 0 
6.641 122 117 117 137 114 98 0 0 106 97 0 137 108 102 0 146 109 86 0 123 238 139 80 0 
6.651 122 117 117 137 114 98 0 0 106 97 0 137 108 102 0 146 109 86 0 123 238 139 80 0 
6.661 122 117 117 137 114 98 0 0 106 97 0 137 108 102 0 146 109 86 0 123 238 139 80 0 
6.672 122 117 117 137 114 98 0 0 106 97 0 137 108 102 0 146 109 86 0 123 238 139 80 0 
6.681 122 117 117 137 114 98 0 0 106 97 0 137 108 102 0 146 109 86 0 123 238 139 80 0 
6.691 122 117 117 137 114 98 0 0 106 97 0 137 108 102 0 146 109 86 0 123 238 139 80 0 
6.701 122 117 117 137 114 98 0 0 106 97 0 137 108 102 0 146 109 86 0 123 238 139 80 0 
6.711 122 117 117 137 114 98 0 0 106 97 0 137 108 102 0 146 109 86 0 123 238 139 80 0 
6.721 122 117 117 137 114 98 0 0 106 97 0 137 108 102 0 146 109 86 0 123 238 139 80 0 
6.731 122 117 117 137 114 98 0 0 106 97 0 137 108 102 0 146 109 86 0 123 238 139 80 0 
6.741 122 117 117 137 114 98 0 0 106 97 0 137 108 102 0 146 109 86 0 123 238 139 80 0 
6.751 122 117 117 137 114 98 0 0 106 97 0 137 108 102 0 146 109 86 0 123 238 139 80 0 
6.761 122 117 117 137 114 98 0 0 106 97 0 137 108 102 0 146 109 86 0 123 238 139 80 0 
6.771 122 117 117 137 114 98 0 0 106 97 0 137 108 102 0 146 109 86 0 123 238 139 80 0 
6.781 122 117 117 137 114 98 0 0 106 97 0 137 108 102 0 146 109 86 0 123 238 139 80 0 
6.791 122 117 117 137 114 98 0 0 106 97 0 137 108 102 0 146 109 86 0 123 238 139 80 0 
6.805 122 117 117 137 114 98 0 0 106 97 0 137 108 102 0 146 109 86 0 123 238 139 80 0 
6.811 122 117 117 137 114 98 0 0 106 97 0 137 108 102 0 146 109 86 0 123 238 139 80 0 
6.821 122 117 117 137 114 98 0 0 106 97 0 137 108 102 0 146 109 86 0 123 238 139 80 0 
6.831 122 117 117 137 114 98 0 0 106 97 0 137 108 102 0 146 109 86 0 123 238 139 80 0 
6.841 122 117 117 137 114 98 0 0 106 97 0 137 108 102 0 146 109 86 0 123 238 139 80 0 
6.851 122 117 117 137 114 98 0 0 106 97 0 137 108 102 0 146 109 86 0 123 238 139 80 0 
6.861 122 117 117 137 114 98 0 0 106 97 0 137 108 102 0 146 109 86 0 123 238 139 80 0 
6.871 122 117 117 137 114 98 0 0 106 97 0 137 108 102 0 146 109 86 0 123 238 139 80 0 
6.881 122 117 117 137 114 98 0 0 106 97 0 137 108 102 0 146 109 86 0 123 238 139 80 0 
6.891 122 117 117 137 114 98 0 0 106 97 0 137 108 102 0 146 109 86 0 123 238 139 80 0 
6.901 122 117 117 137 114 98 0 0 106 97 0 137 108 102 0 146 109 86 0 123 238 139 80 0 
6.911 122 117 117 137 114 98 0 0 106 97 0 137 108 102 0 146 109 86 0 123 238 139 80 0 
6.921 122 117 117 137 114 98 0 0 106 97 0 137 108 102 0 146 109 86 0 123 238 139 80 0 
6.931 122 117 117 137 114 98 0 0 106 97 0 137 108 102 0 146 109 86 0 123 238 139 80 0 
6.941 122 117 117 137 114 98 0 0 106 97 0 137 108 102 0 146 109 86 0 123 238 139 80 0 
6.951 122 117 117 137 114 98 0 0 106 97 0 137 108 102 0 146 109 86 0 123 238 139 80 0 
6.961 122 117 117 137 114 98 0 0 106 97 0 137 108 102 0 146 109 86 0 123 238 139 80 0 
6.971 122 117 117 137 114 98 0 0 106 97 0 137 108 102 0 146 109 86 0 123 238 139 80 0 
6.981 122 117 117 137 114 98 0 0 106 97 0 137 108 102 0 146 109 86 0 123 238 139 80 0 
6.991 122 117 117 137 114 98 0 0 106 97 0 137 108 102 0 146 109 86 0 123 238 139 80 0 
7.001 122 117 117 137 114 98 0 0 106 97 0 137 108 102 0 146 109 86 0 123 238 139 80 0 
7.011 122 117 117 137 114 98 0 0 106 97 0 137 108 102 0 146 109 86 0 123 238 139 80 0 
7.021 122 117 117 137 114 98 0 0 106 97 0 137 108 102 0 146 109 86 0 123 238 139 80 0 
7.031 122 117 117 137 114 98 0 0 106 97 0 137 108 102 0 146 109 86 0 123 238 139 80 0 
7.041 122 117 117 137 114 98 0 0 106 97 0 137 108 102 0 146 109 86 0 123 238 139 80 0 
7.051 122 117 117 137 114 98 0 0 106 97 0 137 108 102 0 146 109 86 0 123 238 139 80 0 
7.061 122 117 117 137 114 98 0 0 106 97 0 137 108 102 0 146 109 86 0 123 238 139 80 0 
7.071 122 117 117 137 114 98 0 0 106 97 0 137 108 102 0 146 109 86 0 123 238 139 80 0 
7.081 122 117 117 137 114 98 0 0 106 97 0 137 108 102 0 146 109 86 0 123 238 139 80 0 
7.091 122 117 117 137 114 98 0 0 106 97 0 137 108 102 0 146 109 86 0 123 238 139 80 0 
7.101 122 117 117 137 114 98 0 0 106 97 0 137 108 102 0 146 109 86 0 123 238 139 80 0 
7.111 122 117 117 137 114 98 0 0 106 97 0 137 108 102 0 146 109 86 0 123 238 139 80 0 
7.121 122 117 117 137 114 98 0 0 106 97 0 137 108 102 0 146 109 86 0 123 238 139 80 0 
7.131 122 117 117 137 114 98 0 0 106 97 0 137 108 102 0 146 109 86 0 123 238 139 80 0 
7.141 122 117 117 137 114 98 0 0 106 97 0 137 108 102 0 146 109 86 0 123 238 139 80 0 
7.151 122 117 117 137 114 98 0 0 106 97 0 137 108 102 0 146 109 86 0 123 238 139 80 0 
7.161 122 117 117 137 114 98 0 0 106 97 0 137 108 102 0 146 109 86 0 123 238 139 80 0 
7.171 122 117 117 137 114 98 0 0 106 97 0 137 108 102 0 146 109 86 0 123 238 139 80 0 
7.181 122 117 117 137 114 98 0 0 106 97 0 137 108 102 0 146 109 86 0 123 238 139 80 0 
7.191 122 117 117 137 114 98 0 0 106 97 0 137 108 102 0 146 109 86 0 123 238 139 80 0 
7.201 122 117 117 137 114 98 0 0 106 97 0 137 108 102 0 146 109 86 0 123 238 139 80 0 
7.211 122 117 117 137 114 98 0 0 106 97 0 137 108 102 0 146 109 86 0 123 238 139 80 0 
7.221 122 117 117 137 114 98 0 0 106 97 0 137 108 102 0 146 109 86 0 123 238 139 80 0 
7.231 122 117 117 137 114 98 0 0 106 97 0 137 108 102 0 146 109 86 0 123 238 139 80 0 
7.241 122 117 117 137 114 98 0 0 106 97 0 137 108 102 0 146 109 86 0 123 238 139 80 0 
7.251 122 117 117 137 114 98 0 0 106 97 0 137 108 102 0 146 109 86 0 123 238 139 80 0 
7.261 122 117 117 137 114 98 0 0 106 97 0 137 108 102 0 146 109 86 0 123 238 139 80 0 
7.271 122 117 117 137 114 98 0 0 106 97 0 137 108 102 0 146 109 86 0 123 238 139 80 0 
7.281 122 117 117 137 114 98 0 0 106 97 0 137 108 102 0 146 109 86 0 123 238 139 80 0 
7.291 122 117 117 137 114 98 0 0 106 97 0 137 108 102 0 146 109 86 0 123 238 139 80 0 
7.301 122 117 117 137 114 98 0 0 106 97 0 137 108 102 0 146 109 86 0 123 238 139 80 0 
7.311 122 117 117 137 114 98 0 0 106 97 0 137 108 102 0 146 109 86 0 123 238 139 80 0 
7.321 122 117 117 137 114 98 0 0 106 97 0 137 108 102 0 146 109 86 0 123 238 139 80 0 
7.333 122 117 117 137 114 98 0 0 106 97 0 137 108 102 0 146 109 86 0 123 238 139 80 0 
7.341 122 117 117 137 114 98 0 0 106 97 0 137 108 102 0 146 109 86 0 123 238 139 80 0 
7.351 122 117 117 137 114 98 0 0 106 97 0 137 108 102 0 146 109 86 0 123 238 139 80 0 
7.361 122 117 117 137 114 98 0 0 106 97 0 137 108 102 0 146 109 86 0 123 238 139 80 0 
7.371 122 117 117 137 114 98 0 0 106 97 0 137 108 102 0 146 109 86 0 123 238 139 80 0 
7.381 122 117 117 137 114 98 0 0 106 97 0 137 108 102 0 146 109 86 0 123 238 139 80 0 
7.391 122 117 117 137 114 98 0 0 106 97 0 137 108 102 0 146 109 86 0 123 238 139 80 0 
7.401 122 117 117 137 114 98 0 0 106 97 0 137 108 102 0 146 109 86 0 123 238 139 80 0 
7.411 122 117 117 137 114 98 0 0 106 97 0 137 108 102 0 146 109 86 0 123 238 139 80 0 
7.421 122 117 117 137 114 98 0 0 106 97 0 137 108 102 0 146 109 86 0 123 238 139 80 0 
7.431 122 117 117 137 114 98 0 0 106 97 0 137 108 102 0 146 109 86 0 123 238 139 80 0 
7.441 122 117 117 137 114 98 0 0 106 97 0 137 108 102 0 146 109 86 0 123 238 139 80 0 
7.451 122 117 117 137 114 98 0 0 106 97 0 137 108 102 0 146 109 86 0 123 238 139 80 0 
7.465 122 117 117 137 114 98 0 0 106 97 0 137 108 102 0 146 109 86 0 123 238 139 80 0 
7.471 122 117 117 137 114 98 0 0 106 97 0 137 108 102 0 146 109 86 0 123 238 139 80 0 
7.481 122 117 117 137 114 98 0 0 106 97 0 137 108 102 0 146 109 86 0 123 238 139 80 0 
7.491 122 117 117 137 114 98 0 0 106 97 0 137 108 102 0 146 109 86 0 123 238 139 80 0 
7.501 122 117 117 137 114 98 0 0 106 97 0 137 108 102 0 146 109 86 0 123 238 139 80 0 
7.511 122 117 117 137 114 98 0 0 106 97 0 137 108 102 0 146 109 86 0 123 238 139 80 0 
7.521 122 117 117 137 114 98 0 0 106 97 0 137 108 102 0 146 109 86 0 123 238 139 80 0 
7.531 122 117 117 137 114 98 0 0 106 97 0 137 108 102 0 146 109 86 0 123 238 139 80 0 
7.541 122 117 117 137 114 98 0 0 106 97 0 137 108 102 0 146 109 86 0 123 238 139 80 0 
7.551 122 117 117 137 114 98 0 0 106 97 0 137 108 102 0 146 109 86 0 123 238 139 80 0 
7.561 122 117 117 137 114 98 0 0 106 97 0 137 108 102 0 146 109 86 0 123 238 139 80 0 
7.571 122 117 117 137 114 98 0 0 106 97 0 137 108 102 0 146 109 86 0 123 238 139 80 0 
7.581 122 117 117 137 114 98 0 0 106 97 0 137 108 102 0 146 109 86 0 123 238 139 80 0 
7.591 122 117 117 137 114 98 0 0 106 97 0 137 108 102 0 146 109 86 0 123 238 139 80 0 
7.601 122 117 117 137 114 98 0 0 106 97 0 137 108 102 0 146 109 86 0 123 238 139 80 0 
7.611 122 117 117 137 114 98 0 0 106 97 0 137 108 102 0 146 109 86 0 123 238 139 80 0 
7.621 122 117 117 137 114 98 0 0 106 97 0 137 108 102 0 146 109 86 0 123 238 139 80 0 
7.631 122 117 117 137 114 98 0 0 106 97 0 137 108 102 0 146 109 86 0 123 238 139 80 0 
