Hora de inicio de la toma de datos: 12:23:07
AT(s) ROLL1(udig) MCF1 IFD1 A1 MCF2 IFP2 IFD2(*) A2(**) MCF3 IFP3 IFD3(*) A3 MCF4 IFP4 IFD4(*) A4 MCF5 IFP5 IFD5(*) A5 ROLL5 C C_Ano usado
0.01 115 115 115 137 111 99 0 0 102 106 0 133 104 116 0 143 103 97 0 119 234 137 73 0 
0.02 115 115 115 137 111 99 0 0 102 106 0 133 104 116 0 143 103 97 0 119 234 137 73 0 
0.03 115 115 115 137 111 99 0 0 102 106 0 133 104 116 0 143 103 97 0 119 234 137 73 0 
0.04 115 115 115 137 111 99 0 0 102 106 0 133 104 116 0 143 103 97 0 119 234 137 73 0 
0.05 115 115 115 137 111 99 0 0 102 106 0 133 104 116 0 143 103 97 0 119 234 137 73 0 
0.06 115 115 115 137 111 99 0 0 102 106 0 133 104 116 0 143 103 97 0 119 234 137 73 0 
0.07 115 115 115 137 111 99 0 0 102 106 0 133 104 116 0 143 103 97 0 119 234 137 73 0 
0.08 115 115 115 137 111 99 0 0 102 106 0 133 104 116 0 143 103 97 0 119 234 137 73 0 
0.09 115 115 115 137 111 99 0 0 102 106 0 133 104 116 0 143 103 97 0 119 234 137 73 0 
0.1 115 115 115 137 111 99 0 0 102 106 0 133 104 116 0 143 103 97 0 119 234 137 73 0 
0.11 115 115 115 137 111 99 0 0 102 106 0 133 104 116 0 143 103 97 0 119 234 137 73 0 
0.12 115 115 115 137 111 99 0 0 102 106 0 133 104 116 0 143 103 97 0 119 234 137 73 0 
0.13 115 115 115 137 111 99 0 0 102 106 0 133 104 116 0 143 103 97 0 119 234 137 73 0 
0.14 115 115 115 137 111 99 0 0 102 106 0 133 104 116 0 143 103 97 0 119 234 137 73 0 
0.15 115 115 115 137 111 99 0 0 102 106 0 133 104 116 0 143 103 97 0 119 234 137 73 0 
0.16 115 115 115 137 111 99 0 0 102 106 0 133 104 116 0 143 103 97 0 119 234 137 73 0 
0.171 115 115 115 137 111 99 0 0 102 106 0 133 104 116 0 143 103 97 0 119 234 137 73 0 
0.181 115 115 115 137 111 99 0 0 102 106 0 133 104 116 0 143 103 97 0 119 234 137 73 0 
0.191 115 115 115 137 111 99 0 0 102 106 0 133 104 116 0 143 103 97 0 119 234 137 73 0 
0.201 115 115 115 137 111 99 0 0 102 106 0 133 104 116 0 143 103 97 0 119 234 137 73 0 
0.211 115 115 115 137 111 99 0 0 102 106 0 133 104 116 0 143 103 97 0 119 234 137 73 0 
0.221 115 115 115 137 111 99 0 0 102 106 0 133 104 116 0 143 103 97 0 119 234 137 73 0 
0.231 115 115 115 137 111 99 0 0 102 106 0 133 104 116 0 143 103 97 0 119 234 137 73 0 
0.241 115 115 115 137 111 99 0 0 102 106 0 133 104 116 0 143 103 97 0 119 234 137 73 0 
0.251 115 115 115 137 111 99 0 0 102 106 0 133 104 116 0 143 103 97 0 119 234 137 73 0 
0.261 115 115 115 137 111 99 0 0 102 106 0 133 104 116 0 143 103 97 0 119 234 137 73 0 
0.271 115 115 115 137 111 99 0 0 102 106 0 133 104 116 0 143 103 97 0 119 234 137 73 0 
0.281 115 115 115 137 111 99 0 0 102 106 0 133 104 116 0 143 103 97 0 119 234 137 73 0 
0.29 115 115 115 137 111 99 0 0 102 106 0 133 104 116 0 143 103 97 0 119 234 137 73 0 
0.3 115 115 115 137 111 99 0 0 102 106 0 133 104 116 0 143 103 97 0 119 234 137 73 0 
0.31 115 115 115 137 111 99 0 0 102 106 0 133 104 116 0 143 103 97 0 119 234 137 73 0 
0.32 115 115 115 137 111 99 0 0 102 106 0 133 104 116 0 143 103 97 0 119 234 137 73 0 
0.33 115 115 115 137 111 99 0 0 102 106 0 133 104 116 0 143 103 97 0 119 234 137 73 0 
0.34 115 115 115 137 111 99 0 0 102 106 0 133 104 116 0 143 103 97 0 119 234 137 73 0 
0.35 115 115 115 137 111 99 0 0 102 106 0 133 104 116 0 143 103 97 0 119 234 137 73 0 
0.36 115 115 115 137 111 99 0 0 102 106 0 133 104 116 0 143 103 97 0 119 234 137 73 0 
0.37 115 115 115 137 111 99 0 0 102 106 0 133 104 116 0 143 103 97 0 119 234 137 73 0 
0.38 115 115 115 137 111 99 0 0 102 106 0 133 104 116 0 143 103 97 0 119 234 137 73 0 
0.39 115 115 115 137 111 99 0 0 102 106 0 133 104 116 0 143 103 97 0 119 234 137 73 0 
0.4 115 115 115 137 111 99 0 0 102 106 0 133 104 116 0 143 103 97 0 119 234 137 73 0 
0.41 115 115 115 137 111 99 0 0 102 106 0 133 104 116 0 143 103 97 0 119 234 137 73 0 
0.42 115 115 115 137 111 99 0 0 102 106 0 133 104 116 0 143 103 97 0 119 234 137 73 0 
0.43 115 115 115 137 111 99 0 0 102 106 0 133 104 116 0 143 103 97 0 119 234 137 73 0 
0.44 115 115 115 137 111 99 0 0 102 106 0 133 104 116 0 143 103 97 0 119 234 137 73 0 
0.45 115 115 115 137 111 99 0 0 102 106 0 133 104 116 0 143 103 97 0 119 234 137 73 0 
0.46 115 115 115 137 111 99 0 0 102 106 0 133 104 116 0 143 103 97 0 119 234 137 73 0 
0.47 115 115 115 137 111 99 0 0 102 106 0 133 104 116 0 143 103 97 0 119 234 137 73 0 
0.48 115 115 115 137 111 99 0 0 102 106 0 133 104 116 0 143 103 97 0 119 234 137 73 0 
0.491 115 115 115 137 111 99 0 0 102 106 0 133 104 116 0 143 103 97 0 119 234 137 73 0 
0.5 115 115 115 137 111 99 0 0 102 106 0 133 104 116 0 143 103 97 0 119 234 137 73 0 
0.51 115 115 115 137 111 99 0 0 102 106 0 133 104 116 0 143 103 97 0 119 234 137 73 0 
0.52 115 115 115 137 111 99 0 0 102 106 0 133 104 116 0 143 103 97 0 119 234 137 73 0 
0.53 115 115 115 137 111 99 0 0 102 106 0 133 104 116 0 143 103 97 0 119 234 137 73 0 
0.54 115 115 115 137 111 99 0 0 102 106 0 133 104 116 0 143 103 97 0 119 234 137 73 0 
0.55 115 115 115 137 111 99 0 0 102 106 0 133 104 116 0 143 103 97 0 119 234 137 73 0 
0.56 115 115 115 137 111 99 0 0 102 106 0 133 104 116 0 143 103 97 0 119 234 137 73 0 
0.57 115 115 115 137 111 99 0 0 102 106 0 133 104 116 0 143 103 97 0 119 234 137 73 0 
0.58 115 115 115 137 111 99 0 0 102 106 0 133 104 116 0 143 103 97 0 119 234 137 73 0 
0.59 115 115 115 137 111 99 0 0 102 106 0 133 104 116 0 143 103 97 0 119 234 137 73 0 
0.6 115 115 115 137 111 99 0 0 102 106 0 133 104 116 0 143 103 97 0 119 234 137 73 0 
0.61 115 115 115 137 111 99 0 0 102 106 0 133 104 116 0 143 103 97 0 119 234 137 73 0 
0.62 115 115 115 137 111 99 0 0 102 106 0 133 104 116 0 143 103 97 0 119 234 137 73 0 
0.63 115 115 115 137 111 99 0 0 102 106 0 133 104 116 0 143 103 97 0 119 234 137 73 0 
0.64 115 115 115 137 111 99 0 0 102 106 0 133 104 116 0 143 103 97 0 119 234 137 73 0 
0.65 115 115 115 137 111 99 0 0 102 106 0 133 104 116 0 143 103 97 0 119 234 137 73 0 
0.66 115 115 115 137 111 99 0 0 102 106 0 133 104 116 0 143 103 97 0 119 234 137 73 0 
0.67 115 115 115 137 111 99 0 0 102 106 0 133 104 116 0 143 103 97 0 119 234 137 73 0 
0.68 115 115 115 137 111 99 0 0 102 106 0 133 104 116 0 143 103 97 0 119 234 137 73 0 
0.69 115 115 115 137 111 99 0 0 102 106 0 133 104 116 0 143 103 97 0 119 234 137 73 0 
0.7 115 115 115 137 111 99 0 0 102 106 0 133 104 116 0 143 103 97 0 119 234 137 73 0 
0.71 115 115 115 137 111 99 0 0 102 106 0 133 104 116 0 143 103 97 0 119 234 137 73 0 
0.72 115 115 115 137 111 99 0 0 102 106 0 133 104 116 0 143 103 97 0 119 234 137 73 0 
0.73 115 115 115 137 111 99 0 0 102 106 0 133 104 116 0 143 103 97 0 119 234 137 73 0 
0.74 115 115 115 137 111 99 0 0 102 106 0 133 104 116 0 143 103 97 0 119 234 137 73 0 
0.75 115 115 115 137 111 99 0 0 102 106 0 133 104 116 0 143 103 97 0 119 234 137 73 0 
0.76 115 115 115 137 111 99 0 0 102 106 0 133 104 116 0 143 103 97 0 119 234 137 73 0 
0.77 115 115 115 137 111 99 0 0 102 106 0 133 104 116 0 143 103 97 0 119 234 137 73 0 
0.78 115 115 115 137 111 99 0 0 102 106 0 133 104 116 0 143 103 97 0 119 234 137 73 0 
0.79 115 115 115 137 111 99 0 0 102 106 0 133 104 116 0 143 103 97 0 119 234 137 73 0 
0.8 115 115 115 137 111 99 0 0 102 106 0 133 104 116 0 143 103 97 0 119 234 137 73 0 
0.81 115 115 115 137 111 99 0 0 102 106 0 133 104 116 0 143 103 97 0 119 234 137 73 0 
0.82 115 115 115 137 111 99 0 0 102 106 0 133 104 116 0 143 103 97 0 119 234 137 73 0 
0.83 115 115 115 137 111 99 0 0 102 106 0 133 104 116 0 143 103 97 0 119 234 137 73 0 
0.84 115 115 115 137 111 99 0 0 102 106 0 133 104 116 0 143 103 97 0 119 234 137 73 0 
0.85 115 115 115 137 111 99 0 0 102 106 0 133 104 116 0 143 103 97 0 119 234 137 73 0 
0.86 115 115 115 137 111 99 0 0 102 106 0 133 104 116 0 143 103 97 0 119 234 137 73 0 
0.87 115 115 115 137 111 99 0 0 102 106 0 133 104 116 0 143 103 97 0 119 234 137 73 0 
0.88 115 115 115 137 111 99 0 0 102 106 0 133 104 116 0 143 103 97 0 119 234 137 73 0 
0.89 115 115 115 137 111 99 0 0 102 106 0 133 104 116 0 143 103 97 0 119 234 137 73 0 
0.9 115 115 115 137 111 99 0 0 102 106 0 133 104 116 0 143 103 97 0 119 234 137 73 0 
0.91 115 115 115 137 111 99 0 0 102 106 0 133 104 116 0 143 103 97 0 119 234 137 73 0 
0.92 115 115 115 137 111 99 0 0 102 106 0 133 104 116 0 143 103 97 0 119 234 137 73 0 
0.93 115 115 115 137 111 99 0 0 102 106 0 133 104 116 0 143 103 97 0 119 234 137 73 0 
0.94 115 115 115 137 111 99 0 0 102 106 0 133 104 116 0 143 103 97 0 119 234 137 73 0 
0.95 115 115 115 137 111 99 0 0 102 106 0 133 104 116 0 143 103 97 0 119 234 137 73 0 
0.96 115 115 115 137 111 99 0 0 102 106 0 133 104 116 0 143 103 97 0 119 234 137 73 0 
0.97 115 115 115 137 111 99 0 0 102 106 0 133 104 116 0 143 103 97 0 119 234 137 73 0 
0.98 115 115 115 137 111 99 0 0 102 106 0 133 104 116 0 143 103 97 0 119 234 137 73 0 
0.99 115 115 115 137 111 99 0 0 102 106 0 133 104 116 0 143 103 97 0 119 234 137 73 0 
1 115 115 115 137 111 99 0 0 102 106 0 133 104 116 0 143 103 97 0 119 234 137 73 0 
1.01 115 115 115 137 111 99 0 0 102 106 0 133 104 116 0 143 103 97 0 119 234 137 73 0 
1.02 115 115 115 137 111 99 0 0 102 106 0 133 104 116 0 143 103 97 0 119 234 137 73 0 
1.03 115 115 115 137 111 99 0 0 102 106 0 133 104 116 0 143 103 97 0 119 234 137 73 0 
1.04 115 115 115 137 111 99 0 0 102 106 0 133 104 116 0 143 103 97 0 119 234 137 73 0 
1.05 115 115 115 137 111 99 0 0 102 106 0 133 104 116 0 143 103 97 0 119 234 137 73 0 
1.06 115 115 115 137 111 99 0 0 102 106 0 133 104 116 0 143 103 97 0 119 234 137 73 0 
1.07 115 115 115 137 111 99 0 0 102 106 0 133 104 116 0 143 103 97 0 119 234 137 73 0 
1.08 115 115 115 137 111 99 0 0 102 106 0 133 104 116 0 143 103 97 0 119 234 137 73 0 
1.09 115 115 115 137 111 99 0 0 102 106 0 133 104 116 0 143 103 97 0 119 234 137 73 0 
1.1 115 115 115 137 111 99 0 0 102 106 0 133 104 116 0 143 103 97 0 119 234 137 73 0 
1.11 115 115 115 137 111 99 0 0 102 106 0 133 104 116 0 143 103 97 0 119 234 137 73 0 
1.12 115 115 115 137 111 99 0 0 102 106 0 133 104 116 0 143 103 97 0 119 234 137 73 0 
1.13 115 115 115 137 111 99 0 0 102 106 0 133 104 116 0 143 103 97 0 119 234 137 73 0 
1.143 115 115 115 137 111 99 0 0 102 106 0 133 104 116 0 143 103 97 0 119 234 137 73 0 
1.15 115 115 115 137 111 99 0 0 102 106 0 133 104 116 0 143 103 97 0 119 234 137 73 0 
1.16 115 115 115 137 111 99 0 0 102 106 0 133 104 116 0 143 103 97 0 119 234 137 73 0 
1.17 115 115 115 137 111 99 0 0 102 106 0 133 104 116 0 143 103 97 0 119 234 137 73 0 
1.18 115 115 115 137 111 99 0 0 102 106 0 133 104 116 0 143 103 97 0 119 234 137 73 0 
1.19 115 115 115 137 111 99 0 0 102 106 0 133 104 116 0 143 103 97 0 119 234 137 73 0 
1.2 115 115 115 137 111 99 0 0 102 106 0 133 104 116 0 143 103 97 0 119 234 137 73 0 
1.21 115 115 115 137 111 99 0 0 102 106 0 133 104 116 0 143 103 97 0 119 234 137 73 0 
1.22 115 115 115 137 111 99 0 0 102 106 0 133 104 116 0 143 103 97 0 119 234 137 73 0 
1.23 115 115 115 137 111 99 0 0 102 106 0 133 104 116 0 143 103 97 0 119 234 137 73 0 
1.24 115 115 115 137 111 99 0 0 102 106 0 133 104 116 0 143 103 97 0 119 234 137 73 0 
1.25 115 115 115 137 111 99 0 0 102 106 0 133 104 116 0 143 103 97 0 119 234 137 73 0 
1.26 115 115 115 137 111 99 0 0 102 106 0 133 104 116 0 143 103 97 0 119 234 137 73 0 
1.27 115 115 115 137 111 99 0 0 102 106 0 133 104 116 0 143 103 97 0 119 234 137 73 0 
1.28 115 115 115 137 111 99 0 0 102 106 0 133 104 116 0 143 103 97 0 119 234 137 73 0 
1.29 115 115 115 137 111 99 0 0 102 106 0 133 104 116 0 143 103 97 0 119 234 137 73 0 
1.3 115 115 115 137 111 99 0 0 102 106 0 133 104 116 0 143 103 97 0 119 234 137 73 0 
1.31 115 115 115 137 111 99 0 0 102 106 0 133 104 116 0 143 103 97 0 119 234 137 73 0 
1.32 115 115 115 137 111 99 0 0 102 106 0 133 104 116 0 143 103 97 0 119 234 137 73 0 
1.33 115 115 115 137 111 99 0 0 102 106 0 133 104 116 0 143 103 97 0 119 234 137 73 0 
1.34 115 115 115 137 111 99 0 0 102 106 0 133 104 116 0 143 103 97 0 119 234 137 73 0 
1.35 115 115 115 137 111 99 0 0 102 106 0 133 104 116 0 143 103 97 0 119 234 137 73 0 
1.36 115 115 115 137 111 99 0 0 102 106 0 133 104 116 0 143 103 97 0 119 234 137 73 0 
1.37 115 115 115 137 111 99 0 0 102 106 0 133 104 116 0 143 103 97 0 119 234 137 73 0 
1.38 115 115 115 137 111 99 0 0 102 106 0 133 104 116 0 143 103 97 0 119 234 137 73 0 
1.39 115 115 115 137 111 99 0 0 102 106 0 133 104 116 0 143 103 97 0 119 234 137 73 0 
1.4 115 115 115 137 111 99 0 0 102 106 0 133 104 116 0 143 103 97 0 119 234 137 73 0 
1.41 115 115 115 137 111 99 0 0 102 106 0 133 104 116 0 143 103 97 0 119 234 137 73 0 
1.42 115 115 115 137 111 99 0 0 102 106 0 133 104 116 0 143 103 97 0 119 234 137 73 0 
1.43 115 115 115 137 111 99 0 0 102 106 0 133 104 116 0 143 103 97 0 119 234 137 73 0 
1.44 115 115 115 137 111 99 0 0 102 106 0 133 104 116 0 143 103 97 0 119 234 137 73 0 
1.45 115 115 115 137 111 99 0 0 102 106 0 133 104 116 0 143 103 97 0 119 234 137 73 0 
1.46 115 115 115 137 111 99 0 0 102 106 0 133 104 116 0 143 103 97 0 119 234 137 73 0 
1.47 115 115 115 137 111 99 0 0 102 106 0 133 104 116 0 143 103 97 0 119 234 137 73 0 
1.48 115 115 115 137 111 99 0 0 102 106 0 133 104 116 0 143 103 97 0 119 234 137 73 0 
1.49 115 115 115 137 111 99 0 0 102 106 0 133 104 116 0 143 103 97 0 119 234 137 73 0 
1.5 115 115 115 137 111 99 0 0 102 106 0 133 104 116 0 143 103 97 0 119 234 137 73 0 
1.51 115 115 115 137 111 99 0 0 102 106 0 133 104 116 0 143 103 97 0 119 234 137 73 0 
1.52 115 115 115 137 111 99 0 0 102 106 0 133 104 116 0 143 103 97 0 119 234 137 73 0 
1.53 115 115 115 137 111 99 0 0 102 106 0 133 104 116 0 143 103 97 0 119 234 137 73 0 
1.54 115 115 115 137 111 99 0 0 102 106 0 133 104 116 0 143 103 97 0 119 234 137 73 0 
1.55 115 115 115 137 111 99 0 0 102 106 0 133 104 116 0 143 103 97 0 119 234 137 73 0 
1.56 115 115 115 137 111 99 0 0 102 106 0 133 104 116 0 143 103 97 0 119 234 137 73 0 
1.57 115 115 115 137 111 99 0 0 102 106 0 133 104 116 0 143 103 97 0 119 234 137 73 0 
1.58 115 115 115 137 111 99 0 0 102 106 0 133 104 116 0 143 103 97 0 119 234 137 73 0 
1.59 115 115 115 137 111 99 0 0 102 106 0 133 104 116 0 143 103 97 0 119 234 137 73 0 
1.6 115 115 115 137 111 99 0 0 102 106 0 133 104 116 0 143 103 97 0 119 234 137 73 0 
1.61 115 115 115 137 111 99 0 0 102 106 0 133 104 116 0 143 103 97 0 119 234 137 73 0 
1.62 115 115 115 137 111 99 0 0 102 106 0 133 104 116 0 143 103 97 0 119 234 137 73 0 
1.63 115 115 115 137 111 99 0 0 102 106 0 133 104 116 0 143 103 97 0 119 234 137 73 0 
1.64 115 115 115 137 111 99 0 0 102 106 0 133 104 116 0 143 103 97 0 119 234 137 73 0 
1.65 115 115 115 137 111 99 0 0 102 106 0 133 104 116 0 143 103 97 0 119 234 137 73 0 
1.66 115 115 115 137 111 99 0 0 102 106 0 133 104 116 0 143 103 97 0 119 234 137 73 0 
1.67 115 115 115 137 111 99 0 0 102 106 0 133 104 116 0 143 103 97 0 119 234 137 73 0 
1.68 115 115 115 137 111 99 0 0 102 106 0 133 104 116 0 143 103 97 0 119 234 137 73 0 
1.69 115 115 115 137 111 99 0 0 102 106 0 133 104 116 0 143 103 97 0 119 234 137 73 0 
1.7 115 115 115 137 111 99 0 0 102 106 0 133 104 116 0 143 103 97 0 119 234 137 73 0 
1.71 115 115 115 137 111 99 0 0 102 106 0 133 104 116 0 143 103 97 0 119 234 137 73 0 
1.72 115 115 115 137 111 99 0 0 102 106 0 133 104 116 0 143 103 97 0 119 234 137 73 0 
1.73 115 115 115 137 111 99 0 0 102 106 0 133 104 116 0 143 103 97 0 119 234 137 73 0 
1.74 115 115 115 137 111 99 0 0 102 106 0 133 104 116 0 143 103 97 0 119 234 137 73 0 
1.75 115 115 115 137 111 99 0 0 102 106 0 133 104 116 0 143 103 97 0 119 234 137 73 0 
1.76 115 115 115 137 111 99 0 0 102 106 0 133 104 116 0 143 103 97 0 119 234 137 73 0 
1.77 115 115 115 137 111 99 0 0 102 106 0 133 104 116 0 143 103 97 0 119 234 137 73 0 
1.78 115 115 115 137 111 99 0 0 102 106 0 133 104 116 0 143 103 97 0 119 234 137 73 0 
1.79 115 115 115 137 111 99 0 0 102 106 0 133 104 116 0 143 103 97 0 119 234 137 73 0 
1.8 115 115 115 137 111 99 0 0 102 106 0 133 104 116 0 143 103 97 0 119 234 137 73 0 
1.81 115 115 115 137 111 99 0 0 102 106 0 133 104 116 0 143 103 97 0 119 234 137 73 0 
1.82 115 115 115 137 111 99 0 0 102 106 0 133 104 116 0 143 103 97 0 119 234 137 73 0 
1.83 115 115 115 137 111 99 0 0 102 106 0 133 104 116 0 143 103 97 0 119 234 137 73 0 
1.84 115 115 115 137 111 99 0 0 102 106 0 133 104 116 0 143 103 97 0 119 234 137 73 0 
1.85 115 115 115 137 111 99 0 0 102 106 0 133 104 116 0 143 103 97 0 119 234 137 73 0 
1.86 115 115 115 137 111 99 0 0 102 106 0 133 104 116 0 143 103 97 0 119 234 137 73 0 
1.87 115 115 115 137 111 99 0 0 102 106 0 133 104 116 0 143 103 97 0 119 234 137 73 0 
1.88 115 115 115 137 111 99 0 0 102 106 0 133 104 116 0 143 103 97 0 119 234 137 73 0 
1.89 115 115 115 137 111 99 0 0 102 106 0 133 104 116 0 143 103 97 0 119 234 137 73 0 
1.9 115 115 115 137 111 99 0 0 102 106 0 133 104 116 0 143 103 97 0 119 234 137 73 0 
1.91 115 115 115 137 111 99 0 0 102 106 0 133 104 116 0 143 103 97 0 119 234 137 73 0 
1.92 115 115 115 137 111 99 0 0 102 106 0 133 104 116 0 143 103 97 0 119 234 137 73 0 
1.93 115 115 115 137 111 99 0 0 102 106 0 133 104 116 0 143 103 97 0 119 234 137 73 0 
1.94 115 115 115 137 111 99 0 0 102 106 0 133 104 116 0 143 103 97 0 119 234 137 73 0 
1.95 115 115 115 137 111 99 0 0 102 106 0 133 104 116 0 143 103 97 0 119 234 137 73 0 
1.96 115 115 115 137 111 99 0 0 102 106 0 133 104 116 0 143 103 97 0 119 234 137 73 0 
1.97 115 115 115 137 111 99 0 0 102 106 0 133 104 116 0 143 103 97 0 119 234 137 73 0 
1.98 115 115 115 137 111 99 0 0 102 106 0 133 104 116 0 143 103 97 0 119 234 137 73 0 
1.99 115 115 115 137 111 99 0 0 102 106 0 133 104 116 0 143 103 97 0 119 234 137 73 0 
2 115 115 115 137 111 99 0 0 102 106 0 133 104 116 0 143 103 97 0 119 234 137 73 0 
2.01 115 115 115 137 111 99 0 0 102 106 0 133 104 116 0 143 103 97 0 119 234 137 73 0 
2.02 115 115 115 137 111 99 0 0 102 106 0 133 104 116 0 143 103 97 0 119 234 137 73 0 
2.03 115 115 115 137 111 99 0 0 102 106 0 133 104 116 0 143 103 97 0 119 234 137 73 0 
2.04 115 115 115 137 111 99 0 0 102 106 0 133 104 116 0 143 103 97 0 119 234 137 73 0 
2.05 115 115 115 137 111 99 0 0 102 106 0 133 104 116 0 143 103 97 0 119 234 137 73 0 
2.06 115 115 115 137 111 99 0 0 102 106 0 133 104 116 0 143 103 97 0 119 234 137 73 0 
2.07 115 115 115 137 111 99 0 0 102 106 0 133 104 116 0 143 103 97 0 119 234 137 73 0 
2.08 115 115 115 137 111 99 0 0 102 106 0 133 104 116 0 143 103 97 0 119 234 137 73 0 
2.09 115 115 115 137 111 99 0 0 102 106 0 133 104 116 0 143 103 97 0 119 234 137 73 0 
2.1 115 115 115 137 111 99 0 0 102 106 0 133 104 116 0 143 103 97 0 119 234 137 73 0 
2.11 115 115 115 137 111 99 0 0 102 106 0 133 104 116 0 143 103 97 0 119 234 137 73 0 
2.12 115 115 115 137 111 99 0 0 102 106 0 133 104 116 0 143 103 97 0 119 234 137 73 0 
2.13 115 115 115 137 111 99 0 0 102 106 0 133 104 116 0 143 103 97 0 119 234 137 73 0 
2.14 115 115 115 137 111 99 0 0 102 106 0 133 104 116 0 143 103 97 0 119 234 137 73 0 
2.15 115 115 115 137 111 99 0 0 102 106 0 133 104 116 0 143 103 97 0 119 234 137 73 0 
2.16 115 115 115 137 111 99 0 0 102 106 0 133 104 116 0 143 103 97 0 119 234 137 73 0 
2.174 115 115 115 137 111 99 0 0 102 106 0 133 104 116 0 143 103 97 0 119 234 137 73 0 
2.18 115 115 115 137 111 99 0 0 102 106 0 133 104 116 0 143 103 97 0 119 234 137 73 0 
2.19 115 115 115 137 111 99 0 0 102 106 0 133 104 116 0 143 103 97 0 119 234 137 73 0 
2.2 115 115 115 137 111 99 0 0 102 106 0 133 104 116 0 143 103 97 0 119 234 137 73 0 
2.21 115 115 115 137 111 99 0 0 102 106 0 133 104 116 0 143 103 97 0 119 234 137 73 0 
2.22 115 115 115 137 111 99 0 0 102 106 0 133 104 116 0 143 103 97 0 119 234 137 73 0 
2.23 115 115 115 137 111 99 0 0 102 106 0 133 104 116 0 143 103 97 0 119 234 137 73 0 
2.24 115 115 115 137 111 99 0 0 102 106 0 133 104 116 0 143 103 97 0 119 234 137 73 0 
2.25 115 115 115 137 111 99 0 0 102 106 0 133 104 116 0 143 103 97 0 119 234 137 73 0 
2.26 115 115 115 137 111 99 0 0 102 106 0 133 104 116 0 143 103 97 0 119 234 137 73 0 
2.27 115 115 115 137 111 99 0 0 102 106 0 133 104 116 0 143 103 97 0 119 234 137 73 0 
2.28 115 115 115 137 111 99 0 0 102 106 0 133 104 116 0 143 103 97 0 119 234 137 73 0 
2.29 115 115 115 137 111 99 0 0 102 106 0 133 104 116 0 143 103 97 0 119 234 137 73 0 
2.3 115 115 115 137 111 99 0 0 102 106 0 133 104 116 0 143 103 97 0 119 234 137 73 0 
2.31 115 115 115 137 111 99 0 0 102 106 0 133 104 116 0 143 103 97 0 119 234 137 73 0 
2.32 115 115 115 137 111 99 0 0 102 106 0 133 104 116 0 143 103 97 0 119 234 137 73 0 
2.33 115 115 115 137 111 99 0 0 102 106 0 133 104 116 0 143 103 97 0 119 234 137 73 0 
2.34 115 115 115 137 111 99 0 0 102 106 0 133 104 116 0 143 103 97 0 119 234 137 73 0 
2.35 115 115 115 137 111 99 0 0 102 106 0 133 104 116 0 143 103 97 0 119 234 137 73 0 
2.36 115 115 115 137 111 99 0 0 102 106 0 133 104 116 0 143 103 97 0 119 234 137 73 0 
2.37 115 115 115 137 111 99 0 0 102 106 0 133 104 116 0 143 103 97 0 119 234 137 73 0 
2.38 115 115 115 137 111 99 0 0 102 106 0 133 104 116 0 143 103 97 0 119 234 137 73 0 
2.39 115 115 115 137 111 99 0 0 102 106 0 133 104 116 0 143 103 97 0 119 234 137 73 0 
2.4 115 115 115 137 111 99 0 0 102 106 0 133 104 116 0 143 103 97 0 119 234 137 73 0 
2.41 115 115 115 137 111 99 0 0 102 106 0 133 104 116 0 143 103 97 0 119 234 137 73 0 
2.42 115 115 115 137 111 99 0 0 102 106 0 133 104 116 0 143 103 97 0 119 234 137 73 0 
2.43 115 115 115 137 111 99 0 0 102 106 0 133 104 116 0 143 103 97 0 119 234 137 73 0 
2.44 115 115 115 137 111 99 0 0 102 106 0 133 104 116 0 143 103 97 0 119 234 137 73 0 
2.45 115 115 115 137 111 99 0 0 102 106 0 133 104 116 0 143 103 97 0 119 234 137 73 0 
2.46 115 115 115 137 111 99 0 0 102 106 0 133 104 116 0 143 103 97 0 119 234 137 73 0 
2.47 115 115 115 137 111 99 0 0 102 106 0 133 104 116 0 143 103 97 0 119 234 137 73 0 
2.48 115 115 115 137 111 99 0 0 102 106 0 133 104 116 0 143 103 97 0 119 234 137 73 0 
2.49 115 115 115 137 111 99 0 0 102 106 0 133 104 116 0 143 103 97 0 119 234 137 73 0 
2.5 115 115 115 137 111 99 0 0 102 106 0 133 104 116 0 143 103 97 0 119 234 137 73 0 
2.51 115 115 115 137 111 99 0 0 102 106 0 133 104 116 0 143 103 97 0 119 234 137 73 0 
2.52 115 115 115 137 111 99 0 0 102 106 0 133 104 116 0 143 103 97 0 119 234 137 73 0 
2.53 115 115 115 137 111 99 0 0 102 106 0 133 104 116 0 143 103 97 0 119 234 137 73 0 
2.54 115 115 115 137 111 99 0 0 102 106 0 133 104 116 0 143 103 97 0 119 234 137 73 0 
2.55 115 115 115 137 111 99 0 0 102 106 0 133 104 116 0 143 103 97 0 119 234 137 73 0 
2.56 115 115 115 137 111 99 0 0 102 106 0 133 104 116 0 143 103 97 0 119 234 137 73 0 
2.57 115 115 115 137 111 99 0 0 102 106 0 133 104 116 0 143 103 97 0 119 234 137 73 0 
2.58 115 115 115 137 111 99 0 0 102 106 0 133 104 116 0 143 103 97 0 119 234 137 73 0 
2.59 115 115 115 137 111 99 0 0 102 106 0 133 104 116 0 143 103 97 0 119 234 137 73 0 
2.6 115 115 115 137 111 99 0 0 102 106 0 133 104 116 0 143 103 97 0 119 234 137 73 0 
2.61 115 115 115 137 111 99 0 0 102 106 0 133 104 116 0 143 103 97 0 119 234 137 73 0 
2.62 115 115 115 137 111 99 0 0 102 106 0 133 104 116 0 143 103 97 0 119 234 137 73 0 
2.63 115 115 115 137 111 99 0 0 102 106 0 133 104 116 0 143 103 97 0 119 234 137 73 0 
2.64 115 115 115 137 111 99 0 0 102 106 0 133 104 116 0 143 103 97 0 119 234 137 73 0 
2.65 115 115 115 137 111 99 0 0 102 106 0 133 104 116 0 143 103 97 0 119 234 137 73 0 
2.66 115 115 115 137 111 99 0 0 102 106 0 133 104 116 0 143 103 97 0 119 234 137 73 0 
2.67 115 115 115 137 111 99 0 0 102 106 0 133 104 116 0 143 103 97 0 119 234 137 73 0 
2.68 115 115 115 137 111 99 0 0 102 106 0 133 104 116 0 143 103 97 0 119 234 137 73 0 
2.69 115 115 115 137 111 99 0 0 102 106 0 133 104 116 0 143 103 97 0 119 234 137 73 0 
2.7 115 115 115 137 111 99 0 0 102 106 0 133 104 116 0 143 103 97 0 119 234 137 73 0 
2.71 115 115 115 137 111 99 0 0 102 106 0 133 104 116 0 143 103 97 0 119 234 137 73 0 
2.72 115 115 115 137 111 99 0 0 102 106 0 133 104 116 0 143 103 97 0 119 234 137 73 0 
2.73 115 115 115 137 111 99 0 0 102 106 0 133 104 116 0 143 103 97 0 119 234 137 73 0 
2.74 115 115 115 137 111 99 0 0 102 106 0 133 104 116 0 143 103 97 0 119 234 137 73 0 
2.75 115 115 115 137 111 99 0 0 102 106 0 133 104 116 0 143 103 97 0 119 234 137 73 0 
2.76 115 115 115 137 111 99 0 0 102 106 0 133 104 116 0 143 103 97 0 119 234 137 73 0 
2.77 115 115 115 137 111 99 0 0 102 106 0 133 104 116 0 143 103 97 0 119 234 137 73 0 
2.78 115 115 115 137 111 99 0 0 102 106 0 133 104 116 0 143 103 97 0 119 234 137 73 0 
2.79 115 115 115 137 111 99 0 0 102 106 0 133 104 116 0 143 103 97 0 119 234 137 73 0 
2.8 115 115 115 137 111 99 0 0 102 106 0 133 104 116 0 143 103 97 0 119 234 137 73 0 
2.81 115 115 115 137 111 99 0 0 102 106 0 133 104 116 0 143 103 97 0 119 234 137 73 0 
2.82 115 115 115 137 111 99 0 0 102 106 0 133 104 116 0 143 103 97 0 119 234 137 73 0 
2.83 115 115 115 137 111 99 0 0 102 106 0 133 104 116 0 143 103 97 0 119 234 137 73 0 
2.84 115 115 115 137 111 99 0 0 102 106 0 133 104 116 0 143 103 97 0 119 234 137 73 0 
2.85 115 115 115 137 111 99 0 0 102 106 0 133 104 116 0 143 103 97 0 119 234 137 73 0 
2.86 115 115 115 137 111 99 0 0 102 106 0 133 104 116 0 143 103 97 0 119 234 137 73 0 
2.87 115 115 115 137 111 99 0 0 102 106 0 133 104 116 0 143 103 97 0 119 234 137 73 0 
2.88 115 115 115 137 111 99 0 0 102 106 0 133 104 116 0 143 103 97 0 119 234 137 73 0 
2.89 115 115 115 137 111 99 0 0 102 106 0 133 104 116 0 143 103 97 0 119 234 137 73 0 
2.9 115 115 115 137 111 99 0 0 102 106 0 133 104 116 0 143 103 97 0 119 234 137 73 0 
2.91 115 115 115 137 111 99 0 0 102 106 0 133 104 116 0 143 103 97 0 119 234 137 73 0 
2.92 115 115 115 137 111 99 0 0 102 106 0 133 104 116 0 143 103 97 0 119 234 137 73 0 
2.93 115 115 115 137 111 99 0 0 102 106 0 133 104 116 0 143 103 97 0 119 234 137 73 0 
2.94 115 115 115 137 111 99 0 0 102 106 0 133 104 116 0 143 103 97 0 119 234 137 73 0 
2.95 115 115 115 137 111 99 0 0 102 106 0 133 104 116 0 143 103 97 0 119 234 137 73 0 
2.96 115 115 115 137 111 99 0 0 102 106 0 133 104 116 0 143 103 97 0 119 234 137 73 0 
2.97 115 115 115 137 111 99 0 0 102 106 0 133 104 116 0 143 103 97 0 119 234 137 73 0 
2.98 115 115 115 137 111 99 0 0 102 106 0 133 104 116 0 143 103 97 0 119 234 137 73 0 
2.99 115 115 115 137 111 99 0 0 102 106 0 133 104 116 0 143 103 97 0 119 234 137 73 0 
3 115 115 115 137 111 99 0 0 102 106 0 133 104 116 0 143 103 97 0 119 234 137 73 0 
3.01 115 115 115 137 111 99 0 0 102 106 0 133 104 116 0 143 103 97 0 119 234 137 73 0 
3.02 115 115 115 137 111 99 0 0 102 106 0 133 104 116 0 143 103 97 0 119 234 137 73 0 
3.03 115 115 115 137 111 99 0 0 102 106 0 133 104 116 0 143 103 97 0 119 234 137 73 0 
3.04 115 115 115 137 111 99 0 0 102 106 0 133 104 116 0 143 103 97 0 119 234 137 73 0 
3.05 115 115 115 137 111 99 0 0 102 106 0 133 104 116 0 143 103 97 0 119 234 137 73 0 
3.06 115 115 115 137 111 99 0 0 102 106 0 133 104 116 0 143 103 97 0 119 234 137 73 0 
3.07 115 115 115 137 111 99 0 0 102 106 0 133 104 116 0 143 103 97 0 119 234 137 73 0 
3.084 115 115 115 137 111 99 0 0 102 106 0 133 104 116 0 143 103 97 0 119 234 137 73 0 
3.09 115 115 115 137 111 99 0 0 102 106 0 133 104 116 0 143 103 97 0 119 234 137 73 0 
3.1 115 115 115 137 111 99 0 0 102 106 0 133 104 116 0 143 103 97 0 119 234 137 73 0 
3.11 115 115 115 137 111 99 0 0 102 106 0 133 104 116 0 143 103 97 0 119 234 137 73 0 
3.12 115 115 115 137 111 99 0 0 102 106 0 133 104 116 0 143 103 97 0 119 234 137 73 0 
3.13 115 115 115 137 111 99 0 0 102 106 0 133 104 116 0 143 103 97 0 119 234 137 73 0 
3.14 115 115 115 137 111 99 0 0 102 106 0 133 104 116 0 143 103 97 0 119 234 137 73 0 
3.15 115 115 115 137 111 99 0 0 102 106 0 133 104 116 0 143 103 97 0 119 234 137 73 0 
3.16 115 115 115 137 111 99 0 0 102 106 0 133 104 116 0 143 103 97 0 119 234 137 73 0 
3.17 115 115 115 137 111 99 0 0 102 106 0 133 104 116 0 143 103 97 0 119 234 137 73 0 
3.18 115 115 115 137 111 99 0 0 102 106 0 133 104 116 0 143 103 97 0 119 234 137 73 0 
3.19 115 115 115 137 111 99 0 0 102 106 0 133 104 116 0 143 103 97 0 119 234 137 73 0 
3.2 115 115 115 137 111 99 0 0 102 106 0 133 104 116 0 143 103 97 0 119 234 137 73 0 
3.21 115 115 115 137 111 99 0 0 102 106 0 133 104 116 0 143 103 97 0 119 234 137 73 0 
3.22 115 115 115 137 111 99 0 0 102 106 0 133 104 116 0 143 103 97 0 119 234 137 73 0 
3.23 115 115 115 137 111 99 0 0 102 106 0 133 104 116 0 143 103 97 0 119 234 137 73 0 
3.24 115 115 115 137 111 99 0 0 102 106 0 133 104 116 0 143 103 97 0 119 234 137 73 0 
3.25 115 115 115 137 111 99 0 0 102 106 0 133 104 116 0 143 103 97 0 119 234 137 73 0 
3.26 115 115 115 137 111 99 0 0 102 106 0 133 104 116 0 143 103 97 0 119 234 137 73 0 
3.27 115 115 115 137 111 99 0 0 102 106 0 133 104 116 0 143 103 97 0 119 234 137 73 0 
3.28 115 115 115 137 111 99 0 0 102 106 0 133 104 116 0 143 103 97 0 119 234 137 73 0 
3.29 115 115 115 137 111 99 0 0 102 106 0 133 104 116 0 143 103 97 0 119 234 137 73 0 
3.3 115 115 115 137 111 99 0 0 102 106 0 133 104 116 0 143 103 97 0 119 234 137 73 0 
3.31 115 115 115 137 111 99 0 0 102 106 0 133 104 116 0 143 103 97 0 119 234 137 73 0 
3.32 115 115 115 137 111 99 0 0 102 106 0 133 104 116 0 143 103 97 0 119 234 137 73 0 
3.33 115 115 115 137 111 99 0 0 102 106 0 133 104 116 0 143 103 97 0 119 234 137 73 0 
3.34 115 115 115 137 111 99 0 0 102 106 0 133 104 116 0 143 103 97 0 119 234 137 73 0 
3.35 115 115 115 137 111 99 0 0 102 106 0 133 104 116 0 143 103 97 0 119 234 137 73 0 
3.36 115 115 115 137 111 99 0 0 102 106 0 133 104 116 0 143 103 97 0 119 234 137 73 0 
3.37 115 115 115 137 111 99 0 0 102 106 0 133 104 116 0 143 103 97 0 119 234 137 73 0 
3.38 115 115 115 137 111 99 0 0 102 106 0 133 104 116 0 143 103 97 0 119 234 137 73 0 
3.39 115 115 115 137 111 99 0 0 102 106 0 133 104 116 0 143 103 97 0 119 234 137 73 0 
3.4 115 115 115 137 111 99 0 0 102 106 0 133 104 116 0 143 103 97 0 119 234 137 73 0 
3.41 115 115 115 137 111 99 0 0 102 106 0 133 104 116 0 143 103 97 0 119 234 137 73 0 
3.42 115 115 115 137 111 99 0 0 102 106 0 133 104 116 0 143 103 97 0 119 234 137 73 0 
3.43 115 115 115 137 111 99 0 0 102 106 0 133 104 116 0 143 103 97 0 119 234 137 73 0 
3.44 115 115 115 137 111 99 0 0 102 106 0 133 104 116 0 143 103 97 0 119 234 137 73 0 
3.45 115 115 115 137 111 99 0 0 102 106 0 133 104 116 0 143 103 97 0 119 234 137 73 0 
3.46 115 115 115 137 111 99 0 0 102 106 0 133 104 116 0 143 103 97 0 119 234 137 73 0 
3.47 115 115 115 137 111 99 0 0 102 106 0 133 104 116 0 143 103 97 0 119 234 137 73 0 
3.48 115 115 115 137 111 99 0 0 102 106 0 133 104 116 0 143 103 97 0 119 234 137 73 0 
3.49 115 115 115 137 111 99 0 0 102 106 0 133 104 116 0 143 103 97 0 119 234 137 73 0 
3.5 115 115 115 137 111 99 0 0 102 106 0 133 104 116 0 143 103 97 0 119 234 137 73 0 
3.51 115 115 115 137 111 99 0 0 102 106 0 133 104 116 0 143 103 97 0 119 234 137 73 0 
3.52 115 115 115 137 111 99 0 0 102 106 0 133 104 116 0 143 103 97 0 119 234 137 73 0 
3.53 115 115 115 137 111 99 0 0 102 106 0 133 104 116 0 143 103 97 0 119 234 137 73 0 
3.54 115 115 115 137 111 99 0 0 102 106 0 133 104 116 0 143 103 97 0 119 234 137 73 0 
3.55 115 115 115 137 111 99 0 0 102 106 0 133 104 116 0 143 103 97 0 119 234 137 73 0 
3.56 115 115 115 137 111 99 0 0 102 106 0 133 104 116 0 143 103 97 0 119 234 137 73 0 
3.57 115 115 115 137 111 99 0 0 102 106 0 133 104 116 0 143 103 97 0 119 234 137 73 0 
3.58 115 115 115 137 111 99 0 0 102 106 0 133 104 116 0 143 103 97 0 119 234 137 73 0 
3.59 115 115 115 137 111 99 0 0 102 106 0 133 104 116 0 143 103 97 0 119 234 137 73 0 
3.6 115 115 115 137 111 99 0 0 102 106 0 133 104 116 0 143 103 97 0 119 234 137 73 0 
3.61 115 115 115 137 111 99 0 0 102 106 0 133 104 116 0 143 103 97 0 119 234 137 73 0 
3.62 115 115 115 137 111 99 0 0 102 106 0 133 104 116 0 143 103 97 0 119 234 137 73 0 
3.63 115 115 115 137 111 99 0 0 102 106 0 133 104 116 0 143 103 97 0 119 234 137 73 0 
3.64 115 115 115 137 111 99 0 0 102 106 0 133 104 116 0 143 103 97 0 119 234 137 73 0 
3.65 115 115 115 137 111 99 0 0 102 106 0 133 104 116 0 143 103 97 0 119 234 137 73 0 
3.66 115 115 115 137 111 99 0 0 102 106 0 133 104 116 0 143 103 97 0 119 234 137 73 0 
3.67 115 115 115 137 111 99 0 0 102 106 0 133 104 116 0 143 103 97 0 119 234 137 73 0 
3.68 115 115 115 137 111 99 0 0 102 106 0 133 104 116 0 143 103 97 0 119 234 137 73 0 
3.69 115 115 115 137 111 99 0 0 102 106 0 133 104 116 0 143 103 97 0 119 234 137 73 0 
3.7 115 115 115 137 111 99 0 0 102 106 0 133 104 116 0 143 103 97 0 119 234 137 73 0 
3.71 115 115 115 137 111 99 0 0 102 106 0 133 104 116 0 143 103 97 0 119 234 137 73 0 
3.72 115 115 115 137 111 99 0 0 102 106 0 133 104 116 0 143 103 97 0 119 234 137 73 0 
3.73 115 115 115 137 111 99 0 0 102 106 0 133 104 116 0 143 103 97 0 119 234 137 73 0 
3.74 115 115 115 137 111 99 0 0 102 106 0 133 104 116 0 143 103 97 0 119 234 137 73 0 
3.75 115 115 115 137 111 99 0 0 102 106 0 133 104 116 0 143 103 97 0 119 234 137 73 0 
3.76 115 115 115 137 111 99 0 0 102 106 0 133 104 116 0 143 103 97 0 119 234 137 73 0 
3.77 115 115 115 137 111 99 0 0 102 106 0 133 104 116 0 143 103 97 0 119 234 137 73 0 
3.78 115 115 115 137 111 99 0 0 102 106 0 133 104 116 0 143 103 97 0 119 234 137 73 0 
3.79 115 115 115 137 111 99 0 0 102 106 0 133 104 116 0 143 103 97 0 119 234 137 73 0 
3.8 115 115 115 137 111 99 0 0 102 106 0 133 104 116 0 143 103 97 0 119 234 137 73 0 
3.81 115 115 115 137 111 99 0 0 102 106 0 133 104 116 0 143 103 97 0 119 234 137 73 0 
3.82 115 115 115 137 111 99 0 0 102 106 0 133 104 116 0 143 103 97 0 119 234 137 73 0 
3.83 115 115 115 137 111 99 0 0 102 106 0 133 104 116 0 143 103 97 0 119 234 137 73 0 
3.84 115 115 115 137 111 99 0 0 102 106 0 133 104 116 0 143 103 97 0 119 234 137 73 0 
3.85 115 115 115 137 111 99 0 0 102 106 0 133 104 116 0 143 103 97 0 119 234 137 73 0 
3.86 115 115 115 137 111 99 0 0 102 106 0 133 104 116 0 143 103 97 0 119 234 137 73 0 
3.87 115 115 115 137 111 99 0 0 102 106 0 133 104 116 0 143 103 97 0 119 234 137 73 0 
3.88 115 115 115 137 111 99 0 0 102 106 0 133 104 116 0 143 103 97 0 119 234 137 73 0 
3.89 115 115 115 137 111 99 0 0 102 106 0 133 104 116 0 143 103 97 0 119 234 137 73 0 
3.9 115 115 115 137 111 99 0 0 102 106 0 133 104 116 0 143 103 97 0 119 234 137 73 0 
3.91 115 115 115 137 111 99 0 0 102 106 0 133 104 116 0 143 103 97 0 119 234 137 73 0 
3.92 115 115 115 137 111 99 0 0 102 106 0 133 104 116 0 143 103 97 0 119 234 137 73 0 
3.93 115 115 115 137 111 99 0 0 102 106 0 133 104 116 0 143 103 97 0 119 234 137 73 0 
3.94 115 115 115 137 111 99 0 0 102 106 0 133 104 116 0 143 103 97 0 119 234 137 73 0 
3.95 115 115 115 137 111 99 0 0 102 106 0 133 104 116 0 143 103 97 0 119 234 137 73 0 
3.96 115 115 115 137 111 99 0 0 102 106 0 133 104 116 0 143 103 97 0 119 234 137 73 0 
3.97 115 115 115 137 111 99 0 0 102 106 0 133 104 116 0 143 103 97 0 119 234 137 73 0 
3.98 115 115 115 137 111 99 0 0 102 106 0 133 104 116 0 143 103 97 0 119 234 137 73 0 
3.99 115 115 115 137 111 99 0 0 102 106 0 133 104 116 0 143 103 97 0 119 234 137 73 0 
4 115 115 115 137 111 99 0 0 102 106 0 133 104 116 0 143 103 97 0 119 234 137 73 0 
4.01 115 115 115 137 111 99 0 0 102 106 0 133 104 116 0 143 103 97 0 119 234 137 73 0 
4.02 115 115 115 137 111 99 0 0 102 106 0 133 104 116 0 143 103 97 0 119 234 137 73 0 
4.03 115 115 115 137 111 99 0 0 102 106 0 133 104 116 0 143 103 97 0 119 234 137 73 0 
4.04 115 115 115 137 111 99 0 0 102 106 0 133 104 116 0 143 103 97 0 119 234 137 73 0 
4.05 115 115 115 137 111 99 0 0 102 106 0 133 104 116 0 143 103 97 0 119 234 137 73 0 
4.06 115 115 115 137 111 99 0 0 102 106 0 133 104 116 0 143 103 97 0 119 234 137 73 0 
4.07 115 115 115 137 111 99 0 0 102 106 0 133 104 116 0 143 103 97 0 119 234 137 73 0 
4.08 115 115 115 137 111 99 0 0 102 106 0 133 104 116 0 143 103 97 0 119 234 137 73 0 
4.09 115 115 115 137 111 99 0 0 102 106 0 133 104 116 0 143 103 97 0 119 234 137 73 0 
4.1 115 115 115 137 111 99 0 0 102 106 0 133 104 116 0 143 103 97 0 119 234 137 73 0 
4.11 115 115 115 137 111 99 0 0 102 106 0 133 104 116 0 143 103 97 0 119 234 137 73 0 
4.12 115 115 115 137 111 99 0 0 102 106 0 133 104 116 0 143 103 97 0 119 234 137 73 0 
4.13 115 115 115 137 111 99 0 0 102 106 0 133 104 116 0 143 103 97 0 119 234 137 73 0 
4.14 115 115 115 137 111 99 0 0 102 106 0 133 104 116 0 143 103 97 0 119 234 137 73 0 
4.151 115 115 115 137 111 99 0 0 102 106 0 133 104 116 0 143 103 97 0 119 234 137 73 0 
4.161 115 115 115 137 111 99 0 0 102 106 0 133 104 116 0 143 103 97 0 119 234 137 73 0 
4.171 115 115 115 137 111 99 0 0 102 106 0 133 104 116 0 143 103 97 0 119 234 137 73 0 
4.181 115 115 115 137 111 99 0 0 102 106 0 133 104 116 0 143 103 97 0 119 234 137 73 0 
4.191 115 115 115 137 111 99 0 0 102 106 0 133 104 116 0 143 103 97 0 119 234 137 73 0 
4.201 115 115 115 137 111 99 0 0 102 106 0 133 104 116 0 143 103 97 0 119 234 137 73 0 
4.211 115 115 115 137 111 99 0 0 102 106 0 133 104 116 0 143 103 97 0 119 234 137 73 0 
4.221 115 115 115 137 111 99 0 0 102 106 0 133 104 116 0 143 103 97 0 119 234 137 73 0 
4.231 115 115 115 137 111 99 0 0 102 106 0 133 104 116 0 143 103 97 0 119 234 137 73 0 
4.241 115 115 115 137 111 99 0 0 102 106 0 133 104 116 0 143 103 97 0 119 234 137 73 0 
4.251 115 115 115 137 111 99 0 0 102 106 0 133 104 116 0 143 103 97 0 119 234 137 73 0 
4.261 115 115 115 137 111 99 0 0 102 106 0 133 104 116 0 143 103 97 0 119 234 137 73 0 
4.271 115 115 115 137 111 99 0 0 102 106 0 133 104 116 0 143 103 97 0 119 234 137 73 0 
4.281 115 115 115 137 111 99 0 0 102 106 0 133 104 116 0 143 103 97 0 119 234 137 73 0 
4.291 115 115 115 137 111 99 0 0 102 106 0 133 104 116 0 143 103 97 0 119 234 137 73 0 
4.301 115 115 115 137 111 99 0 0 102 106 0 133 104 116 0 143 103 97 0 119 234 137 73 0 
4.311 115 115 115 137 111 99 0 0 102 106 0 133 104 116 0 143 103 97 0 119 234 137 73 0 
4.321 115 115 115 137 111 99 0 0 102 106 0 133 104 116 0 143 103 97 0 119 234 137 73 0 
4.331 115 115 115 137 111 99 0 0 102 106 0 133 104 116 0 143 103 97 0 119 234 137 73 0 
4.341 115 115 115 137 111 99 0 0 102 106 0 133 104 116 0 143 103 97 0 119 234 137 73 0 
4.351 115 115 115 137 111 99 0 0 102 106 0 133 104 116 0 143 103 97 0 119 234 137 73 0 
4.361 115 115 115 137 111 99 0 0 102 106 0 133 104 116 0 143 103 97 0 119 234 137 73 0 
4.371 115 115 115 137 111 99 0 0 102 106 0 133 104 116 0 143 103 97 0 119 234 137 73 0 
4.381 115 115 115 137 111 99 0 0 102 106 0 133 104 116 0 143 103 97 0 119 234 137 73 0 
4.391 115 115 115 137 111 99 0 0 102 106 0 133 104 116 0 143 103 97 0 119 234 137 73 0 
4.401 115 115 115 137 111 99 0 0 102 106 0 133 104 116 0 143 103 97 0 119 234 137 73 0 
4.411 115 115 115 137 111 99 0 0 102 106 0 133 104 116 0 143 103 97 0 119 234 137 73 0 
4.421 115 115 115 137 111 99 0 0 102 106 0 133 104 116 0 143 103 97 0 119 234 137 73 0 
4.431 115 115 115 137 111 99 0 0 102 106 0 133 104 116 0 143 103 97 0 119 234 137 73 0 
4.441 115 115 115 137 111 99 0 0 102 106 0 133 104 116 0 143 103 97 0 119 234 137 73 0 
4.451 115 115 115 137 111 99 0 0 102 106 0 133 104 116 0 143 103 97 0 119 234 137 73 0 
4.461 115 115 115 137 111 99 0 0 102 106 0 133 104 116 0 143 103 97 0 119 234 137 73 0 
4.471 115 115 115 137 111 99 0 0 102 106 0 133 104 116 0 143 103 97 0 119 234 137 73 0 
4.481 115 115 115 137 111 99 0 0 102 106 0 133 104 116 0 143 103 97 0 119 234 137 73 0 
4.491 115 115 115 137 111 99 0 0 102 106 0 133 104 116 0 143 103 97 0 119 234 137 73 0 
4.501 115 115 115 137 111 99 0 0 102 106 0 133 104 116 0 143 103 97 0 119 234 137 73 0 
4.511 115 115 115 137 111 99 0 0 102 106 0 133 104 116 0 143 103 97 0 119 234 137 73 0 
4.521 115 115 115 137 111 99 0 0 102 106 0 133 104 116 0 143 103 97 0 119 234 137 73 0 
4.531 115 115 115 137 111 99 0 0 102 106 0 133 104 116 0 143 103 97 0 119 234 137 73 0 
4.541 115 115 115 137 111 99 0 0 102 106 0 133 104 116 0 143 103 97 0 119 234 137 73 0 
4.551 115 115 115 137 111 99 0 0 102 106 0 133 104 116 0 143 103 97 0 119 234 137 73 0 
4.561 115 115 115 137 111 99 0 0 102 106 0 133 104 116 0 143 103 97 0 119 234 137 73 0 
4.571 115 115 115 137 111 99 0 0 102 106 0 133 104 116 0 143 103 97 0 119 234 137 73 0 
4.581 115 115 115 137 111 99 0 0 102 106 0 133 104 116 0 143 103 97 0 119 234 137 73 0 
4.591 115 115 115 137 111 99 0 0 102 106 0 133 104 116 0 143 103 97 0 119 234 137 73 0 
4.601 115 115 115 137 111 99 0 0 102 106 0 133 104 116 0 143 103 97 0 119 234 137 73 0 
4.611 115 115 115 137 111 99 0 0 102 106 0 133 104 116 0 143 103 97 0 119 234 137 73 0 
4.621 115 115 115 137 111 99 0 0 102 106 0 133 104 116 0 143 103 97 0 119 234 137 73 0 
4.631 115 115 115 137 111 99 0 0 102 106 0 133 104 116 0 143 103 97 0 119 234 137 73 0 
4.641 115 115 115 137 111 99 0 0 102 106 0 133 104 116 0 143 103 97 0 119 234 137 73 0 
4.651 115 115 115 137 111 99 0 0 102 106 0 133 104 116 0 143 103 97 0 119 234 137 73 0 
4.661 115 115 115 137 111 99 0 0 102 106 0 133 104 116 0 143 103 97 0 119 234 137 73 0 
4.671 115 115 115 137 111 99 0 0 102 106 0 133 104 116 0 143 103 97 0 119 234 137 73 0 
4.681 115 115 115 137 111 99 0 0 102 106 0 133 104 116 0 143 103 97 0 119 234 137 73 0 
4.691 115 115 115 137 111 99 0 0 102 106 0 133 104 116 0 143 103 97 0 119 234 137 73 0 
4.701 115 115 115 137 111 99 0 0 102 106 0 133 104 116 0 143 103 97 0 119 234 137 73 0 
4.713 115 115 115 137 111 99 0 0 102 106 0 133 104 116 0 143 103 97 0 119 234 137 73 0 
4.721 115 115 115 137 111 99 0 0 102 106 0 133 104 116 0 143 103 97 0 119 234 137 73 0 
4.731 115 115 115 137 111 99 0 0 102 106 0 133 104 116 0 143 103 97 0 119 234 137 73 0 
4.741 115 115 115 137 111 99 0 0 102 106 0 133 104 116 0 143 103 97 0 119 234 137 73 0 
4.751 115 115 115 137 111 99 0 0 102 106 0 133 104 116 0 143 103 97 0 119 234 137 73 0 
4.761 115 115 115 137 111 99 0 0 102 106 0 133 104 116 0 143 103 97 0 119 234 137 73 0 
4.771 115 115 115 137 111 99 0 0 102 106 0 133 104 116 0 143 103 97 0 119 234 137 73 0 
4.781 115 115 115 137 111 99 0 0 102 106 0 133 104 116 0 143 103 97 0 119 234 137 73 0 
4.791 115 115 115 137 111 99 0 0 102 106 0 133 104 116 0 143 103 97 0 119 234 137 73 0 
4.801 115 115 115 137 111 99 0 0 102 106 0 133 104 116 0 143 103 97 0 119 234 137 73 0 
4.811 115 115 115 137 111 99 0 0 102 106 0 133 104 116 0 143 103 97 0 119 234 137 73 0 
4.821 115 115 115 137 111 99 0 0 102 106 0 133 104 116 0 143 103 97 0 119 234 137 73 0 
4.831 115 115 115 137 111 99 0 0 102 106 0 133 104 116 0 143 103 97 0 119 234 137 73 0 
4.841 115 115 115 137 111 99 0 0 102 106 0 133 104 116 0 143 103 97 0 119 234 137 73 0 
4.851 115 115 115 137 111 99 0 0 102 106 0 133 104 116 0 143 103 97 0 119 234 137 73 0 
4.861 115 115 115 137 111 99 0 0 102 106 0 133 104 116 0 143 103 97 0 119 234 137 73 0 
4.871 115 115 115 137 111 99 0 0 102 106 0 133 104 116 0 143 103 97 0 119 234 137 73 0 
4.881 115 115 115 137 111 99 0 0 102 106 0 133 104 116 0 143 103 97 0 119 234 137 73 0 
4.891 115 115 115 137 111 99 0 0 102 106 0 133 104 116 0 143 103 97 0 119 234 137 73 0 
4.901 115 115 115 137 111 99 0 0 102 106 0 133 104 116 0 143 103 97 0 119 234 137 73 0 
4.911 115 115 115 137 111 99 0 0 102 106 0 133 104 116 0 143 103 97 0 119 234 137 73 0 
4.921 115 115 115 137 111 99 0 0 102 106 0 133 104 116 0 143 103 97 0 119 234 137 73 0 
4.931 115 115 115 137 111 99 0 0 102 106 0 133 104 116 0 143 103 97 0 119 234 137 73 0 
4.941 115 115 115 137 111 99 0 0 102 106 0 133 104 116 0 143 103 97 0 119 234 137 73 0 
4.951 115 115 115 137 111 99 0 0 102 106 0 133 104 116 0 143 103 97 0 119 234 137 73 0 
4.961 115 115 115 137 111 99 0 0 102 106 0 133 104 116 0 143 103 97 0 119 234 137 73 0 
4.971 115 115 115 137 111 99 0 0 102 106 0 133 104 116 0 143 103 97 0 119 234 137 73 0 
4.981 115 115 115 137 111 99 0 0 102 106 0 133 104 116 0 143 103 97 0 119 234 137 73 0 
4.991 115 115 115 137 111 99 0 0 102 106 0 133 104 116 0 143 103 97 0 119 234 137 73 0 
5.001 115 115 115 137 111 99 0 0 102 106 0 133 104 116 0 143 103 97 0 119 234 137 73 0 
5.011 115 115 115 137 111 99 0 0 102 106 0 133 104 116 0 143 103 97 0 119 234 137 73 0 
5.021 115 115 115 137 111 99 0 0 102 106 0 133 104 116 0 143 103 97 0 119 234 137 73 0 
5.031 115 115 115 137 111 99 0 0 102 106 0 133 104 116 0 143 103 97 0 119 234 137 73 0 
5.041 115 115 115 137 111 99 0 0 102 106 0 133 104 116 0 143 103 97 0 119 234 137 73 0 
5.051 115 115 115 137 111 99 0 0 102 106 0 133 104 116 0 143 103 97 0 119 234 137 73 0 
5.061 115 115 115 137 111 99 0 0 102 106 0 133 104 116 0 143 103 97 0 119 234 137 73 0 
5.071 115 115 115 137 111 99 0 0 102 106 0 133 104 116 0 143 103 97 0 119 234 137 73 0 
5.081 115 115 115 137 111 99 0 0 102 106 0 133 104 116 0 143 103 97 0 119 234 137 73 0 
5.091 115 115 115 137 111 99 0 0 102 106 0 133 104 116 0 143 103 97 0 119 234 137 73 0 
5.101 115 115 115 137 111 99 0 0 102 106 0 133 104 116 0 143 103 97 0 119 234 137 73 0 
5.111 115 115 115 137 111 99 0 0 102 106 0 133 104 116 0 143 103 97 0 119 234 137 73 0 
5.121 115 115 115 137 111 99 0 0 102 106 0 133 104 116 0 143 103 97 0 119 234 137 73 0 
5.131 115 115 115 137 111 99 0 0 102 106 0 133 104 116 0 143 103 97 0 119 234 137 73 0 
5.141 115 115 115 137 111 99 0 0 102 106 0 133 104 116 0 143 103 97 0 119 234 137 73 0 
5.151 115 115 115 137 111 99 0 0 102 106 0 133 104 116 0 143 103 97 0 119 234 137 73 0 
5.161 115 115 115 137 111 99 0 0 102 106 0 133 104 116 0 143 103 97 0 119 234 137 73 0 
5.171 115 115 115 137 111 99 0 0 102 106 0 133 104 116 0 143 103 97 0 119 234 137 73 0 
5.181 115 115 115 137 111 99 0 0 102 106 0 133 104 116 0 143 103 97 0 119 234 137 73 0 
5.191 115 115 115 137 111 99 0 0 102 106 0 133 104 116 0 143 103 97 0 119 234 137 73 0 
5.201 115 115 115 137 111 99 0 0 102 106 0 133 104 116 0 143 103 97 0 119 234 137 73 0 
5.211 115 115 115 137 111 99 0 0 102 106 0 133 104 116 0 143 103 97 0 119 234 137 73 0 
5.221 115 115 115 137 111 99 0 0 102 106 0 133 104 116 0 143 103 97 0 119 234 137 73 0 
5.231 115 115 115 137 111 99 0 0 102 106 0 133 104 116 0 143 103 97 0 119 234 137 73 0 
5.241 115 115 115 137 111 99 0 0 102 106 0 133 104 116 0 143 103 97 0 119 234 137 73 0 
5.251 115 115 115 137 111 99 0 0 102 106 0 133 104 116 0 143 103 97 0 119 234 137 73 0 
5.261 115 115 115 137 111 99 0 0 102 106 0 133 104 116 0 143 103 97 0 119 234 137 73 0 
5.271 115 115 115 137 111 99 0 0 102 106 0 133 104 116 0 143 103 97 0 119 234 137 73 0 
5.281 115 115 115 137 111 99 0 0 102 106 0 133 104 116 0 143 103 97 0 119 234 137 73 0 
5.291 115 115 115 137 111 99 0 0 102 106 0 133 104 116 0 143 103 97 0 119 234 137 73 0 
5.301 115 115 115 137 111 99 0 0 102 106 0 133 104 116 0 143 103 97 0 119 234 137 73 0 
5.311 115 115 115 137 111 99 0 0 102 106 0 133 104 116 0 143 103 97 0 119 234 137 73 0 
5.321 115 115 115 137 111 99 0 0 102 106 0 133 104 116 0 143 103 97 0 119 234 137 73 0 
5.331 115 115 115 137 111 99 0 0 102 106 0 133 104 116 0 143 103 97 0 119 234 137 73 0 
5.341 115 115 115 137 111 99 0 0 102 106 0 133 104 116 0 143 103 97 0 119 234 137 73 0 
5.351 115 115 115 137 111 99 0 0 102 106 0 133 104 116 0 143 103 97 0 119 234 137 73 0 
5.361 115 115 115 137 111 99 0 0 102 106 0 133 104 116 0 143 103 97 0 119 234 137 73 0 
5.371 115 115 115 137 111 99 0 0 102 106 0 133 104 116 0 143 103 97 0 119 234 137 73 0 
5.381 115 115 115 137 111 99 0 0 102 106 0 133 104 116 0 143 103 97 0 119 234 137 73 0 
5.391 115 115 115 137 111 99 0 0 102 106 0 133 104 116 0 143 103 97 0 119 234 137 73 0 
5.401 115 115 115 137 111 99 0 0 102 106 0 133 104 116 0 143 103 97 0 119 234 137 73 0 
5.411 115 115 115 137 111 99 0 0 102 106 0 133 104 116 0 143 103 97 0 119 234 137 73 0 
5.421 115 115 115 137 111 99 0 0 102 106 0 133 104 116 0 143 103 97 0 119 234 137 73 0 
5.431 115 115 115 137 111 99 0 0 102 106 0 133 104 116 0 143 103 97 0 119 234 137 73 0 
5.441 115 115 115 137 111 99 0 0 102 106 0 133 104 116 0 143 103 97 0 119 234 137 73 0 
5.451 115 115 115 137 111 99 0 0 102 106 0 133 104 116 0 143 103 97 0 119 234 137 73 0 
5.461 115 115 115 137 111 99 0 0 102 106 0 133 104 116 0 143 103 97 0 119 234 137 73 0 
5.471 115 115 115 137 111 99 0 0 102 106 0 133 104 116 0 143 103 97 0 119 234 137 73 0 
5.481 115 115 115 137 111 99 0 0 102 106 0 133 104 116 0 143 103 97 0 119 234 137 73 0 
5.491 115 115 115 137 111 99 0 0 102 106 0 133 104 116 0 143 103 97 0 119 234 137 73 0 
5.501 115 115 115 137 111 99 0 0 102 106 0 133 104 116 0 143 103 97 0 119 234 137 73 0 
5.511 115 115 115 137 111 99 0 0 102 106 0 133 104 116 0 143 103 97 0 119 234 137 73 0 
5.521 115 115 115 137 111 99 0 0 102 106 0 133 104 116 0 143 103 97 0 119 234 137 73 0 
5.531 115 115 115 137 111 99 0 0 102 106 0 133 104 116 0 143 103 97 0 119 234 137 73 0 
5.541 115 115 115 137 111 99 0 0 102 106 0 133 104 116 0 143 103 97 0 119 234 137 73 0 
5.551 115 115 115 137 111 99 0 0 102 106 0 133 104 116 0 143 103 97 0 119 234 137 73 0 
5.561 115 115 115 137 111 99 0 0 102 106 0 133 104 116 0 143 103 97 0 119 234 137 73 0 
5.571 115 115 115 137 111 99 0 0 102 106 0 133 104 116 0 143 103 97 0 119 234 137 73 0 
5.581 115 115 115 137 111 99 0 0 102 106 0 133 104 116 0 143 103 97 0 119 234 137 73 0 
5.591 115 115 115 137 111 99 0 0 102 106 0 133 104 116 0 143 103 97 0 119 234 137 73 0 
5.601 115 115 115 137 111 99 0 0 102 106 0 133 104 116 0 143 103 97 0 119 234 137 73 0 
5.611 115 115 115 137 111 99 0 0 102 106 0 133 104 116 0 143 103 97 0 119 234 137 73 0 
5.621 115 115 115 137 111 99 0 0 102 106 0 133 104 116 0 143 103 97 0 119 234 137 73 0 
5.631 115 115 115 137 111 99 0 0 102 106 0 133 104 116 0 143 103 97 0 119 234 137 73 0 
5.641 115 115 115 137 111 99 0 0 102 106 0 133 104 116 0 143 103 97 0 119 234 137 73 0 
5.651 115 115 115 137 111 99 0 0 102 106 0 133 104 116 0 143 103 97 0 119 234 137 73 0 
5.661 115 115 115 137 111 99 0 0 102 106 0 133 104 116 0 143 103 97 0 119 234 137 73 0 
5.671 115 115 115 137 111 99 0 0 102 106 0 133 104 116 0 143 103 97 0 119 234 137 73 0 
5.681 115 115 115 137 111 99 0 0 102 106 0 133 104 116 0 143 103 97 0 119 234 137 73 0 
5.691 115 115 115 137 111 99 0 0 102 106 0 133 104 116 0 143 103 97 0 119 234 137 73 0 
5.701 115 115 115 137 111 99 0 0 102 106 0 133 104 116 0 143 103 97 0 119 234 137 73 0 
5.711 115 115 115 137 111 99 0 0 102 106 0 133 104 116 0 143 103 97 0 119 234 137 73 0 
5.721 115 115 115 137 111 99 0 0 102 106 0 133 104 116 0 143 103 97 0 119 234 137 73 0 
5.731 115 115 115 137 111 99 0 0 102 106 0 133 104 116 0 143 103 97 0 119 234 137 73 0 
5.741 115 115 115 137 111 99 0 0 102 106 0 133 104 116 0 143 103 97 0 119 234 137 73 0 
5.751 115 115 115 137 111 99 0 0 102 106 0 133 104 116 0 143 103 97 0 119 234 137 73 0 
5.761 115 115 115 137 111 99 0 0 102 106 0 133 104 116 0 143 103 97 0 119 234 137 73 0 
5.771 115 115 115 137 111 99 0 0 102 106 0 133 104 116 0 143 103 97 0 119 234 137 73 0 
5.781 115 115 115 137 111 99 0 0 102 106 0 133 104 116 0 143 103 97 0 119 234 137 73 0 
5.791 115 115 115 137 111 99 0 0 102 106 0 133 104 116 0 143 103 97 0 119 234 137 73 0 
5.801 115 115 115 137 111 99 0 0 102 106 0 133 104 116 0 143 103 97 0 119 234 137 73 0 
5.811 115 115 115 137 111 99 0 0 102 106 0 133 104 116 0 143 103 97 0 119 234 137 73 0 
5.821 115 115 115 137 111 99 0 0 102 106 0 133 104 116 0 143 103 97 0 119 234 137 73 0 
5.831 115 115 115 137 111 99 0 0 102 106 0 133 104 116 0 143 103 97 0 119 234 137 73 0 
5.841 115 115 115 137 111 99 0 0 102 106 0 133 104 116 0 143 103 97 0 119 234 137 73 0 
5.851 115 115 115 137 111 99 0 0 102 106 0 133 104 116 0 143 103 97 0 119 234 137 73 0 
5.861 115 115 115 137 111 99 0 0 102 106 0 133 104 116 0 143 103 97 0 119 234 137 73 0 
5.871 115 115 115 137 111 99 0 0 102 106 0 133 104 116 0 143 103 97 0 119 234 137 73 0 
5.881 115 115 115 137 111 99 0 0 102 106 0 133 104 116 0 143 103 97 0 119 234 137 73 0 
5.891 115 115 115 137 111 99 0 0 102 106 0 133 104 116 0 143 103 97 0 119 234 137 73 0 
5.901 115 115 115 137 111 99 0 0 102 106 0 133 104 116 0 143 103 97 0 119 234 137 73 0 
5.911 115 115 115 137 111 99 0 0 102 106 0 133 104 116 0 143 103 97 0 119 234 137 73 0 
5.921 115 115 115 137 111 99 0 0 102 106 0 133 104 116 0 143 103 97 0 119 234 137 73 0 
5.931 115 115 115 137 111 99 0 0 102 106 0 133 104 116 0 143 103 97 0 119 234 137 73 0 
5.941 115 115 115 137 111 99 0 0 102 106 0 133 104 116 0 143 103 97 0 119 234 137 73 0 
5.951 115 115 115 137 111 99 0 0 102 106 0 133 104 116 0 143 103 97 0 119 234 137 73 0 
5.961 115 115 115 137 111 99 0 0 102 106 0 133 104 116 0 143 103 97 0 119 234 137 73 0 
5.971 115 115 115 137 111 99 0 0 102 106 0 133 104 116 0 143 103 97 0 119 234 137 73 0 
5.981 115 115 115 137 111 99 0 0 102 106 0 133 104 116 0 143 103 97 0 119 234 137 73 0 
5.991 115 115 115 137 111 99 0 0 102 106 0 133 104 116 0 143 103 97 0 119 234 137 73 0 
6.001 115 115 115 137 111 99 0 0 102 106 0 133 104 116 0 143 103 97 0 119 234 137 73 0 
6.011 115 115 115 137 111 99 0 0 102 106 0 133 104 116 0 143 103 97 0 119 234 137 73 0 
6.021 115 115 115 137 111 99 0 0 102 106 0 133 104 116 0 143 103 97 0 119 234 137 73 0 
6.031 115 115 115 137 111 99 0 0 102 106 0 133 104 116 0 143 103 97 0 119 234 137 73 0 
6.041 115 115 115 137 111 99 0 0 102 106 0 133 104 116 0 143 103 97 0 119 234 137 73 0 
6.051 115 115 115 137 111 99 0 0 102 106 0 133 104 116 0 143 103 97 0 119 234 137 73 0 
6.061 115 115 115 137 111 99 0 0 102 106 0 133 104 116 0 143 103 97 0 119 234 137 73 0 
6.071 115 115 115 137 111 99 0 0 102 106 0 133 104 116 0 143 103 97 0 119 234 137 73 0 
6.081 115 115 115 137 111 99 0 0 102 106 0 133 104 116 0 143 103 97 0 119 234 137 73 0 
6.091 115 115 115 137 111 99 0 0 102 106 0 133 104 116 0 143 103 97 0 119 234 137 73 0 
6.101 115 115 115 137 111 99 0 0 102 106 0 133 104 116 0 143 103 97 0 119 234 137 73 0 
6.111 115 115 115 137 111 99 0 0 102 106 0 133 104 116 0 143 103 97 0 119 234 137 73 0 
6.121 115 115 115 137 111 99 0 0 102 106 0 133 104 116 0 143 103 97 0 119 234 137 73 0 
6.131 115 115 115 137 111 99 0 0 102 106 0 133 104 116 0 143 103 97 0 119 234 137 73 0 
6.141 115 115 115 137 111 99 0 0 102 106 0 133 104 116 0 143 103 97 0 119 234 137 73 0 
6.151 115 115 115 137 111 99 0 0 102 106 0 133 104 116 0 143 103 97 0 119 234 137 73 0 
6.161 115 115 115 137 111 99 0 0 102 106 0 133 104 116 0 143 103 97 0 119 234 137 73 0 
6.171 115 115 115 137 111 99 0 0 102 106 0 133 104 116 0 143 103 97 0 119 234 137 73 0 
6.181 115 115 115 137 111 99 0 0 102 106 0 133 104 116 0 143 103 97 0 119 234 137 73 0 
6.191 115 115 115 137 111 99 0 0 102 106 0 133 104 116 0 143 103 97 0 119 234 137 73 0 
6.201 115 115 115 137 111 99 0 0 102 106 0 133 104 116 0 143 103 97 0 119 234 137 73 0 
6.211 115 115 115 137 111 99 0 0 102 106 0 133 104 116 0 143 103 97 0 119 234 137 73 0 
6.221 115 115 115 137 111 99 0 0 102 106 0 133 104 116 0 143 103 97 0 119 234 137 73 0 
6.231 115 115 115 137 111 99 0 0 102 106 0 133 104 116 0 143 103 97 0 119 234 137 73 0 
6.241 115 115 115 137 111 99 0 0 102 106 0 133 104 116 0 143 103 97 0 119 234 137 73 0 
6.251 115 115 115 137 111 99 0 0 102 106 0 133 104 116 0 143 103 97 0 119 234 137 73 0 
6.261 115 115 115 137 111 99 0 0 102 106 0 133 104 116 0 143 103 97 0 119 234 137 73 0 
6.271 115 115 115 137 111 99 0 0 102 106 0 133 104 116 0 143 103 97 0 119 234 137 73 0 
6.281 115 115 115 137 111 99 0 0 102 106 0 133 104 116 0 143 103 97 0 119 234 137 73 0 
6.291 115 115 115 137 111 99 0 0 102 106 0 133 104 116 0 143 103 97 0 119 234 137 73 0 
6.301 115 115 115 137 111 99 0 0 102 106 0 133 104 116 0 143 103 97 0 119 234 137 73 0 
6.311 115 115 115 137 111 99 0 0 102 106 0 133 104 116 0 143 103 97 0 119 234 137 73 0 
6.321 115 115 115 137 111 99 0 0 102 106 0 133 104 116 0 143 103 97 0 119 234 137 73 0 
6.331 115 115 115 137 111 99 0 0 102 106 0 133 104 116 0 143 103 97 0 119 234 137 73 0 
6.341 115 115 115 137 111 99 0 0 102 106 0 133 104 116 0 143 103 97 0 119 234 137 73 0 
6.351 115 115 115 137 111 99 0 0 102 106 0 133 104 116 0 143 103 97 0 119 234 137 73 0 
6.361 115 115 115 137 111 99 0 0 102 106 0 133 104 116 0 143 103 97 0 119 234 137 73 0 
6.371 115 115 115 137 111 99 0 0 102 106 0 133 104 116 0 143 103 97 0 119 234 137 73 0 
6.381 115 115 115 137 111 99 0 0 102 106 0 133 104 116 0 143 103 97 0 119 234 137 73 0 
6.391 115 115 115 137 111 99 0 0 102 106 0 133 104 116 0 143 103 97 0 119 234 137 73 0 
6.401 115 115 115 137 111 99 0 0 102 106 0 133 104 116 0 143 103 97 0 119 234 137 73 0 
6.411 115 115 115 137 111 99 0 0 102 106 0 133 104 116 0 143 103 97 0 119 234 137 73 0 
6.421 115 115 115 137 111 99 0 0 102 106 0 133 104 116 0 143 103 97 0 119 234 137 73 0 
6.431 115 115 115 137 111 99 0 0 102 106 0 133 104 116 0 143 103 97 0 119 234 137 73 0 
6.441 115 115 115 137 111 99 0 0 102 106 0 133 104 116 0 143 103 97 0 119 234 137 73 0 
6.451 115 115 115 137 111 99 0 0 102 106 0 133 104 116 0 143 103 97 0 119 234 137 73 0 
6.461 115 115 115 137 111 99 0 0 102 106 0 133 104 116 0 143 103 97 0 119 234 137 73 0 
6.471 115 115 115 137 111 99 0 0 102 106 0 133 104 116 0 143 103 97 0 119 234 137 73 0 
6.481 115 115 115 137 111 99 0 0 102 106 0 133 104 116 0 143 103 97 0 119 234 137 73 0 
6.491 115 115 115 137 111 99 0 0 102 106 0 133 104 116 0 143 103 97 0 119 234 137 73 0 
6.501 115 115 115 137 111 99 0 0 102 106 0 133 104 116 0 143 103 97 0 119 234 137 73 0 
6.511 115 115 115 137 111 99 0 0 102 106 0 133 104 116 0 143 103 97 0 119 234 137 73 0 
6.521 115 115 115 137 111 99 0 0 102 106 0 133 104 116 0 143 103 97 0 119 234 137 73 0 
6.531 115 115 115 137 111 99 0 0 102 106 0 133 104 116 0 143 103 97 0 119 234 137 73 0 
6.541 115 115 115 137 111 99 0 0 102 106 0 133 104 116 0 143 103 97 0 119 234 137 73 0 
6.551 115 115 115 137 111 99 0 0 102 106 0 133 104 116 0 143 103 97 0 119 234 137 73 0 
6.561 115 115 115 137 111 99 0 0 102 106 0 133 104 116 0 143 103 97 0 119 234 137 73 0 
6.571 115 115 115 137 111 99 0 0 102 106 0 133 104 116 0 143 103 97 0 119 234 137 73 0 
6.581 115 115 115 137 111 99 0 0 102 106 0 133 104 116 0 143 103 97 0 119 234 137 73 0 
6.591 115 115 115 137 111 99 0 0 102 106 0 133 104 116 0 143 103 97 0 119 234 137 73 0 
6.601 115 115 115 137 111 99 0 0 102 106 0 133 104 116 0 143 103 97 0 119 234 137 73 0 
6.611 115 115 115 137 111 99 0 0 102 106 0 133 104 116 0 143 103 97 0 119 234 137 73 0 
6.621 115 115 115 137 111 99 0 0 102 106 0 133 104 116 0 143 103 97 0 119 234 137 73 0 
6.631 115 115 115 137 111 99 0 0 102 106 0 133 104 116 0 143 103 97 0 119 234 137 73 0 
6.641 115 115 115 137 111 99 0 0 102 106 0 133 104 116 0 143 103 97 0 119 234 137 73 0 
6.651 115 115 115 137 111 99 0 0 102 106 0 133 104 116 0 143 103 97 0 119 234 137 73 0 
6.661 115 115 115 137 111 99 0 0 102 106 0 133 104 116 0 143 103 97 0 119 234 137 73 0 
6.671 115 115 115 137 111 99 0 0 102 106 0 133 104 116 0 143 103 97 0 119 234 137 73 0 
6.681 115 115 115 137 111 99 0 0 102 106 0 133 104 116 0 143 103 97 0 119 234 137 73 0 
6.691 115 115 115 137 111 99 0 0 102 106 0 133 104 116 0 143 103 97 0 119 234 137 73 0 
