Hora de inicio de la toma de datos: 12:18:08
AT(s) ROLL1(udig) MCF1 IFD1 A1 MCF2 IFP2 IFD2(*) A2(**) MCF3 IFP3 IFD3(*) A3 MCF4 IFP4 IFD4(*) A4 MCF5 IFP5 IFD5(*) A5 ROLL5 C C_Ano usado
0.01 154 80 133 112 114 96 0 0 122 92 0 152 118 89 0 140 118 106 0 161 250 128 99 0 
0.02 154 80 133 112 114 96 0 0 122 92 0 152 118 89 0 140 118 106 0 161 250 128 99 0 
0.03 154 80 133 112 114 96 0 0 122 92 0 152 118 89 0 140 118 106 0 161 250 128 99 0 
0.04 154 80 133 112 114 96 0 0 122 92 0 152 118 89 0 140 118 106 0 161 250 128 99 0 
0.05 154 80 133 112 114 96 0 0 122 92 0 152 118 89 0 140 118 106 0 161 250 128 99 0 
0.06 154 80 133 112 114 96 0 0 122 92 0 152 118 89 0 140 118 106 0 161 250 128 99 0 
0.07 154 80 133 112 114 96 0 0 122 92 0 152 118 89 0 140 118 106 0 161 250 128 99 0 
0.08 154 80 133 112 114 96 0 0 122 92 0 152 118 89 0 140 118 106 0 161 250 128 99 0 
0.09 154 80 133 112 114 96 0 0 122 92 0 152 118 89 0 140 118 106 0 161 250 128 99 0 
0.1 154 80 133 112 114 96 0 0 122 92 0 152 118 89 0 140 118 106 0 161 250 128 99 0 
0.11 154 80 133 112 114 96 0 0 122 92 0 152 118 89 0 140 118 106 0 161 250 128 99 0 
0.12 154 80 133 112 114 96 0 0 122 92 0 152 118 89 0 140 118 106 0 161 250 128 99 0 
0.13 154 80 133 112 114 96 0 0 122 92 0 152 118 89 0 140 118 106 0 161 250 128 99 0 
0.14 154 80 133 112 114 96 0 0 122 92 0 152 118 89 0 140 118 106 0 161 250 128 99 0 
0.15 154 80 133 112 114 96 0 0 122 92 0 152 118 89 0 140 118 106 0 161 250 128 99 0 
0.16 154 80 133 112 114 96 0 0 122 92 0 152 118 89 0 140 118 106 0 161 250 128 99 0 
0.171 154 80 133 112 114 96 0 0 122 92 0 152 118 89 0 140 118 106 0 161 250 128 99 0 
0.181 154 80 133 112 114 96 0 0 122 92 0 152 118 89 0 140 118 106 0 161 250 128 99 0 
0.191 154 80 133 112 114 96 0 0 122 92 0 152 118 89 0 140 118 106 0 161 250 128 99 0 
0.201 154 80 133 112 114 96 0 0 122 92 0 152 118 89 0 140 118 106 0 161 250 128 99 0 
0.211 154 80 133 112 114 96 0 0 122 92 0 152 118 89 0 140 118 106 0 161 250 128 99 0 
0.221 154 80 133 112 114 96 0 0 122 92 0 152 118 89 0 140 118 106 0 161 250 128 99 0 
0.231 154 80 133 112 114 96 0 0 122 92 0 152 118 89 0 140 118 106 0 161 250 128 99 0 
0.241 154 80 133 112 114 96 0 0 122 92 0 152 118 89 0 140 118 106 0 161 250 128 99 0 
0.251 154 80 133 112 114 96 0 0 122 92 0 152 118 89 0 140 118 106 0 161 250 128 99 0 
0.261 154 80 133 112 114 96 0 0 122 92 0 152 118 89 0 140 118 106 0 161 250 128 99 0 
0.271 154 80 133 112 114 96 0 0 122 92 0 152 118 89 0 140 118 106 0 161 250 128 99 0 
0.281 154 80 133 112 114 96 0 0 122 92 0 152 118 89 0 140 118 106 0 161 250 128 99 0 
0.29 154 80 133 112 114 96 0 0 122 92 0 152 118 89 0 140 118 106 0 161 250 128 99 0 
0.3 154 80 133 112 114 96 0 0 122 92 0 152 118 89 0 140 118 106 0 161 250 128 99 0 
0.31 154 80 133 112 114 96 0 0 122 92 0 152 118 89 0 140 118 106 0 161 250 128 99 0 
0.32 154 80 133 112 114 96 0 0 122 92 0 152 118 89 0 140 118 106 0 161 250 128 99 0 
0.33 154 80 133 112 114 96 0 0 122 92 0 152 118 89 0 140 118 106 0 161 250 128 99 0 
0.34 154 80 133 112 114 96 0 0 122 92 0 152 118 89 0 140 118 106 0 161 250 128 99 0 
0.35 154 80 133 112 114 96 0 0 122 92 0 152 118 89 0 140 118 106 0 161 250 128 99 0 
0.36 154 80 133 112 114 96 0 0 122 92 0 152 118 89 0 140 118 106 0 161 250 128 99 0 
0.37 154 80 133 112 114 96 0 0 122 92 0 152 118 89 0 140 118 106 0 161 250 128 99 0 
0.38 154 80 133 112 114 96 0 0 122 92 0 152 118 89 0 140 118 106 0 161 250 128 99 0 
0.39 154 80 133 112 114 96 0 0 122 92 0 152 118 89 0 140 118 106 0 161 250 128 99 0 
0.4 154 80 133 112 114 96 0 0 122 92 0 152 118 89 0 140 118 106 0 161 250 128 99 0 
0.41 154 80 133 112 114 96 0 0 122 92 0 152 118 89 0 140 118 106 0 161 250 128 99 0 
0.42 154 80 133 112 114 96 0 0 122 92 0 152 118 89 0 140 118 106 0 161 250 128 99 0 
0.43 154 80 133 112 114 96 0 0 122 92 0 152 118 89 0 140 118 106 0 161 250 128 99 0 
0.44 154 80 133 112 114 96 0 0 122 92 0 152 118 89 0 140 118 106 0 161 250 128 99 0 
0.45 154 80 133 112 114 96 0 0 122 92 0 152 118 89 0 140 118 106 0 161 250 128 99 0 
0.46 154 80 133 112 114 96 0 0 122 92 0 152 118 89 0 140 118 106 0 161 250 128 99 0 
0.47 154 80 133 112 114 96 0 0 122 92 0 152 118 89 0 140 118 106 0 161 250 128 99 0 
0.48 154 80 133 112 114 96 0 0 122 92 0 152 118 89 0 140 118 106 0 161 250 128 99 0 
0.49 154 80 133 112 114 96 0 0 122 92 0 152 118 89 0 140 118 106 0 161 250 128 99 0 
0.5 154 80 133 112 114 96 0 0 122 92 0 152 118 89 0 140 118 106 0 161 250 128 99 0 
0.51 154 80 133 112 114 96 0 0 122 92 0 152 118 89 0 140 118 106 0 161 250 128 99 0 
0.52 154 80 133 112 114 96 0 0 122 92 0 152 118 89 0 140 118 106 0 161 250 128 99 0 
0.53 154 80 133 112 114 96 0 0 122 92 0 152 118 89 0 140 118 106 0 161 250 128 99 0 
0.54 154 80 133 112 114 96 0 0 122 92 0 152 118 89 0 140 118 106 0 161 250 128 99 0 
0.55 154 80 133 112 114 96 0 0 122 92 0 152 118 89 0 140 118 106 0 161 250 128 99 0 
0.56 154 80 133 112 114 96 0 0 122 92 0 152 118 89 0 140 118 106 0 161 250 128 99 0 
0.57 154 80 133 112 114 96 0 0 122 92 0 152 118 89 0 140 118 106 0 161 250 128 99 0 
0.58 154 80 133 112 114 96 0 0 122 92 0 152 118 89 0 140 118 106 0 161 250 128 99 0 
0.59 154 80 133 112 114 96 0 0 122 92 0 152 118 89 0 140 118 106 0 161 250 128 99 0 
0.6 154 80 133 112 114 96 0 0 122 92 0 152 118 89 0 140 118 106 0 161 250 128 99 0 
0.61 154 80 133 112 114 96 0 0 122 92 0 152 118 89 0 140 118 106 0 161 250 128 99 0 
0.62 154 80 133 112 114 96 0 0 122 92 0 152 118 89 0 140 118 106 0 161 250 128 99 0 
0.63 154 80 133 112 114 96 0 0 122 92 0 152 118 89 0 140 118 106 0 161 250 128 99 0 
0.64 154 80 133 112 114 96 0 0 122 92 0 152 118 89 0 140 118 106 0 161 250 128 99 0 
0.65 154 80 133 112 114 96 0 0 122 92 0 152 118 89 0 140 118 106 0 161 250 128 99 0 
0.66 154 80 133 112 114 96 0 0 122 92 0 152 118 89 0 140 118 106 0 161 250 128 99 0 
0.67 154 80 133 112 114 96 0 0 122 92 0 152 118 89 0 140 118 106 0 161 250 128 99 0 
0.68 154 80 133 112 114 96 0 0 122 92 0 152 118 89 0 140 118 106 0 161 250 128 99 0 
0.69 154 80 133 112 114 96 0 0 122 92 0 152 118 89 0 140 118 106 0 161 250 128 99 0 
0.7 154 80 133 112 114 96 0 0 122 92 0 152 118 89 0 140 118 106 0 161 250 128 99 0 
0.71 154 80 133 112 114 96 0 0 122 92 0 152 118 89 0 140 118 106 0 161 250 128 99 0 
0.72 154 80 133 112 114 96 0 0 122 92 0 152 118 89 0 140 118 106 0 161 250 128 99 0 
0.73 154 80 133 112 114 96 0 0 122 92 0 152 118 89 0 140 118 106 0 161 250 128 99 0 
0.74 154 80 133 112 114 96 0 0 122 92 0 152 118 89 0 140 118 106 0 161 250 128 99 0 
0.75 154 80 133 112 114 96 0 0 122 92 0 152 118 89 0 140 118 106 0 161 250 128 99 0 
0.76 154 80 133 112 114 96 0 0 122 92 0 152 118 89 0 140 118 106 0 161 250 128 99 0 
0.77 154 80 133 112 114 96 0 0 122 92 0 152 118 89 0 140 118 106 0 161 250 128 99 0 
0.78 154 80 133 112 114 96 0 0 122 92 0 152 118 89 0 140 118 106 0 161 250 128 99 0 
0.79 154 80 133 112 114 96 0 0 122 92 0 152 118 89 0 140 118 106 0 161 250 128 99 0 
0.8 154 80 133 112 114 96 0 0 122 92 0 152 118 89 0 140 118 106 0 161 250 128 99 0 
0.81 154 80 133 112 114 96 0 0 122 92 0 152 118 89 0 140 118 106 0 161 250 128 99 0 
0.82 154 80 133 112 114 96 0 0 122 92 0 152 118 89 0 140 118 106 0 161 250 128 99 0 
0.83 154 80 133 112 114 96 0 0 122 92 0 152 118 89 0 140 118 106 0 161 250 128 99 0 
0.84 154 80 133 112 114 96 0 0 122 92 0 152 118 89 0 140 118 106 0 161 250 128 99 0 
0.85 154 80 133 112 114 96 0 0 122 92 0 152 118 89 0 140 118 106 0 161 250 128 99 0 
0.86 154 80 133 112 114 96 0 0 122 92 0 152 118 89 0 140 118 106 0 161 250 128 99 0 
0.87 154 80 133 112 114 96 0 0 122 92 0 152 118 89 0 140 118 106 0 161 250 128 99 0 
0.88 154 80 133 112 114 96 0 0 122 92 0 152 118 89 0 140 118 106 0 161 250 128 99 0 
0.89 154 80 133 112 114 96 0 0 122 92 0 152 118 89 0 140 118 106 0 161 250 128 99 0 
0.9 154 80 133 112 114 96 0 0 122 92 0 152 118 89 0 140 118 106 0 161 250 128 99 0 
0.91 154 80 133 112 114 96 0 0 122 92 0 152 118 89 0 140 118 106 0 161 250 128 99 0 
0.92 154 80 133 112 114 96 0 0 122 92 0 152 118 89 0 140 118 106 0 161 250 128 99 0 
0.93 154 80 133 112 114 96 0 0 122 92 0 152 118 89 0 140 118 106 0 161 250 128 99 0 
0.94 154 80 133 112 114 96 0 0 122 92 0 152 118 89 0 140 118 106 0 161 250 128 99 0 
0.95 154 80 133 112 114 96 0 0 122 92 0 152 118 89 0 140 118 106 0 161 250 128 99 0 
0.96 154 80 133 112 114 96 0 0 122 92 0 152 118 89 0 140 118 106 0 161 250 128 99 0 
0.97 154 80 133 112 114 96 0 0 122 92 0 152 118 89 0 140 118 106 0 161 250 128 99 0 
0.98 154 80 133 112 114 96 0 0 122 92 0 152 118 89 0 140 118 106 0 161 250 128 99 0 
0.99 154 80 133 112 114 96 0 0 122 92 0 152 118 89 0 140 118 106 0 161 250 128 99 0 
1 154 80 133 112 114 96 0 0 122 92 0 152 118 89 0 140 118 106 0 161 250 128 99 0 
1.01 154 80 133 112 114 96 0 0 122 92 0 152 118 89 0 140 118 106 0 161 250 128 99 0 
1.02 154 80 133 112 114 96 0 0 122 92 0 152 118 89 0 140 118 106 0 161 250 128 99 0 
1.03 154 80 133 112 114 96 0 0 122 92 0 152 118 89 0 140 118 106 0 161 250 128 99 0 
1.04 154 80 133 112 114 96 0 0 122 92 0 152 118 89 0 140 118 106 0 161 250 128 99 0 
1.05 154 80 133 112 114 96 0 0 122 92 0 152 118 89 0 140 118 106 0 161 250 128 99 0 
1.06 154 80 133 112 114 96 0 0 122 92 0 152 118 89 0 140 118 106 0 161 250 128 99 0 
1.07 154 80 133 112 114 96 0 0 122 92 0 152 118 89 0 140 118 106 0 161 250 128 99 0 
1.08 154 80 133 112 114 96 0 0 122 92 0 152 118 89 0 140 118 106 0 161 250 128 99 0 
1.09 154 80 133 112 114 96 0 0 122 92 0 152 118 89 0 140 118 106 0 161 250 128 99 0 
1.1 154 80 133 112 114 96 0 0 122 92 0 152 118 89 0 140 118 106 0 161 250 128 99 0 
1.11 154 80 133 112 114 96 0 0 122 92 0 152 118 89 0 140 118 106 0 161 250 128 99 0 
1.12 154 80 133 112 114 96 0 0 122 92 0 152 118 89 0 140 118 106 0 161 250 128 99 0 
1.13 154 80 133 112 114 96 0 0 122 92 0 152 118 89 0 140 118 106 0 161 250 128 99 0 
1.14 154 80 133 112 114 96 0 0 122 92 0 152 118 89 0 140 118 106 0 161 250 128 99 0 
1.15 154 80 133 112 114 96 0 0 122 92 0 152 118 89 0 140 118 106 0 161 250 128 99 0 
1.16 154 80 133 112 114 96 0 0 122 92 0 152 118 89 0 140 118 106 0 161 250 128 99 0 
1.17 154 80 133 112 114 96 0 0 122 92 0 152 118 89 0 140 118 106 0 161 250 128 99 0 
1.18 154 80 133 112 114 96 0 0 122 92 0 152 118 89 0 140 118 106 0 161 250 128 99 0 
1.19 154 80 133 112 114 96 0 0 122 92 0 152 118 89 0 140 118 106 0 161 250 128 99 0 
1.2 154 80 133 112 114 96 0 0 122 92 0 152 118 89 0 140 118 106 0 161 250 128 99 0 
1.21 154 80 133 112 114 96 0 0 122 92 0 152 118 89 0 140 118 106 0 161 250 128 99 0 
1.22 154 80 133 112 114 96 0 0 122 92 0 152 118 89 0 140 118 106 0 161 250 128 99 0 
1.23 154 80 133 112 114 96 0 0 122 92 0 152 118 89 0 140 118 106 0 161 250 128 99 0 
1.24 154 80 133 112 114 96 0 0 122 92 0 152 118 89 0 140 118 106 0 161 250 128 99 0 
1.25 154 80 133 112 114 96 0 0 122 92 0 152 118 89 0 140 118 106 0 161 250 128 99 0 
1.26 154 80 133 112 114 96 0 0 122 92 0 152 118 89 0 140 118 106 0 161 250 128 99 0 
1.27 154 80 133 112 114 96 0 0 122 92 0 152 118 89 0 140 118 106 0 161 250 128 99 0 
1.28 154 80 133 112 114 96 0 0 122 92 0 152 118 89 0 140 118 106 0 161 250 128 99 0 
1.29 154 80 133 112 114 96 0 0 122 92 0 152 118 89 0 140 118 106 0 161 250 128 99 0 
1.3 154 80 133 112 114 96 0 0 122 92 0 152 118 89 0 140 118 106 0 161 250 128 99 0 
1.31 154 80 133 112 114 96 0 0 122 92 0 152 118 89 0 140 118 106 0 161 250 128 99 0 
1.32 154 80 133 112 114 96 0 0 122 92 0 152 118 89 0 140 118 106 0 161 250 128 99 0 
1.33 154 80 133 112 114 96 0 0 122 92 0 152 118 89 0 140 118 106 0 161 250 128 99 0 
1.34 154 80 133 112 114 96 0 0 122 92 0 152 118 89 0 140 118 106 0 161 250 128 99 0 
1.35 154 80 133 112 114 96 0 0 122 92 0 152 118 89 0 140 118 106 0 161 250 128 99 0 
1.36 154 80 133 112 114 96 0 0 122 92 0 152 118 89 0 140 118 106 0 161 250 128 99 0 
1.37 154 80 133 112 114 96 0 0 122 92 0 152 118 89 0 140 118 106 0 161 250 128 99 0 
1.38 154 80 133 112 114 96 0 0 122 92 0 152 118 89 0 140 118 106 0 161 250 128 99 0 
1.39 154 80 133 112 114 96 0 0 122 92 0 152 118 89 0 140 118 106 0 161 250 128 99 0 
1.4 154 80 133 112 114 96 0 0 122 92 0 152 118 89 0 140 118 106 0 161 250 128 99 0 
1.41 154 80 133 112 114 96 0 0 122 92 0 152 118 89 0 140 118 106 0 161 250 128 99 0 
1.42 154 80 133 112 114 96 0 0 122 92 0 152 118 89 0 140 118 106 0 161 250 128 99 0 
1.43 154 80 133 112 114 96 0 0 122 92 0 152 118 89 0 140 118 106 0 161 250 128 99 0 
1.44 154 80 133 112 114 96 0 0 122 92 0 152 118 89 0 140 118 106 0 161 250 128 99 0 
1.45 154 80 133 112 114 96 0 0 122 92 0 152 118 89 0 140 118 106 0 161 250 128 99 0 
1.46 154 80 133 112 114 96 0 0 122 92 0 152 118 89 0 140 118 106 0 161 250 128 99 0 
1.47 154 80 133 112 114 96 0 0 122 92 0 152 118 89 0 140 118 106 0 161 250 128 99 0 
1.48 154 80 133 112 114 96 0 0 122 92 0 152 118 89 0 140 118 106 0 161 250 128 99 0 
1.49 154 80 133 112 114 96 0 0 122 92 0 152 118 89 0 140 118 106 0 161 250 128 99 0 
1.5 154 80 133 112 114 96 0 0 122 92 0 152 118 89 0 140 118 106 0 161 250 128 99 0 
1.51 154 80 133 112 114 96 0 0 122 92 0 152 118 89 0 140 118 106 0 161 250 128 99 0 
1.52 154 80 133 112 114 96 0 0 122 92 0 152 118 89 0 140 118 106 0 161 250 128 99 0 
1.53 154 80 133 112 114 96 0 0 122 92 0 152 118 89 0 140 118 106 0 161 250 128 99 0 
1.54 154 80 133 112 114 96 0 0 122 92 0 152 118 89 0 140 118 106 0 161 250 128 99 0 
1.55 154 80 133 112 114 96 0 0 122 92 0 152 118 89 0 140 118 106 0 161 250 128 99 0 
1.56 154 80 133 112 114 96 0 0 122 92 0 152 118 89 0 140 118 106 0 161 250 128 99 0 
1.57 154 80 133 112 114 96 0 0 122 92 0 152 118 89 0 140 118 106 0 161 250 128 99 0 
1.58 154 80 133 112 114 96 0 0 122 92 0 152 118 89 0 140 118 106 0 161 250 128 99 0 
1.59 154 80 133 112 114 96 0 0 122 92 0 152 118 89 0 140 118 106 0 161 250 128 99 0 
1.6 154 80 133 112 114 96 0 0 122 92 0 152 118 89 0 140 118 106 0 161 250 128 99 0 
1.61 154 80 133 112 114 96 0 0 122 92 0 152 118 89 0 140 118 106 0 161 250 128 99 0 
1.62 154 80 133 112 114 96 0 0 122 92 0 152 118 89 0 140 118 106 0 161 250 128 99 0 
1.63 154 80 133 112 114 96 0 0 122 92 0 152 118 89 0 140 118 106 0 161 250 128 99 0 
1.64 154 80 133 112 114 96 0 0 122 92 0 152 118 89 0 140 118 106 0 161 250 128 99 0 
1.65 154 80 133 112 114 96 0 0 122 92 0 152 118 89 0 140 118 106 0 161 250 128 99 0 
1.66 154 80 133 112 114 96 0 0 122 92 0 152 118 89 0 140 118 106 0 161 250 128 99 0 
1.67 154 80 133 112 114 96 0 0 122 92 0 152 118 89 0 140 118 106 0 161 250 128 99 0 
1.68 154 80 133 112 114 96 0 0 122 92 0 152 118 89 0 140 118 106 0 161 250 128 99 0 
1.69 154 80 133 112 114 96 0 0 122 92 0 152 118 89 0 140 118 106 0 161 250 128 99 0 
1.7 154 80 133 112 114 96 0 0 122 92 0 152 118 89 0 140 118 106 0 161 250 128 99 0 
1.71 154 80 133 112 114 96 0 0 122 92 0 152 118 89 0 140 118 106 0 161 250 128 99 0 
1.72 154 80 133 112 114 96 0 0 122 92 0 152 118 89 0 140 118 106 0 161 250 128 99 0 
1.73 154 80 133 112 114 96 0 0 122 92 0 152 118 89 0 140 118 106 0 161 250 128 99 0 
1.74 154 80 133 112 114 96 0 0 122 92 0 152 118 89 0 140 118 106 0 161 250 128 99 0 
1.75 154 80 133 112 114 96 0 0 122 92 0 152 118 89 0 140 118 106 0 161 250 128 99 0 
1.76 154 80 133 112 114 96 0 0 122 92 0 152 118 89 0 140 118 106 0 161 250 128 99 0 
1.77 154 80 133 112 114 96 0 0 122 92 0 152 118 89 0 140 118 106 0 161 250 128 99 0 
1.78 154 80 133 112 114 96 0 0 122 92 0 152 118 89 0 140 118 106 0 161 250 128 99 0 
1.79 154 80 133 112 114 96 0 0 122 92 0 152 118 89 0 140 118 106 0 161 250 128 99 0 
1.8 154 80 133 112 114 96 0 0 122 92 0 152 118 89 0 140 118 106 0 161 250 128 99 0 
1.81 154 80 133 112 114 96 0 0 122 92 0 152 118 89 0 140 118 106 0 161 254 128 99 0 
1.82 154 80 133 112 114 96 0 0 122 92 0 152 118 89 0 140 118 106 0 161 254 128 99 0 
1.83 154 80 133 112 114 96 0 0 122 92 0 152 118 89 0 140 118 106 0 161 254 128 99 0 
1.84 154 80 133 112 114 96 0 0 122 92 0 152 118 89 0 140 118 106 0 161 254 128 99 0 
1.85 154 80 133 112 114 96 0 0 122 92 0 152 118 89 0 140 118 106 0 161 254 128 99 0 
1.86 154 80 133 112 114 96 0 0 122 92 0 152 118 89 0 140 118 106 0 161 254 128 99 0 
1.87 154 80 133 112 114 96 0 0 122 92 0 152 118 89 0 140 118 106 0 161 254 128 99 0 
1.88 154 80 133 112 114 96 0 0 127 92 0 152 118 89 0 140 118 106 0 161 254 128 99 0 
1.89 154 80 133 112 114 96 0 0 127 92 0 152 118 89 0 140 118 106 0 161 254 128 99 0 
1.9 154 80 133 107 114 96 0 0 127 92 0 152 118 89 0 140 118 106 0 161 254 128 99 0 
1.91 154 80 133 107 114 96 0 0 127 92 0 152 118 89 0 140 118 106 0 161 254 128 99 0 
1.92 154 80 133 107 114 96 0 0 129 92 0 152 118 89 0 140 118 106 0 161 254 128 99 0 
1.93 159 80 133 107 114 96 0 0 129 92 0 152 118 89 0 140 118 106 0 161 254 128 99 0 
1.94 159 80 133 107 114 96 0 0 129 92 0 152 118 89 0 140 118 106 0 161 254 128 99 0 
1.95 159 80 133 107 114 96 0 0 129 92 0 152 118 89 0 140 118 106 0 161 254 126 99 0 
1.96 159 80 133 107 114 96 0 0 129 92 0 152 118 89 0 140 118 106 0 161 254 126 99 0 
1.97 159 80 133 107 114 96 0 0 129 92 0 152 118 89 0 140 118 106 0 161 254 126 99 0 
1.98 159 80 133 107 119 96 0 0 129 92 0 152 118 89 0 140 118 106 0 161 254 126 99 0 
1.99 159 80 133 107 119 96 0 0 129 92 0 152 118 89 0 140 118 106 0 161 254 126 99 0 
2 159 80 133 107 119 96 0 0 129 92 0 152 118 89 0 140 118 106 0 161 254 126 99 0 
2.01 159 80 133 107 119 96 0 0 129 92 0 152 118 89 0 140 118 106 0 161 254 126 99 0 
2.02 159 80 133 107 119 96 0 0 129 92 0 152 118 89 0 140 118 106 0 161 254 126 99 0 
2.03 159 80 133 107 119 96 0 0 129 92 0 152 118 89 0 140 118 106 0 161 254 126 99 0 
2.04 159 80 133 107 119 96 0 0 129 92 0 152 118 89 0 140 118 106 0 161 254 126 99 0 
2.05 159 80 133 107 119 96 0 0 129 92 0 152 118 89 0 140 118 106 0 161 254 126 99 0 
2.06 159 80 133 107 119 96 0 0 129 92 0 152 118 89 0 140 118 106 0 161 254 126 99 0 
2.07 159 80 133 107 119 96 0 0 129 92 0 152 118 89 0 140 118 106 0 161 254 126 99 0 
2.08 159 80 133 107 119 96 0 0 129 92 0 152 118 89 0 140 118 106 0 161 254 126 99 0 
2.09 159 80 133 107 119 96 0 0 129 92 0 152 118 89 0 140 118 106 0 161 254 126 99 0 
2.1 159 80 133 107 119 96 0 0 129 92 0 152 118 89 0 140 118 106 0 161 254 126 99 0 
2.11 159 80 133 107 119 96 0 0 129 92 0 152 118 89 0 140 118 106 0 161 254 126 99 0 
2.12 159 80 133 107 119 96 0 0 129 92 0 152 118 89 0 140 118 106 0 161 254 126 99 0 
2.13 159 80 133 107 119 96 0 0 129 92 0 152 118 89 0 140 118 106 0 161 254 126 99 0 
2.14 163 80 133 103 119 96 0 0 129 92 0 152 118 89 0 140 118 106 0 161 254 126 99 0 
2.15 163 80 133 103 119 96 0 0 135 92 0 152 122 89 0 140 118 106 0 161 254 126 99 0 
2.16 163 80 133 103 119 96 0 0 135 92 0 152 122 89 0 140 118 106 0 161 254 126 99 0 
2.17 163 80 133 103 119 96 0 0 135 92 0 152 122 89 0 140 118 106 0 161 254 126 99 0 
2.18 163 80 133 103 119 96 0 0 135 92 0 152 122 89 0 140 123 111 0 161 254 126 99 0 
2.19 163 80 133 103 119 96 0 0 135 92 0 152 122 89 0 140 123 111 0 161 254 126 99 0 
2.2 163 80 133 99 125 96 0 0 135 92 0 152 127 89 0 140 123 111 0 161 254 126 99 0 
2.21 163 80 133 99 125 96 0 0 135 92 0 156 127 89 0 140 123 111 0 156 254 126 99 0 
2.22 163 84 133 99 125 96 0 0 142 92 0 156 127 89 0 140 123 111 0 156 254 126 99 0 
2.23 163 84 133 99 125 96 0 0 142 92 0 156 130 89 0 144 129 111 0 156 254 126 99 0 
2.24 163 84 133 95 125 96 0 0 142 92 0 156 130 89 0 144 129 111 0 156 254 126 99 0 
2.25 163 84 133 95 125 96 0 0 142 92 0 156 130 93 0 144 129 111 0 156 254 121 99 0 
2.26 163 91 133 95 129 96 0 0 142 92 0 156 130 93 0 144 129 111 0 156 254 121 99 0 
2.27 163 91 133 95 129 96 0 0 147 92 0 156 135 93 0 144 129 111 0 156 254 121 99 0 
2.28 163 91 133 95 129 96 0 0 147 92 0 156 135 93 0 144 133 111 0 156 254 121 99 0 
2.29 163 91 133 91 129 96 0 0 147 98 0 156 135 93 0 144 133 111 0 156 254 121 99 0 
2.3 163 91 133 91 129 96 0 0 147 98 0 156 135 93 0 144 133 111 0 156 254 121 99 0 
2.31 163 91 133 91 129 96 0 0 147 98 0 156 135 93 0 144 133 115 0 156 254 121 99 0 
2.32 159 96 133 91 129 96 0 0 153 98 0 156 135 93 0 144 133 115 0 156 254 121 99 0 
2.33 159 96 133 91 134 96 0 0 153 98 0 156 135 93 0 144 133 115 0 156 254 117 99 0 
2.34 159 96 133 91 134 96 0 0 153 98 0 156 135 93 0 144 137 115 0 156 254 117 99 0 
2.35 159 96 133 91 134 96 0 0 153 98 0 156 135 93 0 144 137 115 0 156 254 117 99 0 
2.36 159 96 133 91 134 96 0 0 153 98 0 156 135 97 0 144 137 115 0 156 254 117 99 0 
2.37 159 96 133 91 134 96 0 0 153 98 0 156 135 97 0 144 137 115 0 156 254 117 99 0 
2.38 159 96 133 91 134 96 0 0 153 98 0 156 135 97 0 144 137 115 0 156 254 117 99 0 
2.39 159 91 133 91 128 96 0 0 149 102 0 156 131 97 0 144 131 115 0 156 254 117 99 0 
2.4 159 91 133 91 124 96 0 0 144 102 0 156 127 97 0 144 131 115 0 156 254 112 99 0 
2.41 159 91 133 91 124 96 0 0 139 102 0 156 122 97 0 144 127 115 0 150 254 112 99 0 
2.42 159 84 133 91 119 96 0 0 139 102 0 156 122 97 0 144 127 115 0 150 254 112 99 0 
2.43 159 80 133 91 115 96 0 0 132 102 0 156 117 97 0 144 127 115 0 150 254 112 99 0 
2.44 159 80 129 91 110 96 0 0 124 102 0 152 112 97 0 144 127 115 0 150 254 112 99 0 
2.45 159 73 129 91 105 96 0 0 116 102 0 152 107 97 0 144 127 115 0 150 254 112 99 0 
2.46 159 73 129 91 101 96 0 0 110 102 0 152 103 97 0 144 120 115 0 150 254 112 99 0 
2.47 164 68 127 91 101 96 0 0 103 102 0 152 99 97 0 139 120 115 0 145 254 112 99 0 
2.48 164 68 127 91 95 96 0 0 96 97 0 152 99 97 0 139 120 115 0 145 254 112 99 0 
2.49 169 68 127 91 95 96 0 0 92 97 0 152 93 97 0 139 120 115 0 145 254 112 99 0 
2.5 169 68 127 91 95 96 0 0 87 97 0 152 93 97 0 139 114 115 0 145 250 112 99 0 
2.51 169 68 127 91 90 96 0 0 83 97 0 152 93 97 0 139 114 115 0 145 250 112 99 0 
2.52 169 64 127 91 90 92 0 0 83 97 0 152 89 97 0 139 114 115 0 145 250 112 99 0 
2.53 169 64 127 91 90 92 0 0 83 97 0 152 89 97 0 139 114 115 0 145 250 112 99 0 
2.54 175 64 127 91 90 92 0 0 77 97 0 152 89 97 0 139 114 115 0 145 250 112 99 0 
2.55 175 64 127 91 90 92 0 0 71 97 0 152 84 97 0 139 114 115 0 145 245 112 99 0 
2.56 175 64 127 91 83 92 0 0 65 97 0 152 84 97 0 139 109 115 0 145 245 112 99 0 
2.57 180 59 122 91 83 86 0 0 60 97 0 152 77 97 0 135 109 115 0 145 241 112 99 0 
2.58 180 59 122 91 79 86 0 0 55 97 0 152 73 97 0 135 109 115 0 145 241 112 99 0 
2.59 180 59 122 91 79 86 0 0 51 97 0 152 73 97 0 135 109 115 0 141 241 112 99 0 
2.6 180 59 122 91 79 86 0 0 51 97 0 152 68 103 0 135 103 115 0 141 241 112 99 0 
2.61 185 59 122 91 79 86 0 0 46 97 0 152 68 103 0 135 103 115 0 141 241 112 99 0 
2.62 185 59 122 91 79 86 0 0 46 97 0 152 68 103 0 135 103 115 0 141 241 112 99 0 
2.63 185 59 122 91 79 81 0 0 46 97 0 152 68 103 0 135 103 115 0 141 241 112 99 0 
2.64 185 59 122 91 79 81 0 0 42 102 0 152 62 103 0 135 103 115 0 141 241 112 99 0 
2.65 185 59 122 91 79 81 0 0 42 102 0 152 62 108 0 135 103 115 0 141 241 112 104 0 
2.66 185 59 122 91 79 81 0 0 37 102 0 147 62 108 0 135 103 115 0 136 241 112 104 0 
2.67 190 59 118 91 79 81 0 0 37 102 0 147 62 108 0 135 103 115 0 136 245 112 104 0 
2.68 190 59 118 91 79 81 0 0 37 102 0 147 62 108 0 135 98 115 0 136 245 112 104 0 
2.69 190 59 118 91 79 76 0 0 37 108 0 147 62 114 0 135 98 119 0 136 245 112 104 0 
2.7 190 59 118 91 79 76 0 0 37 108 0 147 57 114 0 135 94 119 0 136 245 112 104 0 
2.71 190 59 118 91 79 76 0 0 37 108 0 147 57 118 0 135 94 123 0 136 245 112 104 0 
2.72 190 55 118 91 79 76 0 0 37 108 0 147 57 118 0 135 94 123 0 136 245 112 104 0 
2.73 190 55 118 91 79 76 0 0 37 108 0 147 57 118 0 135 94 123 0 136 251 112 104 0 
2.74 190 55 118 91 79 76 0 0 37 114 0 147 57 118 0 135 94 123 0 141 251 112 104 0 
2.75 190 55 118 86 79 76 0 0 37 114 0 147 57 118 0 135 94 123 0 141 251 112 104 0 
2.76 190 55 118 86 83 76 0 0 42 114 0 147 63 122 0 135 94 128 0 141 251 112 104 0 
2.77 190 55 118 86 83 76 0 0 42 119 0 147 63 122 0 135 94 128 0 141 251 112 104 0 
2.78 190 55 118 86 88 76 0 0 48 119 0 147 63 122 0 135 94 128 0 141 251 112 104 0 
2.79 190 55 118 86 88 76 0 0 52 125 0 147 63 122 0 135 94 128 0 141 251 112 104 0 
2.8 190 55 118 86 93 76 0 0 57 125 0 147 67 127 0 135 94 128 0 141 251 112 104 0 
2.81 190 55 118 86 93 76 0 0 57 125 0 147 67 127 0 135 94 128 0 141 251 112 104 0 
2.82 190 55 118 81 93 76 0 0 57 129 0 147 67 127 0 135 94 128 0 141 251 112 104 0 
2.83 190 55 118 81 93 76 0 0 57 129 0 147 67 127 0 135 94 128 0 141 251 112 104 0 
2.84 190 55 128 81 97 81 0 0 66 129 0 147 71 129 0 135 100 128 0 141 251 112 104 0 
2.85 196 55 128 81 101 81 0 0 66 129 0 147 71 133 0 135 100 128 0 141 251 112 104 0 
2.86 196 59 128 76 101 81 0 0 66 135 0 147 71 133 0 135 100 128 0 141 251 112 104 0 
2.87 196 59 134 76 105 86 0 0 73 135 0 147 76 133 0 135 100 128 0 141 251 112 104 0 
2.88 196 59 134 76 105 86 0 0 73 140 0 147 76 133 0 135 100 128 0 141 251 112 104 0 
2.89 196 59 134 76 105 86 0 0 73 140 0 147 76 133 0 135 100 128 0 141 251 112 104 0 
2.9 201 59 134 76 105 86 0 0 73 145 0 147 76 139 0 135 100 128 0 141 251 112 104 0 
2.91 201 59 134 76 105 86 0 0 73 145 0 147 76 139 0 135 100 128 0 141 251 112 104 0 
2.92 201 59 134 76 105 86 0 0 73 145 0 147 76 139 0 135 100 128 0 141 251 112 104 0 
2.93 201 59 134 71 105 86 0 0 73 145 0 147 76 139 0 135 100 128 0 141 251 112 104 0 
2.94 201 59 139 71 105 86 0 0 73 145 0 147 76 139 0 135 100 128 0 141 251 112 104 0 
2.953 201 59 139 71 105 86 0 0 73 145 0 147 76 139 0 135 105 128 0 141 251 112 104 0 
2.96 201 59 139 71 105 86 0 0 73 145 0 147 76 139 0 135 105 128 0 141 251 112 104 0 
2.97 201 59 139 71 105 86 0 0 73 145 0 147 76 139 0 135 105 128 0 141 251 112 104 0 
2.98 201 59 139 71 105 90 0 0 73 145 0 147 76 139 0 135 105 128 0 141 251 112 104 0 
2.99 206 59 144 71 105 90 0 0 73 145 0 147 76 139 0 135 105 128 0 141 251 112 104 0 
3 206 59 144 71 105 90 0 0 73 145 0 147 76 139 0 135 105 128 0 141 251 107 104 0 
3.01 206 59 144 71 105 90 0 0 73 150 0 147 76 139 0 135 105 128 0 141 251 107 99 0 
3.02 206 64 144 71 105 90 0 0 73 150 0 147 76 139 0 135 105 128 0 141 251 107 99 0 
3.03 206 64 144 71 105 90 0 0 73 150 0 147 76 139 0 135 105 133 0 141 251 107 99 0 
3.04 206 64 144 71 105 90 0 0 69 150 0 147 76 139 0 135 105 133 0 141 251 107 99 0 
3.05 206 64 144 71 105 90 0 0 69 150 0 147 76 139 0 135 105 133 0 135 251 107 99 0 
3.06 206 64 144 71 105 90 0 0 69 150 0 147 76 143 0 135 105 133 0 135 251 107 99 0 
3.07 206 64 144 71 105 90 0 0 69 150 0 143 72 143 0 135 105 133 0 135 251 107 99 0 
3.08 206 64 144 71 105 90 0 0 69 150 0 143 72 143 0 135 105 133 0 135 251 107 99 0 
3.09 206 64 144 71 105 90 0 0 69 150 0 143 72 143 0 135 105 133 0 135 251 107 99 0 
3.1 206 64 144 71 105 90 0 0 69 150 0 143 72 143 0 135 105 133 0 135 251 107 99 0 
3.11 206 64 144 71 105 90 0 0 69 150 0 143 72 143 0 135 105 133 0 135 251 107 99 0 
3.12 206 64 149 71 105 90 0 0 69 150 0 143 72 143 0 135 105 133 0 135 251 107 99 0 
3.13 206 64 149 71 105 90 0 0 69 150 0 143 72 143 0 135 105 133 0 135 251 107 99 0 
3.14 206 64 149 71 105 90 0 0 69 150 0 143 72 143 0 135 105 133 0 135 251 107 99 0 
3.15 206 64 149 71 105 90 0 0 69 150 0 143 72 143 0 135 105 133 0 135 251 107 99 0 
3.16 206 64 149 71 105 90 0 0 69 150 0 143 72 143 0 135 105 133 0 135 251 107 99 0 
3.17 206 64 149 71 105 90 0 0 69 155 0 143 72 143 0 135 105 133 0 135 251 107 99 0 
3.18 206 64 149 71 105 90 0 0 69 155 0 143 72 143 0 135 105 133 0 135 251 107 99 0 
3.19 206 64 149 71 105 90 0 0 69 155 0 143 72 143 0 135 105 133 0 135 251 107 99 0 
3.2 206 64 149 71 105 90 0 0 69 155 0 143 72 147 0 135 105 133 0 135 251 107 99 0 
3.21 206 64 149 71 105 90 0 0 69 155 0 143 72 147 0 135 105 137 0 135 251 107 99 0 
3.22 206 64 149 71 105 90 0 0 69 155 0 143 72 147 0 135 105 137 0 135 251 107 99 0 
3.23 206 64 149 71 105 90 0 0 69 155 0 143 72 147 0 135 105 137 0 135 251 107 99 0 
3.24 206 64 149 71 105 90 0 0 69 155 0 143 72 147 0 135 105 137 0 135 251 107 99 0 
3.25 206 64 149 71 105 90 0 0 69 160 0 143 72 147 0 135 105 137 0 135 251 107 99 0 
3.26 206 64 149 71 105 94 0 0 69 160 0 143 72 147 0 135 105 137 0 135 251 107 99 0 
3.27 206 64 149 71 105 94 0 0 64 160 0 143 72 147 0 135 105 137 0 135 251 107 99 0 
3.28 201 64 149 71 105 94 0 0 64 160 0 143 72 147 0 135 105 137 0 135 251 107 99 0 
3.29 201 64 149 71 105 94 0 0 64 160 0 143 72 147 0 135 105 137 0 135 251 107 99 0 
3.3 201 64 149 71 105 94 0 0 64 160 0 143 72 151 0 135 105 137 0 135 251 107 99 0 
3.31 201 64 149 71 105 94 0 0 64 160 0 143 72 151 0 135 105 137 0 135 251 107 99 0 
3.32 201 60 149 71 105 94 0 0 64 160 0 143 72 151 0 135 105 137 0 135 251 107 99 0 
3.33 201 60 149 71 105 94 0 0 64 160 0 143 72 151 0 135 105 137 0 135 251 107 99 0 
3.34 196 60 149 71 105 94 0 0 60 165 0 143 72 151 0 135 105 137 0 135 251 107 99 0 
3.35 196 60 153 71 100 94 0 0 60 165 0 143 72 151 0 135 105 137 0 135 251 107 99 0 
3.36 196 60 153 71 100 90 0 0 60 165 0 143 72 151 0 135 105 137 0 135 251 107 99 0 
3.37 196 60 153 71 100 90 0 0 60 165 0 143 68 151 0 135 105 137 0 135 251 107 99 0 
3.38 196 60 153 71 100 85 0 0 55 165 0 143 68 151 0 135 105 137 0 135 251 107 99 0 
3.39 196 60 153 75 100 85 0 0 55 165 0 143 68 151 0 135 105 137 0 135 251 107 99 0 
3.4 196 60 153 75 100 81 0 0 55 165 0 143 68 151 0 135 105 137 0 131 251 107 99 0 
3.41 196 60 153 75 100 81 0 0 55 165 0 143 68 151 0 135 105 137 0 131 251 107 99 0 
3.42 196 60 153 75 100 81 0 0 55 165 0 143 68 151 0 135 105 137 0 131 251 107 99 0 
3.43 196 60 153 75 100 81 0 0 55 165 0 143 68 151 0 135 105 142 0 131 251 107 99 0 
3.44 196 60 153 75 100 81 0 0 55 165 0 143 68 151 0 135 105 142 0 131 251 107 99 0 
3.45 196 60 153 75 100 81 0 0 55 165 0 143 68 151 0 135 105 142 0 131 251 107 99 0 
3.46 196 60 153 75 100 76 0 0 55 165 0 143 68 156 0 135 105 142 0 131 251 107 99 0 
3.47 196 60 153 75 100 76 0 0 55 165 0 143 68 156 0 135 105 142 0 131 251 107 99 0 
3.48 196 60 153 75 100 76 0 0 55 169 0 143 64 156 0 135 105 142 0 131 251 107 99 0 
3.49 196 65 153 75 100 76 0 0 55 169 0 143 64 156 0 135 105 142 0 131 251 107 99 0 
3.5 196 65 153 75 100 76 0 0 55 169 0 143 64 156 0 135 105 142 0 131 251 107 99 0 
3.51 196 65 153 75 100 76 0 0 55 169 0 143 64 156 0 135 105 142 0 131 251 107 99 0 
3.52 196 65 153 75 100 76 0 0 55 169 0 143 64 156 0 135 105 142 0 131 251 107 99 0 
3.53 196 65 153 75 100 76 0 0 55 169 0 143 64 156 0 135 105 142 0 131 251 107 99 0 
3.54 196 65 153 75 100 76 0 0 55 169 0 143 64 156 0 135 105 142 0 131 251 107 99 0 
3.55 196 65 153 75 100 76 0 0 55 169 0 143 64 156 0 135 100 142 0 131 251 107 99 0 
3.56 196 65 153 75 100 76 0 0 55 169 0 143 64 156 0 135 100 142 0 131 251 103 99 0 
3.57 196 65 153 75 100 76 0 0 55 169 0 143 64 156 0 135 100 142 0 131 251 103 99 0 
3.582 196 65 153 75 100 76 0 0 50 169 0 143 64 156 0 135 100 142 0 131 251 103 99 0 
3.59 196 65 153 75 100 76 0 0 50 169 0 143 64 156 0 135 100 142 0 131 251 103 99 0 
3.6 196 65 153 75 96 76 0 0 50 169 0 143 64 156 0 131 100 142 0 131 251 103 99 0 
3.61 196 65 153 75 96 76 0 0 50 169 0 143 64 156 0 131 100 142 0 131 251 103 99 0 
3.62 196 65 153 75 96 76 0 0 50 169 0 143 64 156 0 131 100 142 0 131 251 103 99 0 
3.63 196 65 153 75 96 76 0 0 50 169 0 143 64 156 0 131 100 142 0 131 251 103 99 0 
3.64 196 65 153 75 96 76 0 0 50 173 0 143 64 156 0 131 100 142 0 131 251 103 99 0 
3.65 196 65 153 75 96 76 0 0 50 173 0 143 64 156 0 131 100 142 0 131 251 103 99 0 
3.66 196 65 153 75 96 76 0 0 50 173 0 138 64 156 0 131 100 142 0 131 251 103 99 0 
3.67 196 65 153 75 96 81 0 0 50 173 0 138 64 156 0 131 100 142 0 127 251 103 99 0 
3.68 196 65 153 75 96 81 0 0 50 173 0 138 64 156 0 131 100 146 0 127 251 103 99 0 
3.69 196 65 153 75 96 81 0 0 50 173 0 138 64 160 0 131 100 146 0 127 251 103 99 0 
3.7 196 65 153 75 96 81 0 0 50 173 0 138 64 160 0 131 100 146 0 127 251 103 99 0 
3.71 196 65 153 75 96 81 0 0 50 173 0 138 59 160 0 131 100 146 0 127 251 103 99 0 
3.72 196 65 153 75 96 81 0 0 50 173 0 138 59 160 0 131 100 146 0 127 251 103 99 0 
3.73 196 65 153 75 92 81 0 0 44 173 0 138 59 160 0 131 100 146 0 127 251 103 99 0 
3.74 196 65 153 75 92 81 0 0 44 173 0 138 59 160 0 131 100 146 0 127 251 103 99 0 
3.75 196 65 153 75 92 81 0 0 44 173 0 138 59 160 0 131 96 146 0 127 251 103 99 0 
3.76 196 65 153 75 92 81 0 0 44 173 0 138 59 160 0 131 96 146 0 127 251 103 99 0 
3.77 196 65 153 75 92 81 0 0 44 173 0 138 59 160 0 131 96 146 0 127 251 103 99 0 
3.78 196 65 153 75 92 81 0 0 44 173 0 138 59 160 0 131 96 146 0 127 251 103 99 0 
3.79 196 65 153 75 92 81 0 0 44 173 0 138 59 160 0 131 96 146 0 127 251 103 99 0 
3.8 196 65 153 75 92 81 0 0 44 173 0 138 59 160 0 131 96 146 0 127 251 103 99 0 
3.81 196 65 153 75 92 81 0 0 44 173 0 134 59 160 0 131 96 146 0 127 251 103 99 0 
3.82 196 65 153 75 92 81 0 0 44 173 0 134 59 160 0 131 96 146 0 127 251 103 99 0 
3.83 196 65 153 75 92 81 0 0 44 173 0 134 59 160 0 131 96 146 0 127 251 103 99 0 
3.84 196 60 153 75 92 81 0 0 44 173 0 134 59 160 0 131 96 146 0 121 251 103 99 0 
3.85 196 60 153 75 92 81 0 0 44 173 0 134 59 160 0 131 96 146 0 121 251 103 99 0 
3.86 196 60 153 75 86 81 0 0 38 173 0 134 59 160 0 131 96 146 0 121 251 103 99 0 
3.87 196 60 146 75 86 81 0 0 38 173 0 134 54 155 0 131 91 141 0 121 251 103 99 0 
3.88 196 60 142 75 82 81 0 0 33 167 0 134 54 155 0 131 91 141 0 117 251 103 103 0 
3.89 196 60 138 81 78 81 0 0 29 162 0 134 54 148 0 131 87 136 0 117 251 103 103 0 
3.9 196 60 134 81 78 81 0 0 24 157 0 134 48 143 0 131 87 136 0 117 251 108 103 0 
3.91 196 60 134 81 78 81 0 0 24 157 0 134 44 139 0 131 81 131 0 117 251 108 103 0 
3.92 196 60 129 81 70 77 0 0 16 157 0 134 44 139 0 131 81 131 0 117 251 108 103 0 
3.93 196 60 124 81 70 77 0 0 9 150 0 134 40 135 0 131 81 131 0 117 251 108 103 0 
3.94 196 60 120 88 64 77 0 0 3 150 0 134 40 130 0 131 75 125 0 117 251 114 103 0 
3.95 192 60 120 88 64 77 0 0 3 144 0 134 40 126 0 131 75 125 0 117 251 114 103 0 
3.961 192 60 120 88 64 77 0 0 3 144 0 134 40 126 0 126 75 120 0 117 251 114 103 0 
3.97 192 60 120 88 64 77 0 0 3 138 0 134 40 121 0 126 75 120 0 117 251 114 103 0 
3.98 187 55 115 92 64 77 0 0 3 138 0 134 40 121 0 126 75 120 0 117 251 114 103 0 
3.99 183 55 115 92 64 77 0 0 3 138 0 134 40 121 0 126 75 115 0 117 251 114 103 0 
4 179 55 115 92 64 77 0 0 3 138 0 134 40 116 0 126 75 115 0 117 251 114 103 0 
4.01 179 55 115 92 64 77 0 0 3 138 0 134 40 116 0 126 75 115 0 117 251 114 103 0 
4.02 179 55 115 92 64 77 0 0 3 138 0 134 40 116 0 126 75 115 0 117 251 114 103 0 
4.03 179 55 115 92 64 77 0 0 7 138 0 134 40 116 0 126 75 115 0 117 251 114 103 0 
4.04 174 55 115 92 64 77 0 0 12 132 0 134 44 116 0 126 75 115 0 117 251 114 103 0 
4.05 174 55 115 92 69 77 0 0 12 132 0 134 44 116 0 126 75 115 0 117 251 114 103 0 
4.06 174 55 115 92 69 77 0 0 18 132 0 134 48 116 0 128 79 115 0 117 251 114 103 0 
4.07 174 55 115 92 69 77 0 0 22 132 0 139 48 116 0 128 79 115 0 122 251 114 103 0 
4.08 174 55 115 92 69 77 0 0 22 132 0 139 48 111 0 128 79 115 0 122 251 114 103 0 
4.09 174 55 115 92 69 77 0 0 27 128 0 139 54 111 0 128 79 115 0 122 251 114 103 0 
4.1 174 55 115 92 69 77 0 0 27 128 0 139 54 111 0 128 85 115 0 122 251 114 103 0 
4.11 174 55 115 92 69 77 0 0 27 128 0 139 54 111 0 128 85 115 0 122 251 114 103 0 
4.12 174 55 115 92 69 77 0 0 27 128 0 139 54 111 0 128 85 115 0 122 251 114 103 0 
4.13 174 55 115 92 69 77 0 0 27 126 0 139 54 111 0 128 85 115 0 122 251 114 103 0 
4.14 174 55 115 92 69 77 0 0 27 126 0 139 54 111 0 128 85 115 0 128 251 114 103 0 
4.151 174 55 115 92 69 77 0 0 27 126 0 139 54 111 0 128 85 115 0 128 251 114 103 0 
4.161 174 55 115 92 69 77 0 0 27 126 0 139 54 106 0 128 85 115 0 128 251 114 103 0 
4.171 174 55 115 92 69 77 0 0 27 126 0 139 54 106 0 128 85 115 0 128 251 114 103 0 
4.181 174 55 115 92 69 77 0 0 27 126 0 139 54 106 0 128 85 115 0 128 251 114 103 0 
4.191 174 55 115 92 69 77 0 0 27 122 0 139 58 106 0 128 85 115 0 128 251 114 103 0 
4.201 174 55 115 92 69 77 0 0 32 122 0 139 58 106 0 128 85 115 0 128 251 114 103 0 
4.211 174 55 115 92 69 77 0 0 32 122 0 139 58 106 0 128 85 115 0 128 251 114 103 0 
4.221 174 55 115 92 69 77 0 0 32 122 0 139 58 106 0 128 89 115 0 128 251 114 103 0 
4.231 174 55 115 92 69 77 0 0 32 122 0 139 58 106 0 128 89 115 0 128 251 114 103 0 
4.241 174 55 115 92 69 77 0 0 32 118 0 139 58 102 0 128 89 115 0 128 251 114 103 0 
4.251 179 55 115 92 69 77 0 0 32 118 0 139 58 102 0 128 89 115 0 128 251 114 103 0 
4.261 179 55 115 92 69 77 0 0 32 118 0 139 58 102 0 128 89 115 0 128 251 114 103 0 
4.271 179 59 115 92 69 77 0 0 32 118 0 139 58 102 0 128 89 115 0 128 251 114 103 0 
4.281 179 59 115 92 69 77 0 0 32 113 0 139 58 102 0 128 89 115 0 128 251 114 103 0 
4.291 179 59 115 88 69 77 0 0 32 113 0 139 58 102 0 128 89 115 0 128 251 114 103 0 
4.301 179 59 115 88 69 77 0 0 32 113 0 139 58 97 0 126 89 111 0 128 255 114 103 0 
4.311 179 59 115 88 69 77 0 0 32 113 0 139 58 97 0 126 89 111 0 128 255 114 103 0 
4.321 179 59 115 88 69 77 0 0 32 106 0 139 58 97 0 126 89 111 0 128 255 114 103 0 
4.331 179 59 115 88 69 77 0 0 32 106 0 139 58 97 0 126 89 111 0 128 255 114 103 0 
4.341 183 59 115 88 69 73 0 0 32 106 0 139 58 97 0 126 89 111 0 128 255 114 103 0 
4.351 183 59 115 88 69 73 0 0 32 106 0 139 58 97 0 126 89 111 0 128 255 114 103 0 
4.361 183 59 115 88 69 73 0 0 32 106 0 139 58 92 0 126 89 111 0 128 255 114 103 0 
4.371 183 59 115 88 69 73 0 0 32 100 0 139 58 92 0 126 89 111 0 128 255 114 103 0 
4.381 183 59 115 88 69 73 0 0 32 100 0 139 58 92 0 126 89 111 0 128 255 114 103 0 
4.391 183 59 115 88 69 73 0 0 32 100 0 139 58 92 0 126 89 111 0 128 255 114 103 0 
4.401 183 59 115 88 69 73 0 0 32 100 0 139 58 92 0 126 89 111 0 128 255 114 103 0 
4.411 183 59 115 88 69 73 0 0 32 100 0 139 58 92 0 126 89 111 0 128 255 114 103 0 
4.421 183 59 115 88 69 73 0 0 32 100 0 139 58 92 0 126 89 111 0 128 255 114 103 0 
4.431 183 59 115 88 69 73 0 0 32 100 0 139 58 92 0 126 89 111 0 128 255 114 103 0 
4.441 183 59 115 88 69 73 0 0 32 100 0 139 58 92 0 126 89 111 0 128 255 114 103 0 
4.451 183 59 115 88 69 73 0 0 32 100 0 139 58 92 0 126 89 111 0 128 255 114 103 0 
4.461 189 59 115 88 69 73 0 0 32 100 0 139 58 92 0 126 89 111 0 128 255 114 103 0 
4.471 189 59 115 83 69 73 0 0 32 100 0 139 58 97 0 126 89 111 0 128 255 114 103 0 
4.481 189 59 115 83 69 73 0 0 32 100 0 139 58 97 0 126 89 111 0 125 255 114 103 0 
4.491 189 59 115 83 69 73 0 0 32 104 0 139 58 97 0 119 89 111 0 125 255 114 103 0 
4.501 189 59 119 83 69 73 0 0 32 108 0 139 58 101 0 119 89 111 0 125 255 114 103 0 
4.511 189 54 119 83 74 73 0 0 32 108 0 139 58 101 0 119 89 111 0 125 255 114 103 0 
4.521 189 54 124 83 74 73 0 0 32 114 0 139 58 107 0 119 89 111 0 125 255 114 103 0 
4.531 189 54 124 83 74 73 0 0 32 114 0 139 58 107 0 119 89 111 0 125 255 114 103 0 
4.541 189 54 124 83 74 73 0 0 32 114 0 139 58 107 0 119 89 115 0 125 255 114 103 0 
4.551 189 50 130 78 74 77 0 0 36 119 0 139 58 113 0 119 89 115 0 128 255 114 103 0 
4.561 189 50 130 78 79 77 0 0 36 119 0 139 58 113 0 119 89 119 0 128 255 114 103 0 
4.571 193 50 135 78 79 77 0 0 36 124 0 139 58 113 0 119 89 119 0 128 255 114 103 0 
4.581 193 50 135 78 83 77 0 0 42 124 0 139 58 118 0 124 89 119 0 128 255 114 103 0 
4.591 198 50 135 78 83 77 0 0 46 124 0 132 58 118 0 124 89 119 0 128 255 108 103 0 
4.601 198 50 141 73 88 77 0 0 50 128 0 132 63 118 0 124 89 119 0 128 255 108 103 0 
4.611 203 50 141 73 88 77 0 0 50 128 0 128 63 118 0 124 95 119 0 128 255 108 103 0 
4.621 203 50 141 73 88 77 0 0 50 128 0 128 63 118 0 124 95 119 0 128 255 108 98 0 
4.631 203 50 141 73 92 77 0 0 55 128 0 128 63 118 0 124 95 119 0 128 255 108 98 0 
4.641 203 50 141 73 92 77 0 0 55 128 0 128 63 118 0 124 95 119 0 128 255 108 98 0 
4.651 203 46 141 73 92 77 0 0 55 128 0 126 63 124 0 124 95 124 0 128 255 108 98 0 
4.661 203 46 141 73 92 77 0 0 55 128 0 126 63 124 0 124 95 124 0 128 255 108 98 0 
4.671 208 46 146 67 92 77 0 0 55 128 0 126 63 124 0 128 95 124 0 128 255 104 98 0 
4.681 208 46 146 67 96 77 0 0 55 128 0 126 63 124 0 128 95 124 0 128 255 104 98 0 
4.691 208 46 146 67 96 77 0 0 55 128 0 126 63 124 0 128 95 124 0 128 255 104 98 0 
4.701 208 46 146 67 96 77 0 0 55 128 0 126 63 129 0 128 95 124 0 128 255 104 98 0 
4.711 208 46 146 67 96 77 0 0 55 133 0 126 58 129 0 133 95 124 0 128 255 104 94 0 
4.721 208 46 146 67 96 77 0 0 55 133 0 126 58 129 0 133 95 124 0 128 255 104 94 0 
4.731 208 46 146 67 96 77 0 0 55 133 0 126 58 133 0 133 95 129 0 128 255 104 94 0 
4.741 208 46 146 67 96 77 0 0 55 133 0 126 58 133 0 133 89 129 0 128 255 104 94 0 
4.751 208 46 150 67 96 77 0 0 55 133 0 126 58 133 0 133 89 129 0 128 255 104 94 0 
4.761 208 46 150 67 96 77 0 0 55 133 0 126 52 133 0 133 89 129 0 125 255 104 94 0 
4.771 208 46 150 67 96 77 0 0 55 137 0 126 52 133 0 133 89 129 0 125 255 104 94 0 
4.781 208 46 150 67 96 77 0 0 55 137 0 126 52 138 0 133 89 129 0 125 255 104 94 0 
4.791 208 46 150 67 96 77 0 0 55 137 0 126 52 138 0 133 89 129 0 125 255 104 94 0 
4.801 208 46 150 67 96 77 0 0 49 137 0 126 52 138 0 133 84 129 0 125 255 104 94 0 
4.811 208 46 150 67 96 77 0 0 49 137 0 126 52 138 0 133 84 129 0 125 255 104 94 0 
4.821 208 46 150 67 96 77 0 0 49 137 0 126 52 138 0 133 84 129 0 125 255 104 94 0 
4.831 208 46 150 67 96 77 0 0 49 137 0 126 52 138 0 133 84 129 0 125 255 104 94 0 
4.841 208 46 150 67 96 77 0 0 49 137 0 126 52 138 0 133 84 129 0 125 255 104 94 0 
4.851 208 46 150 67 96 77 0 0 49 137 0 126 52 138 0 133 84 129 0 125 255 104 94 0 
4.861 208 46 150 67 96 77 0 0 49 137 0 126 52 138 0 133 84 129 0 125 255 104 94 0 
4.871 208 46 150 67 96 77 0 0 49 137 0 126 52 138 0 133 84 129 0 125 255 104 94 0 
4.881 208 46 150 67 96 77 0 0 49 137 0 126 52 138 0 133 84 129 0 125 255 104 94 0 
4.891 208 46 150 67 96 77 0 0 49 137 0 126 52 138 0 133 84 134 0 125 255 104 94 0 
4.901 208 46 150 67 96 77 0 0 49 137 0 129 52 138 0 133 84 134 0 125 255 104 94 0 
4.911 208 46 150 67 96 77 0 0 49 137 0 129 52 138 0 133 84 134 0 125 255 104 94 0 
4.921 208 46 150 67 96 77 0 0 49 137 0 129 52 138 0 133 84 134 0 125 255 104 94 0 
4.931 208 46 150 67 96 77 0 0 54 137 0 129 52 138 0 133 84 134 0 125 255 104 94 0 
4.941 208 46 150 67 96 77 0 0 54 137 0 129 52 138 0 133 84 134 0 125 255 104 94 0 
4.951 208 46 150 67 96 77 0 0 54 137 0 129 52 138 0 133 84 134 0 125 255 104 94 0 
4.961 208 46 150 67 96 77 0 0 54 137 0 129 52 138 0 133 84 134 0 125 255 104 94 0 
4.971 208 46 150 67 96 77 0 0 54 137 0 129 52 138 0 133 84 134 0 125 255 104 94 0 
4.981 208 46 150 67 96 77 0 0 54 137 0 129 52 138 0 133 84 134 0 125 255 104 94 0 
4.991 208 46 150 67 96 77 0 0 54 137 0 129 52 138 0 133 84 134 0 125 255 104 94 0 
5.001 208 46 150 67 96 77 0 0 54 137 0 129 52 138 0 133 84 134 0 125 255 104 94 0 
5.011 208 46 150 67 96 77 0 0 54 137 0 129 52 138 0 133 84 134 0 125 255 104 94 0 
5.021 208 46 150 67 96 77 0 0 49 137 0 129 52 138 0 133 84 134 0 125 255 104 94 0 
5.031 208 46 150 67 96 77 0 0 49 137 0 129 52 138 0 133 84 134 0 125 255 104 94 0 
5.041 208 46 150 67 96 77 0 0 49 137 0 129 52 138 0 133 84 134 0 125 255 104 94 0 
5.051 208 46 150 67 96 77 0 0 49 137 0 129 52 138 0 133 84 134 0 125 255 104 94 0 
5.061 208 46 150 67 96 77 0 0 49 137 0 129 52 138 0 133 84 134 0 125 255 104 94 0 
5.071 208 46 150 67 96 77 0 0 49 137 0 129 52 138 0 133 84 134 0 125 255 104 94 0 
5.081 208 46 150 67 96 77 0 0 49 137 0 129 52 138 0 133 84 134 0 125 255 104 94 0 
5.091 208 46 150 67 96 77 0 0 49 137 0 129 52 138 0 133 84 134 0 125 255 104 94 0 
5.101 208 46 150 67 96 77 0 0 49 137 0 129 52 138 0 133 84 134 0 125 255 104 94 0 
5.111 208 46 150 67 96 77 0 0 49 137 0 129 52 138 0 133 84 134 0 125 255 104 94 0 
5.121 208 46 150 67 96 77 0 0 49 137 0 129 52 138 0 133 84 134 0 125 255 104 94 0 
5.131 208 46 150 67 96 77 0 0 49 137 0 129 52 138 0 133 84 134 0 125 255 104 94 0 
5.141 208 46 150 67 96 77 0 0 49 137 0 129 52 138 0 133 84 134 0 125 255 104 94 0 
5.151 208 46 150 67 96 77 0 0 49 137 0 129 52 138 0 133 84 134 0 125 255 104 94 0 
5.161 208 46 150 67 96 77 0 0 49 137 0 129 52 138 0 133 84 134 0 125 255 104 94 0 
5.171 208 46 150 67 96 77 0 0 49 137 0 129 52 138 0 133 84 134 0 125 255 104 94 0 
5.181 208 46 150 67 96 77 0 0 49 137 0 129 52 138 0 133 84 134 0 125 255 104 94 0 
5.191 208 46 150 67 96 77 0 0 49 137 0 129 52 138 0 133 84 134 0 125 255 104 94 0 
5.201 208 46 150 67 96 77 0 0 49 137 0 129 52 138 0 133 84 134 0 125 255 104 94 0 
5.211 208 46 150 67 96 77 0 0 49 137 0 129 52 138 0 133 84 134 0 125 255 104 94 0 
5.221 208 46 150 67 96 77 0 0 49 137 0 129 52 138 0 133 84 134 0 125 255 104 94 0 
5.231 208 46 150 67 96 77 0 0 49 137 0 129 52 138 0 133 84 134 0 125 255 104 94 0 
5.241 208 46 150 67 96 77 0 0 49 137 0 129 52 138 0 133 84 134 0 125 255 104 94 0 
5.251 208 46 150 67 96 77 0 0 49 137 0 129 52 138 0 133 84 134 0 125 255 104 94 0 
5.261 208 46 150 67 96 77 0 0 49 137 0 129 52 138 0 133 84 134 0 125 255 104 94 0 
5.271 208 46 150 67 96 77 0 0 49 137 0 129 52 138 0 133 84 134 0 125 255 104 94 0 
5.281 208 46 150 67 96 77 0 0 49 137 0 129 52 138 0 133 84 134 0 125 255 104 94 0 
5.291 208 46 150 67 96 77 0 0 49 137 0 129 52 138 0 133 84 134 0 125 255 104 94 0 
5.301 208 46 150 67 96 77 0 0 49 137 0 129 52 138 0 133 84 134 0 125 255 104 94 0 
5.311 208 46 150 67 96 77 0 0 49 137 0 129 52 138 0 133 84 134 0 125 255 104 94 0 
5.321 208 46 150 67 96 77 0 0 49 137 0 129 52 138 0 133 84 134 0 125 255 104 94 0 
5.331 208 46 150 67 96 77 0 0 49 137 0 129 52 138 0 133 84 134 0 125 255 104 94 0 
5.341 208 46 150 67 96 77 0 0 49 137 0 129 52 138 0 133 84 134 0 125 255 104 94 0 
5.351 208 46 150 67 96 77 0 0 49 137 0 129 52 138 0 133 84 134 0 125 255 104 94 0 
5.361 208 46 150 67 96 77 0 0 49 137 0 129 52 138 0 133 84 134 0 125 255 104 94 0 
5.371 208 46 150 67 96 77 0 0 49 137 0 129 52 138 0 133 84 134 0 125 255 104 94 0 
5.381 208 46 150 67 96 77 0 0 49 137 0 129 52 138 0 133 84 134 0 125 255 104 94 0 
5.391 208 46 150 67 96 77 0 0 49 137 0 129 52 138 0 133 84 134 0 125 255 104 94 0 
5.401 208 46 150 67 96 77 0 0 49 137 0 129 52 138 0 133 84 134 0 125 255 104 94 0 
5.411 208 46 150 67 96 77 0 0 49 137 0 129 52 138 0 133 84 134 0 125 255 104 94 0 
5.421 208 46 150 67 96 77 0 0 49 137 0 129 52 138 0 133 84 134 0 125 255 104 94 0 
5.431 208 46 150 67 96 77 0 0 49 137 0 129 52 138 0 133 84 134 0 121 255 104 94 0 
5.441 208 46 150 67 96 77 0 0 49 137 0 129 52 138 0 133 84 134 0 121 255 104 94 0 
5.451 208 46 150 67 96 77 0 0 49 137 0 129 52 138 0 133 84 134 0 121 255 104 94 0 
5.461 208 46 150 67 96 77 0 0 49 137 0 129 52 138 0 133 84 134 0 121 255 104 94 0 
5.471 208 46 150 67 96 77 0 0 49 137 0 129 48 138 0 133 84 134 0 121 255 104 94 0 
5.481 208 46 150 67 96 77 0 0 49 137 0 127 48 138 0 133 84 134 0 121 255 104 94 0 
5.491 208 46 150 67 96 77 0 0 49 137 0 127 48 138 0 133 84 134 0 121 255 104 94 0 
5.501 208 46 150 67 96 77 0 0 49 137 0 127 48 138 0 133 84 134 0 121 255 104 94 0 
5.511 208 46 150 67 96 77 0 0 49 137 0 127 48 138 0 128 84 134 0 121 255 104 94 0 
5.521 208 46 150 67 96 77 0 0 49 137 0 127 48 138 0 128 84 134 0 117 255 104 94 0 
5.531 208 46 150 67 96 77 0 0 49 137 0 127 48 138 0 128 84 134 0 117 255 104 94 0 
5.541 208 46 150 67 96 77 0 0 49 137 0 127 48 138 0 128 84 134 0 117 255 104 94 0 
5.551 208 46 150 67 96 77 0 0 49 137 0 127 48 138 0 128 84 134 0 117 255 104 94 0 
5.561 208 46 150 67 96 77 0 0 49 137 0 127 48 138 0 128 84 134 0 117 255 104 94 0 
5.571 208 46 150 67 96 77 0 0 49 137 0 127 48 138 0 128 84 134 0 117 255 99 94 0 
5.581 208 46 150 67 96 77 0 0 49 137 0 127 48 138 0 128 84 134 0 117 255 99 94 0 
5.591 208 46 150 67 96 77 0 0 49 137 0 127 48 138 0 128 84 134 0 117 255 99 94 0 
5.601 208 46 150 67 96 77 0 0 49 137 0 127 48 138 0 128 84 134 0 117 255 99 94 0 
5.611 208 46 150 67 96 77 0 0 49 137 0 127 48 138 0 128 84 134 0 117 255 99 94 0 
5.621 208 46 150 67 96 77 0 0 49 137 0 127 48 138 0 128 84 134 0 117 255 99 94 0 
5.631 208 46 150 67 96 77 0 0 49 137 0 127 48 138 0 128 84 134 0 117 255 99 94 0 
5.641 208 46 150 67 96 77 0 0 49 137 0 127 48 138 0 128 84 134 0 117 255 99 94 0 
5.651 208 46 150 67 96 77 0 0 49 137 0 127 48 138 0 128 84 134 0 117 255 99 94 0 
5.661 208 46 150 67 96 77 0 0 49 137 0 127 48 138 0 128 84 134 0 117 255 99 94 0 
5.671 208 46 150 67 96 77 0 0 49 137 0 127 48 138 0 128 84 134 0 117 255 99 94 0 
5.681 208 46 150 67 96 77 0 0 49 137 0 127 48 138 0 128 84 134 0 117 255 99 94 0 
5.691 208 42 150 67 96 77 0 0 49 137 0 122 48 138 0 126 80 134 0 117 255 99 94 0 
5.701 208 42 150 67 96 77 0 0 49 137 0 122 44 138 0 126 80 134 0 117 255 99 94 0 
5.711 208 42 150 67 96 77 0 0 49 137 0 122 44 138 0 126 80 134 0 117 255 99 94 0 
5.721 208 42 150 67 96 77 0 0 49 137 0 122 44 138 0 126 80 134 0 117 255 99 94 0 
5.731 208 42 150 67 96 77 0 0 49 137 0 122 44 138 0 126 80 134 0 117 255 99 94 0 
5.741 208 42 150 67 96 77 0 0 49 137 0 122 44 138 0 126 80 134 0 117 255 99 94 0 
5.751 208 42 150 67 96 77 0 0 49 137 0 122 44 138 0 126 80 134 0 117 255 99 94 0 
5.761 208 42 150 67 96 77 0 0 49 137 0 122 44 138 0 126 80 134 0 117 255 99 94 0 
5.773 208 42 150 67 96 77 0 0 49 137 0 122 44 138 0 126 80 134 0 117 255 99 94 0 
5.781 208 42 150 67 96 77 0 0 49 137 0 122 44 138 0 126 80 134 0 117 255 99 94 0 
5.791 208 42 150 67 96 77 0 0 44 137 0 122 44 138 0 126 80 134 0 117 255 99 94 0 
5.801 208 42 150 67 96 81 0 0 44 137 0 122 44 138 0 126 80 134 0 117 255 99 94 0 
5.811 208 42 150 67 96 81 0 0 44 137 0 122 44 138 0 126 80 134 0 117 255 99 94 0 
5.821 208 42 150 67 96 81 0 0 44 137 0 122 44 138 0 126 80 134 0 117 255 99 94 0 
5.831 208 42 150 67 96 81 0 0 44 137 0 122 44 138 0 126 80 134 0 117 255 99 94 0 
5.841 208 42 150 67 96 81 0 0 44 137 0 122 44 138 0 126 80 134 0 117 255 99 94 0 
5.851 208 42 150 67 92 81 0 0 44 137 0 122 44 138 0 126 80 134 0 117 255 99 94 0 
5.861 208 42 150 67 92 81 0 0 44 137 0 122 44 138 0 126 80 134 0 117 255 99 94 0 
5.871 208 42 150 67 92 81 0 0 44 137 0 122 44 138 0 126 80 134 0 117 255 99 94 0 
5.881 208 42 150 67 92 81 0 0 44 137 0 122 44 138 0 126 80 134 0 117 255 99 94 0 
5.891 208 42 150 67 92 81 0 0 44 137 0 122 44 138 0 126 80 134 0 117 255 99 94 0 
5.901 208 42 150 67 92 81 0 0 44 137 0 122 44 138 0 126 80 134 0 117 255 99 94 0 
5.911 208 42 150 67 92 81 0 0 44 137 0 122 44 138 0 126 80 134 0 117 255 99 94 0 
5.921 208 42 150 67 92 81 0 0 44 137 0 122 44 138 0 126 80 134 0 117 255 99 94 0 
5.931 208 42 150 67 92 81 0 0 44 137 0 122 44 138 0 126 80 134 0 117 255 99 94 0 
5.941 208 42 150 67 92 81 0 0 44 137 0 122 44 138 0 126 80 134 0 117 255 99 94 0 
5.951 208 37 150 67 92 81 0 0 44 137 0 122 44 138 0 126 80 134 0 117 255 99 94 0 
5.961 208 37 150 67 92 81 0 0 44 137 0 122 44 138 0 126 80 134 0 117 255 99 94 0 
5.971 208 37 150 67 92 81 0 0 44 137 0 122 44 138 0 126 80 134 0 117 255 99 94 0 
5.981 208 37 150 67 92 81 0 0 44 137 0 122 44 138 0 126 80 134 0 117 255 99 94 0 
5.991 208 37 150 67 92 81 0 0 44 137 0 122 44 138 0 126 80 134 0 117 255 99 94 0 
6.001 208 37 150 67 92 81 0 0 44 137 0 122 44 138 0 126 80 134 0 117 255 99 94 0 
6.011 208 37 150 67 92 81 0 0 44 137 0 122 44 138 0 126 80 134 0 117 255 99 94 0 
6.021 208 37 150 67 92 81 0 0 44 137 0 122 44 138 0 126 80 134 0 117 255 99 94 0 
6.031 208 37 150 67 92 81 0 0 44 137 0 122 44 138 0 126 80 134 0 117 255 99 94 0 
6.041 208 37 150 67 92 81 0 0 44 137 0 122 44 138 0 126 80 134 0 117 255 99 94 0 
6.051 208 37 150 67 92 81 0 0 44 137 0 122 44 138 0 126 80 134 0 117 255 99 94 0 
6.061 208 37 150 67 92 86 0 0 44 137 0 122 44 138 0 126 80 134 0 117 255 99 94 0 
6.071 208 37 150 67 92 86 0 0 44 137 0 122 44 138 0 128 80 134 0 117 255 99 94 0 
6.081 208 37 150 67 92 86 0 0 44 137 0 122 44 138 0 128 80 134 0 121 255 99 94 0 
6.091 208 37 150 67 92 86 0 0 44 137 0 122 44 138 0 128 80 134 0 121 255 99 94 0 
6.101 208 37 150 67 92 86 0 0 44 137 0 122 44 138 0 128 80 134 0 121 255 99 94 0 
6.111 208 37 150 67 92 86 0 0 44 137 0 122 44 138 0 128 80 134 0 121 255 99 94 0 
6.121 208 37 150 67 92 86 0 0 44 137 0 122 44 138 0 128 80 134 0 121 255 99 94 0 
6.131 208 37 150 67 88 86 0 0 44 137 0 122 48 138 0 128 80 134 0 125 255 99 94 0 
6.141 208 37 150 67 88 86 0 0 44 137 0 122 48 138 0 128 80 134 0 125 255 99 94 0 
6.153 208 37 150 67 88 86 0 0 44 137 0 122 48 133 0 128 80 134 0 125 255 99 94 0 
6.161 208 37 150 67 88 86 0 0 44 137 0 122 48 133 0 128 80 134 0 125 255 99 94 0 
6.171 208 37 150 67 88 86 0 0 44 137 0 122 48 133 0 128 80 134 0 125 255 99 94 0 
6.181 203 37 146 67 88 86 0 0 44 132 0 122 48 133 0 128 85 129 0 128 255 99 94 0 
6.191 203 42 146 67 88 86 0 0 44 132 0 122 53 128 0 128 85 129 0 128 255 99 99 0 
6.201 203 42 146 67 88 86 0 0 44 132 0 122 53 128 0 128 85 129 0 128 255 99 99 0 
6.211 203 42 146 72 88 86 0 0 44 132 0 122 53 126 0 128 85 129 0 128 255 99 99 0 
6.221 203 42 146 72 88 86 0 0 44 132 0 122 53 126 0 128 85 129 0 128 255 99 99 0 
6.231 198 42 140 72 83 86 0 0 44 127 0 122 53 126 0 128 85 127 0 128 255 99 99 0 
6.241 198 42 140 72 83 86 0 0 44 127 0 122 53 126 0 128 85 127 0 128 255 99 99 0 
6.251 198 42 140 72 83 86 0 0 44 127 0 122 53 126 0 128 85 127 0 128 255 99 99 0 
6.261 198 42 136 72 83 86 0 0 44 127 0 122 53 121 0 128 85 127 0 128 255 104 99 0 
6.271 198 42 136 72 83 86 0 0 44 127 0 122 53 121 0 128 85 127 0 128 255 104 99 0 
6.281 198 47 132 72 78 86 0 0 38 127 0 122 53 121 0 128 85 127 0 128 255 104 99 0 
6.291 198 47 132 77 78 86 0 0 38 127 0 122 53 121 0 128 85 121 0 128 255 104 99 0 
6.301 198 47 127 77 78 86 0 0 38 122 0 122 53 113 0 128 85 121 0 128 255 104 99 0 
6.311 193 47 127 77 78 86 0 0 38 122 0 122 53 113 0 128 85 121 0 128 255 104 99 0 
6.321 193 47 127 77 78 86 0 0 38 122 0 122 53 113 0 128 85 121 0 128 255 104 99 0 
6.331 193 47 127 77 78 86 0 0 38 122 0 122 53 108 0 128 85 116 0 128 255 104 104 0 
6.341 193 47 122 77 78 86 0 0 38 122 0 122 53 108 0 128 85 116 0 128 255 104 104 0 
6.351 193 52 122 77 78 86 0 0 38 117 0 122 53 108 0 128 85 116 0 128 255 104 104 0 
6.361 188 52 122 82 78 86 0 0 38 117 0 122 53 108 0 128 85 116 0 128 255 104 104 0 
6.371 188 52 122 82 78 86 0 0 34 117 0 122 53 108 0 128 85 116 0 128 255 104 104 0 
6.381 188 52 122 82 78 86 0 0 34 117 0 122 53 108 0 128 85 116 0 128 255 104 104 0 
6.391 183 52 122 82 78 86 0 0 34 117 0 122 53 108 0 128 85 116 0 128 255 104 104 0 
6.401 183 52 122 82 78 86 0 0 34 117 0 122 53 108 0 128 85 116 0 128 255 104 104 0 
6.411 178 52 122 88 78 86 0 0 34 117 0 127 53 108 0 128 85 116 0 128 255 104 104 0 
6.421 178 52 122 88 78 86 0 0 34 117 0 127 53 108 0 128 85 116 0 128 255 104 104 0 
6.431 178 52 122 88 78 86 0 0 34 117 0 127 57 108 0 128 85 116 0 128 255 104 104 0 
6.441 173 52 122 88 78 86 0 0 39 117 0 127 57 108 0 128 89 116 0 128 255 98 104 0 
6.451 173 52 122 88 78 86 0 0 39 117 0 130 57 108 0 128 89 116 0 128 255 98 104 0 
6.461 168 57 122 88 78 86 0 0 44 117 0 130 57 108 0 128 89 116 0 128 255 98 104 0 
6.471 168 57 122 88 78 86 0 0 44 117 0 130 63 108 0 128 89 116 0 128 255 98 104 0 
6.481 168 57 122 88 78 92 0 0 49 117 0 130 63 108 0 128 95 116 0 128 255 93 104 0 
6.491 161 57 122 93 78 92 0 0 49 117 0 130 67 114 0 128 95 116 0 128 249 93 104 0 
6.501 161 57 122 93 83 96 0 0 54 123 0 135 67 114 0 128 99 120 0 128 249 93 104 0 
6.511 161 62 127 93 83 96 0 0 58 123 0 135 73 118 0 128 99 120 0 128 243 93 104 0 
6.521 161 62 127 93 83 96 0 0 58 123 0 135 73 118 0 128 99 120 0 128 243 93 104 0 
6.531 156 62 127 93 83 96 0 0 58 127 0 135 73 118 0 128 104 120 0 128 243 93 104 0 
6.541 156 62 127 93 83 102 0 0 64 127 0 135 80 118 0 126 104 120 0 128 236 93 99 0 
6.551 156 62 130 93 83 102 0 0 64 130 0 135 80 118 0 126 104 120 0 128 236 93 99 0 
6.561 156 62 130 93 83 106 0 0 64 130 0 135 80 118 0 126 110 120 0 128 236 88 99 0 
6.571 156 67 130 93 88 106 0 0 68 130 0 135 80 123 0 126 110 120 0 128 231 88 99 0 
6.581 156 67 130 93 88 106 0 0 68 130 0 140 86 123 0 126 110 120 0 128 231 88 99 0 
6.591 156 67 130 93 88 106 0 0 73 130 0 140 86 123 0 126 110 120 0 128 231 88 99 0 
6.601 156 67 130 93 88 106 0 0 73 130 0 140 91 123 0 122 115 120 0 128 231 88 99 0 
6.611 156 67 130 93 92 106 0 0 77 134 0 140 91 123 0 122 115 120 0 132 231 88 99 0 
6.621 156 67 130 93 92 110 0 0 77 134 0 140 91 123 0 122 115 120 0 132 231 88 99 0 
6.631 156 67 130 93 92 110 0 0 77 134 0 140 91 123 0 122 115 120 0 132 231 88 99 0 
6.641 156 67 130 93 92 110 0 0 81 134 0 140 96 123 0 122 115 125 0 132 231 88 99 0 
6.651 156 67 130 93 92 110 0 0 81 134 0 140 96 123 0 122 115 125 0 132 231 88 99 0 
6.661 156 71 130 93 92 110 0 0 81 134 0 140 96 123 0 122 115 125 0 132 231 88 99 0 
6.672 156 71 134 93 92 110 0 0 85 134 0 140 96 123 0 122 115 125 0 132 231 88 99 0 
6.681 156 71 134 93 92 110 0 0 90 134 0 145 96 123 0 122 119 125 0 132 231 88 99 0 
6.691 156 71 134 93 92 110 0 0 94 134 0 145 102 123 0 122 119 125 0 138 236 88 99 0 
6.701 156 71 134 93 98 110 0 0 99 134 0 145 102 123 0 122 119 125 0 138 236 88 99 0 
6.711 156 71 134 98 98 110 0 0 104 134 0 145 102 123 0 122 119 125 0 142 241 94 99 0 
6.721 156 71 134 98 98 110 0 0 104 134 0 145 102 123 0 122 119 125 0 142 241 94 99 0 
6.731 156 71 134 98 98 110 0 0 104 134 0 145 102 123 0 122 119 125 0 142 241 94 99 0 
6.741 156 71 134 98 98 110 0 0 104 134 0 149 102 119 0 127 119 125 0 142 246 98 99 0 
6.751 156 71 134 98 98 110 0 0 104 134 0 149 102 119 0 127 119 125 0 142 246 98 99 0 
6.761 156 71 134 98 98 110 0 0 104 130 0 149 102 119 0 127 119 125 0 142 246 98 99 0 
6.771 156 71 134 98 103 110 0 0 104 130 0 149 102 119 0 127 119 125 0 142 246 98 99 0 
6.781 156 71 134 98 103 110 0 0 104 127 0 149 102 119 0 127 119 125 0 142 250 104 99 0 
6.791 156 71 134 98 103 110 0 0 104 127 0 149 102 112 0 127 119 120 0 142 250 104 99 0 
6.805 156 71 134 98 103 110 0 0 104 127 0 149 102 112 0 127 119 120 0 148 250 108 99 0 
6.811 156 71 134 103 103 110 0 0 104 127 0 149 102 108 0 127 119 120 0 148 250 108 99 0 
6.821 156 71 134 103 103 110 0 0 104 127 0 149 102 108 0 127 119 120 0 148 250 113 99 0 
6.831 156 71 134 103 103 110 0 0 104 120 0 149 102 108 0 129 119 120 0 148 250 113 99 0 
6.841 156 71 134 108 103 110 0 0 104 120 0 149 102 108 0 129 119 114 0 148 250 113 99 0 
6.851 150 66 134 108 103 105 0 0 104 115 0 149 102 102 0 129 119 114 0 148 250 117 99 0 
6.861 150 66 134 108 103 105 0 0 104 115 0 149 102 102 0 129 119 114 0 148 250 117 99 0 
6.871 150 66 134 108 103 105 0 0 104 115 0 149 102 102 0 129 119 114 0 148 250 121 99 0 
6.881 150 66 134 108 103 105 0 0 104 110 0 149 102 102 0 129 119 114 0 148 250 121 99 0 
6.891 150 66 134 108 103 105 0 0 104 110 0 149 102 97 0 129 119 114 0 148 250 121 99 0 
6.901 150 66 134 108 103 105 0 0 104 110 0 149 102 97 0 129 119 114 0 153 250 121 99 0 
6.911 150 66 134 108 103 105 0 0 104 110 0 149 102 97 0 129 119 109 0 153 250 121 99 0 
6.921 150 66 134 108 103 105 0 0 104 110 0 149 102 97 0 129 119 109 0 153 250 125 99 0 
6.931 150 66 134 113 103 100 0 0 104 110 0 149 102 97 0 129 119 109 0 153 250 125 99 0 
6.941 150 66 134 113 103 100 0 0 104 110 0 149 102 97 0 129 119 109 0 153 250 125 99 0 
6.951 150 66 134 113 103 100 0 0 104 106 0 149 102 97 0 129 119 109 0 153 250 125 99 0 
6.961 150 66 134 113 103 100 0 0 104 106 0 149 102 92 0 129 119 109 0 153 250 125 99 0 
6.971 150 66 134 113 103 100 0 0 104 106 0 149 102 92 0 129 119 109 0 153 250 125 99 0 
6.981 150 66 134 113 103 100 0 0 104 106 0 149 102 92 0 129 119 109 0 153 255 125 99 0 
6.991 150 66 134 113 103 100 0 0 104 106 0 149 102 92 0 129 119 109 0 153 255 125 99 0 
7.001 150 66 134 113 103 100 0 0 104 106 0 149 102 92 0 129 119 109 0 153 255 125 99 0 
7.011 150 66 134 113 103 100 0 0 104 106 0 149 102 92 0 129 119 109 0 153 255 125 99 0 
7.021 150 66 134 113 103 100 0 0 104 106 0 149 102 92 0 129 119 109 0 153 255 125 99 0 
7.031 150 66 134 113 103 100 0 0 108 106 0 149 107 92 0 129 119 109 0 153 255 125 99 0 
7.041 150 66 134 113 103 100 0 0 108 106 0 149 107 92 0 129 119 109 0 153 255 125 99 0 
7.051 150 66 134 113 103 100 0 0 108 106 0 149 107 92 0 129 119 109 0 153 255 125 99 0 
7.061 150 66 134 113 103 100 0 0 108 106 0 154 107 92 0 129 119 109 0 153 255 125 99 0 
7.071 150 66 134 113 103 100 0 0 108 106 0 154 107 92 0 129 119 109 0 153 255 125 99 0 
7.081 150 66 134 113 103 100 0 0 108 106 0 154 107 92 0 129 119 109 0 153 255 125 99 0 
7.091 150 66 134 113 103 100 0 0 108 106 0 154 107 92 0 129 119 109 0 153 255 125 99 0 
7.101 150 66 134 107 103 100 0 0 108 106 0 154 107 92 0 129 119 109 0 153 255 125 99 0 
7.111 150 71 134 107 103 100 0 0 108 102 0 154 107 92 0 129 119 109 0 153 255 125 99 0 
7.121 150 71 134 107 103 100 0 0 108 102 0 154 107 88 0 129 119 109 0 153 255 125 99 0 
7.131 150 71 134 107 103 100 0 0 108 102 0 154 107 88 0 129 119 109 0 153 255 125 99 0 
7.141 150 71 134 107 103 100 0 0 112 102 0 154 107 88 0 129 119 109 0 157 255 125 99 0 
7.151 150 71 134 107 103 100 0 0 112 102 0 154 107 88 0 129 119 105 0 157 255 125 99 0 
7.161 150 71 134 107 103 100 0 0 112 102 0 154 107 88 0 129 119 105 0 157 255 125 99 0 
7.171 150 71 134 107 103 100 0 0 112 102 0 154 107 88 0 129 119 105 0 157 255 125 99 0 
7.181 150 71 134 107 103 100 0 0 112 102 0 154 107 88 0 129 119 105 0 157 255 125 99 0 
7.191 150 71 134 107 103 100 0 0 112 102 0 154 107 88 0 129 119 105 0 157 255 125 99 0 
7.201 150 71 134 107 103 100 0 0 112 102 0 154 107 88 0 129 119 105 0 157 255 125 99 0 
7.211 150 71 134 107 103 100 0 0 112 102 0 154 107 88 0 129 119 105 0 157 255 125 99 0 
7.221 150 71 134 107 103 100 0 0 112 102 0 154 107 88 0 129 119 105 0 157 255 125 99 0 
7.231 150 71 134 107 103 100 0 0 112 102 0 154 107 88 0 129 119 105 0 157 255 125 99 0 
7.241 150 71 134 107 103 100 0 0 112 102 0 154 107 88 0 129 119 105 0 157 255 125 99 0 
7.251 150 71 134 107 103 100 0 0 112 102 0 154 107 88 0 129 119 105 0 157 255 125 99 0 
7.261 150 71 134 107 103 100 0 0 112 102 0 154 107 88 0 129 119 105 0 157 255 125 99 0 
7.271 150 71 134 107 103 100 0 0 112 102 0 154 107 88 0 129 119 105 0 157 255 125 99 0 
7.281 150 71 134 107 103 100 0 0 112 102 0 154 107 88 0 134 119 105 0 157 255 125 99 0 
7.291 150 71 134 107 103 100 0 0 112 102 0 154 107 88 0 134 119 105 0 157 255 125 99 0 
7.301 150 71 134 107 103 100 0 0 112 102 0 154 107 88 0 134 119 105 0 157 255 125 99 0 
7.311 150 71 134 107 103 100 0 0 112 102 0 154 107 88 0 134 119 105 0 157 255 125 99 0 
7.321 150 71 134 107 103 100 0 0 112 102 0 154 107 88 0 134 119 105 0 157 255 125 99 0 
7.333 150 71 134 107 103 100 0 0 112 102 0 154 107 88 0 134 119 105 0 157 255 125 99 0 
7.341 150 71 134 107 103 100 0 0 112 102 0 154 107 88 0 134 119 105 0 157 255 125 99 0 
7.351 150 71 134 107 103 100 0 0 112 102 0 154 107 88 0 134 119 105 0 157 255 125 99 0 
7.361 150 71 134 107 103 100 0 0 112 102 0 154 107 88 0 134 119 105 0 157 255 125 99 0 
7.371 150 71 134 107 103 100 0 0 112 102 0 154 107 88 0 134 119 105 0 157 255 125 99 0 
7.381 150 71 134 107 103 100 0 0 112 102 0 154 107 88 0 134 119 105 0 157 255 125 99 0 
7.391 150 71 134 107 103 100 0 0 112 102 0 154 107 88 0 134 119 105 0 157 255 125 99 0 
7.401 150 71 134 107 103 100 0 0 112 102 0 154 107 88 0 134 119 105 0 157 255 125 99 0 
7.411 150 71 134 107 103 100 0 0 112 102 0 154 107 88 0 134 119 105 0 157 255 125 99 0 
7.421 150 71 134 107 103 100 0 0 112 102 0 154 107 88 0 134 119 105 0 157 255 125 99 0 
7.431 150 71 134 107 103 100 0 0 112 102 0 154 107 88 0 134 119 105 0 157 255 125 99 0 
7.441 150 71 134 107 103 100 0 0 112 102 0 154 107 88 0 134 119 105 0 157 255 125 99 0 
7.451 150 71 134 107 103 100 0 0 112 102 0 154 107 88 0 134 119 105 0 157 255 125 99 0 
7.465 150 71 134 107 103 100 0 0 112 102 0 154 107 88 0 134 119 105 0 157 255 125 99 0 
7.471 150 71 134 107 103 100 0 0 112 102 0 154 107 88 0 134 119 105 0 157 255 125 99 0 
7.481 150 71 134 107 103 100 0 0 112 102 0 154 107 88 0 134 119 105 0 157 255 125 99 0 
7.491 150 71 134 107 103 100 0 0 112 102 0 154 107 88 0 134 119 105 0 157 255 125 99 0 
7.501 150 71 134 107 103 100 0 0 112 102 0 154 107 88 0 134 119 105 0 157 255 125 99 0 
7.511 150 71 134 107 103 100 0 0 112 102 0 154 107 88 0 134 119 105 0 157 255 125 99 0 
7.521 150 71 134 107 103 100 0 0 112 102 0 154 107 88 0 134 119 105 0 157 255 125 99 0 
7.531 150 71 134 107 103 100 0 0 112 102 0 154 107 88 0 134 119 105 0 157 255 125 99 0 
7.541 150 71 134 107 103 100 0 0 112 102 0 154 107 88 0 134 119 105 0 157 255 125 99 0 
7.551 150 71 134 107 103 100 0 0 112 102 0 154 107 88 0 134 119 105 0 157 255 125 99 0 
7.561 150 71 134 107 103 100 0 0 112 102 0 154 107 88 0 134 119 105 0 157 255 125 99 0 
7.571 150 71 134 107 103 100 0 0 112 102 0 154 107 88 0 134 119 105 0 157 255 125 99 0 
7.581 150 71 134 107 103 100 0 0 112 102 0 154 107 88 0 134 119 105 0 157 255 125 99 0 
7.591 150 71 134 107 103 100 0 0 112 102 0 154 107 88 0 134 119 105 0 157 255 125 99 0 
7.601 150 71 134 107 103 100 0 0 112 102 0 154 107 88 0 134 119 105 0 157 255 125 99 0 
7.611 150 71 134 107 103 100 0 0 112 102 0 154 107 88 0 134 119 105 0 157 255 125 99 0 
7.621 150 71 134 107 103 100 0 0 112 102 0 154 107 88 0 134 119 105 0 157 255 125 99 0 
7.631 150 71 134 107 103 100 0 0 112 102 0 154 107 88 0 134 119 105 0 157 255 125 99 0 
