Hora de inicio de la toma de datos: 12:36:04
AT(s) ROLL1(udig) MCF1 IFD1 A1 MCF2 IFP2 IFD2(*) A2(**) MCF3 IFP3 IFD3(*) A3 MCF4 IFP4 IFD4(*) A4 MCF5 IFP5 IFD5(*) A5 ROLL5 C C_Ano usado
0.01 155 91 137 109 118 84 0 0 128 83 0 154 122 81 0 151 130 105 0 156 245 129 99 0 
0.02 155 91 137 109 118 84 0 0 128 83 0 154 122 81 0 151 130 105 0 156 245 129 99 0 
0.03 155 91 137 109 118 84 0 0 128 83 0 154 122 81 0 151 130 105 0 156 245 129 99 0 
0.04 155 91 137 109 118 84 0 0 128 83 0 154 122 81 0 151 130 105 0 156 245 129 99 0 
0.05 155 91 137 109 118 84 0 0 128 83 0 154 122 81 0 151 130 105 0 156 245 129 99 0 
0.06 155 91 137 109 118 84 0 0 128 83 0 154 122 81 0 151 130 105 0 156 245 129 99 0 
0.07 155 91 137 109 118 84 0 0 128 83 0 154 122 81 0 151 130 105 0 156 245 129 99 0 
0.08 155 91 137 109 118 84 0 0 128 83 0 154 122 81 0 151 130 105 0 156 245 129 99 0 
0.09 155 91 137 109 118 84 0 0 128 83 0 154 122 81 0 151 130 105 0 156 245 129 99 0 
0.1 155 91 137 109 118 84 0 0 128 83 0 154 122 81 0 151 130 105 0 156 245 129 99 0 
0.11 155 91 137 109 118 84 0 0 128 83 0 154 122 81 0 151 130 105 0 156 245 129 99 0 
0.12 155 91 137 109 118 84 0 0 128 83 0 154 122 81 0 151 130 105 0 156 245 129 99 0 
0.13 155 91 137 109 118 84 0 0 128 83 0 154 122 81 0 151 130 105 0 156 245 129 99 0 
0.14 155 91 137 109 118 84 0 0 128 83 0 154 122 81 0 151 130 105 0 156 245 129 99 0 
0.15 155 91 137 109 118 84 0 0 128 83 0 154 122 81 0 151 130 105 0 156 245 129 99 0 
0.16 155 91 137 109 118 84 0 0 128 83 0 154 122 81 0 151 130 105 0 156 245 129 99 0 
0.171 155 91 137 109 118 84 0 0 128 83 0 154 122 81 0 151 130 105 0 156 245 129 99 0 
0.181 155 91 137 109 118 84 0 0 128 83 0 154 122 81 0 151 130 105 0 156 245 129 99 0 
0.191 155 91 137 109 118 84 0 0 128 83 0 154 122 81 0 151 130 105 0 156 245 129 99 0 
0.201 155 91 137 109 118 84 0 0 128 83 0 154 122 81 0 151 130 105 0 156 245 129 99 0 
0.211 155 91 137 109 118 84 0 0 128 83 0 154 122 81 0 151 130 105 0 156 245 129 99 0 
0.221 155 91 137 109 118 84 0 0 128 83 0 154 122 81 0 151 130 105 0 156 245 129 99 0 
0.231 155 91 137 109 118 84 0 0 128 83 0 154 122 81 0 151 130 105 0 156 245 129 99 0 
0.241 155 91 137 109 118 84 0 0 128 83 0 154 122 81 0 151 130 105 0 156 245 129 99 0 
0.251 155 91 137 109 118 84 0 0 128 83 0 154 122 81 0 151 130 105 0 156 245 129 99 0 
0.261 155 91 137 109 118 84 0 0 128 83 0 154 122 81 0 151 130 105 0 156 245 129 99 0 
0.271 155 91 137 109 118 84 0 0 128 83 0 154 122 81 0 151 130 105 0 156 245 129 99 0 
0.281 155 91 137 109 118 84 0 0 128 83 0 154 122 81 0 151 130 105 0 156 245 129 99 0 
0.29 155 91 137 109 118 84 0 0 128 83 0 154 122 81 0 151 130 105 0 156 245 129 99 0 
0.3 155 91 137 109 118 84 0 0 128 83 0 154 122 81 0 151 130 105 0 156 245 129 99 0 
0.31 155 91 137 109 118 84 0 0 128 83 0 154 122 81 0 151 130 105 0 156 245 129 99 0 
0.32 155 91 137 109 118 84 0 0 128 83 0 154 122 81 0 151 130 105 0 156 245 129 99 0 
0.33 155 91 137 109 118 84 0 0 128 83 0 154 122 81 0 151 130 105 0 156 245 129 99 0 
0.34 155 91 137 109 118 84 0 0 128 83 0 154 122 81 0 151 130 105 0 156 245 129 99 0 
0.35 155 91 137 109 118 84 0 0 128 83 0 154 122 81 0 151 130 105 0 156 245 129 99 0 
0.36 155 91 137 109 118 84 0 0 128 83 0 154 122 81 0 151 130 105 0 156 245 129 99 0 
0.37 155 91 137 109 118 84 0 0 128 83 0 154 122 81 0 151 130 105 0 156 245 129 99 0 
0.38 155 91 137 109 118 84 0 0 128 83 0 154 122 81 0 151 130 105 0 156 245 129 99 0 
0.39 155 91 137 109 118 84 0 0 128 83 0 154 122 81 0 151 130 105 0 156 245 129 99 0 
0.4 155 91 137 109 118 84 0 0 128 83 0 154 122 81 0 151 130 105 0 156 245 129 99 0 
0.41 155 91 137 109 118 84 0 0 128 83 0 154 122 81 0 151 130 105 0 156 245 129 99 0 
0.42 155 91 137 109 118 84 0 0 128 83 0 154 122 81 0 151 130 105 0 156 245 129 99 0 
0.43 155 91 137 109 118 84 0 0 128 83 0 154 122 81 0 151 130 105 0 156 245 129 99 0 
0.44 155 91 137 109 118 84 0 0 128 83 0 154 122 81 0 151 130 105 0 156 245 129 99 0 
0.45 155 91 137 109 118 84 0 0 128 83 0 154 122 81 0 151 130 105 0 156 245 129 99 0 
0.46 155 91 137 109 118 84 0 0 128 83 0 154 122 81 0 151 130 105 0 156 245 129 99 0 
0.47 155 91 137 109 118 84 0 0 128 83 0 154 122 81 0 151 130 105 0 156 245 129 99 0 
0.48 155 91 137 109 118 84 0 0 128 83 0 154 122 81 0 151 130 105 0 156 245 129 99 0 
0.49 155 91 137 109 118 84 0 0 128 83 0 154 122 81 0 151 130 105 0 156 245 129 99 0 
0.5 155 91 137 109 118 84 0 0 128 83 0 154 122 81 0 151 130 105 0 156 245 129 99 0 
0.51 155 91 137 109 118 84 0 0 128 83 0 154 122 81 0 151 130 105 0 156 245 129 99 0 
0.52 155 91 137 109 118 84 0 0 128 83 0 154 122 81 0 151 130 105 0 156 245 129 99 0 
0.53 155 91 137 109 118 84 0 0 128 83 0 154 122 81 0 151 130 105 0 156 245 129 99 0 
0.54 155 91 137 109 118 84 0 0 128 83 0 154 122 81 0 151 130 105 0 156 245 129 99 0 
0.55 155 91 137 109 118 84 0 0 128 83 0 154 122 81 0 151 130 105 0 156 245 129 99 0 
0.56 155 91 137 109 118 84 0 0 128 83 0 154 122 81 0 151 130 105 0 156 245 129 99 0 
0.57 155 91 137 109 118 84 0 0 128 83 0 154 122 81 0 151 130 105 0 156 245 129 99 0 
0.58 155 91 137 109 118 84 0 0 128 83 0 154 122 81 0 151 130 105 0 156 245 129 99 0 
0.59 155 91 137 109 118 84 0 0 128 83 0 154 122 81 0 151 130 105 0 156 245 129 99 0 
0.6 155 91 137 109 118 84 0 0 128 83 0 154 122 81 0 151 130 105 0 156 245 129 99 0 
0.61 155 91 137 109 118 84 0 0 128 83 0 154 122 81 0 151 130 105 0 156 245 129 99 0 
0.62 155 91 137 109 118 84 0 0 128 83 0 154 122 81 0 151 130 105 0 156 245 129 99 0 
0.63 155 91 137 109 118 84 0 0 128 83 0 154 122 81 0 151 130 105 0 156 245 129 99 0 
0.64 155 91 137 109 118 84 0 0 128 83 0 154 122 81 0 151 130 105 0 156 245 129 99 0 
0.65 155 91 137 109 118 84 0 0 128 83 0 154 122 81 0 151 130 105 0 156 245 129 99 0 
0.66 155 91 137 109 118 84 0 0 128 83 0 154 122 81 0 151 130 105 0 156 245 129 99 0 
0.67 155 91 137 109 118 84 0 0 128 83 0 154 122 81 0 151 130 105 0 156 245 129 99 0 
0.68 155 91 137 109 118 84 0 0 128 83 0 154 122 81 0 151 130 105 0 156 245 129 99 0 
0.69 155 91 137 109 118 84 0 0 128 83 0 154 122 81 0 151 130 105 0 156 245 129 99 0 
0.7 155 91 137 109 118 84 0 0 128 83 0 154 122 81 0 151 130 105 0 156 245 129 99 0 
0.71 155 91 137 109 118 84 0 0 128 83 0 154 122 81 0 151 130 105 0 156 245 129 99 0 
0.72 155 91 137 109 118 84 0 0 128 83 0 154 122 81 0 151 130 105 0 156 245 129 99 0 
0.73 155 91 137 109 118 84 0 0 128 83 0 154 122 81 0 151 130 105 0 156 245 129 99 0 
0.74 155 91 137 109 118 84 0 0 128 83 0 154 122 81 0 151 130 105 0 156 245 129 99 0 
0.75 155 91 137 109 118 84 0 0 128 83 0 154 122 81 0 151 130 105 0 156 245 129 99 0 
0.76 155 91 137 109 118 84 0 0 128 83 0 154 122 81 0 151 130 105 0 156 245 129 99 0 
0.77 155 91 137 109 118 84 0 0 128 83 0 154 122 81 0 151 130 105 0 156 245 129 99 0 
0.78 155 91 137 109 118 84 0 0 128 83 0 154 122 81 0 151 130 105 0 156 245 129 99 0 
0.79 155 91 137 109 118 84 0 0 128 83 0 154 122 81 0 151 130 105 0 156 245 129 99 0 
0.8 155 91 137 109 118 84 0 0 128 83 0 154 122 81 0 151 130 105 0 156 245 129 99 0 
0.81 155 91 137 109 118 84 0 0 128 83 0 154 122 81 0 151 130 105 0 156 245 129 99 0 
0.82 155 91 137 109 118 84 0 0 128 83 0 154 122 81 0 151 130 105 0 156 245 129 99 0 
0.83 155 91 137 109 118 84 0 0 128 83 0 154 122 81 0 151 130 105 0 156 245 129 99 0 
0.84 155 91 137 109 118 84 0 0 128 83 0 154 122 81 0 151 130 105 0 156 245 129 99 0 
0.85 155 91 137 109 118 84 0 0 128 83 0 154 122 81 0 151 130 105 0 156 245 129 99 0 
0.86 155 91 137 109 118 84 0 0 128 83 0 154 122 81 0 151 130 105 0 156 245 129 99 0 
0.87 155 91 137 109 118 84 0 0 128 83 0 154 122 81 0 151 130 105 0 156 245 129 99 0 
0.88 155 91 137 109 118 84 0 0 128 83 0 154 122 81 0 151 130 105 0 156 245 129 99 0 
0.89 155 91 137 109 118 84 0 0 128 83 0 154 122 81 0 151 130 105 0 156 245 129 99 0 
0.9 155 91 137 109 118 84 0 0 128 83 0 154 122 81 0 151 130 105 0 156 245 129 99 0 
0.91 155 91 137 109 118 84 0 0 128 83 0 154 122 81 0 151 130 105 0 156 245 129 99 0 
0.92 155 91 137 109 118 84 0 0 128 83 0 154 122 81 0 151 130 105 0 156 245 129 99 0 
0.93 155 91 137 109 118 84 0 0 128 83 0 154 122 81 0 151 130 105 0 156 245 129 99 0 
0.94 155 91 137 109 118 84 0 0 128 83 0 154 122 81 0 151 130 105 0 156 245 129 99 0 
0.95 155 91 137 109 118 84 0 0 128 83 0 154 122 81 0 151 130 105 0 156 245 129 99 0 
0.96 155 91 137 109 118 84 0 0 128 83 0 154 122 81 0 151 130 105 0 156 245 129 99 0 
0.97 155 91 137 109 118 84 0 0 128 83 0 154 122 81 0 151 130 105 0 156 245 129 99 0 
0.98 155 91 137 109 118 84 0 0 128 83 0 154 122 81 0 151 130 105 0 156 245 129 99 0 
0.99 155 91 137 109 118 84 0 0 128 83 0 154 122 81 0 151 130 105 0 156 245 129 99 0 
1 155 91 137 109 118 84 0 0 128 83 0 154 122 81 0 151 130 105 0 156 245 129 99 0 
1.01 155 91 137 109 118 84 0 0 128 83 0 154 122 81 0 151 130 105 0 156 245 129 99 0 
1.02 155 91 137 109 118 84 0 0 128 83 0 154 122 81 0 151 130 105 0 156 245 129 99 0 
1.03 155 91 137 109 118 84 0 0 128 83 0 154 122 81 0 151 130 105 0 156 245 129 99 0 
1.04 155 91 137 109 118 84 0 0 128 83 0 154 122 81 0 151 130 105 0 156 245 129 99 0 
1.05 155 91 137 109 118 84 0 0 128 83 0 154 122 81 0 151 130 105 0 156 245 129 99 0 
1.06 155 91 137 109 118 84 0 0 128 83 0 154 122 81 0 151 130 105 0 156 245 129 99 0 
1.07 155 91 137 109 118 84 0 0 128 83 0 154 122 81 0 151 130 105 0 156 245 129 99 0 
1.08 155 91 137 109 118 84 0 0 128 83 0 154 122 81 0 151 130 105 0 156 245 129 99 0 
1.09 155 91 137 109 118 84 0 0 128 83 0 154 122 81 0 151 130 105 0 156 245 129 99 0 
1.1 155 91 137 109 118 84 0 0 128 83 0 154 122 81 0 151 130 105 0 156 245 129 99 0 
1.11 155 91 137 109 118 84 0 0 128 83 0 154 122 81 0 151 130 105 0 156 245 129 99 0 
1.12 155 91 137 109 118 84 0 0 128 83 0 154 122 81 0 151 130 105 0 156 245 129 99 0 
1.13 155 91 137 109 118 84 0 0 128 83 0 154 122 81 0 151 130 105 0 156 245 129 99 0 
1.14 155 91 137 109 118 84 0 0 128 83 0 154 122 81 0 151 130 105 0 156 245 129 99 0 
1.15 155 91 137 109 118 84 0 0 128 83 0 154 122 81 0 151 130 105 0 156 245 129 99 0 
1.16 155 91 137 109 118 84 0 0 128 83 0 154 122 81 0 151 130 105 0 156 245 129 99 0 
1.17 155 91 137 109 118 84 0 0 128 83 0 154 122 81 0 151 130 105 0 156 245 129 99 0 
1.18 155 91 137 109 118 84 0 0 128 83 0 154 122 81 0 151 130 105 0 156 245 129 99 0 
1.19 155 91 137 109 118 84 0 0 128 83 0 154 122 81 0 151 130 105 0 156 245 129 99 0 
1.2 155 91 137 109 118 84 0 0 128 83 0 154 122 81 0 151 130 105 0 156 245 129 99 0 
1.21 155 91 137 109 118 84 0 0 128 83 0 154 122 81 0 151 130 105 0 156 245 129 99 0 
1.22 155 91 137 109 118 84 0 0 128 83 0 154 122 81 0 151 130 105 0 156 245 129 99 0 
1.23 155 91 137 109 118 84 0 0 128 83 0 154 122 81 0 151 130 105 0 156 245 129 99 0 
1.24 155 91 137 109 118 84 0 0 128 83 0 154 122 81 0 151 130 105 0 156 245 129 99 0 
1.25 155 91 137 109 118 84 0 0 128 83 0 154 122 81 0 151 130 105 0 156 245 129 99 0 
1.26 155 91 137 109 118 84 0 0 128 83 0 154 122 81 0 151 130 105 0 156 245 129 99 0 
1.27 155 91 137 109 118 84 0 0 128 83 0 154 122 81 0 151 130 105 0 156 245 129 99 0 
1.28 155 91 137 109 118 84 0 0 128 83 0 154 122 81 0 151 130 105 0 156 245 129 99 0 
1.29 155 91 137 109 118 84 0 0 128 83 0 154 122 81 0 151 130 105 0 156 245 129 99 0 
1.3 155 91 137 109 118 84 0 0 128 83 0 154 122 81 0 151 130 105 0 156 245 129 99 0 
1.31 155 91 137 109 118 84 0 0 128 83 0 154 122 81 0 151 130 105 0 156 245 129 99 0 
1.32 155 91 137 109 118 84 0 0 128 83 0 154 122 81 0 151 130 105 0 156 245 129 99 0 
1.33 155 91 137 109 118 84 0 0 128 83 0 154 122 81 0 151 130 105 0 156 245 129 99 0 
1.34 155 91 137 109 118 84 0 0 128 83 0 154 122 81 0 151 130 105 0 156 245 129 99 0 
1.35 155 91 137 109 118 84 0 0 128 83 0 154 122 81 0 151 130 105 0 156 245 129 99 0 
1.36 155 91 137 109 118 84 0 0 128 83 0 154 122 81 0 151 130 105 0 156 245 129 99 0 
1.37 155 91 137 109 118 84 0 0 128 83 0 154 122 81 0 151 130 105 0 156 245 129 99 0 
1.38 155 91 137 109 118 84 0 0 128 83 0 154 122 81 0 151 130 105 0 156 245 129 99 0 
1.39 155 91 137 109 118 84 0 0 128 83 0 154 122 81 0 151 130 105 0 156 245 129 99 0 
1.4 155 91 137 109 118 84 0 0 128 83 0 154 122 81 0 151 130 105 0 156 245 129 99 0 
1.41 155 91 137 109 118 84 0 0 128 83 0 154 122 81 0 151 130 105 0 156 245 129 99 0 
1.42 155 91 137 109 118 84 0 0 128 83 0 154 122 81 0 151 130 105 0 156 245 129 99 0 
1.43 155 91 137 109 118 84 0 0 128 83 0 154 122 81 0 151 130 105 0 156 245 129 99 0 
1.44 155 91 137 109 118 84 0 0 128 83 0 154 122 81 0 151 130 105 0 156 245 129 99 0 
1.45 155 91 137 109 118 84 0 0 128 83 0 154 122 81 0 151 130 105 0 156 245 129 99 0 
1.46 155 91 137 109 118 84 0 0 128 83 0 154 122 81 0 151 130 105 0 156 245 129 99 0 
1.47 155 91 137 109 118 84 0 0 128 83 0 154 122 81 0 151 130 105 0 156 245 129 99 0 
1.48 155 91 137 109 118 84 0 0 128 83 0 154 122 81 0 151 130 105 0 156 245 129 99 0 
1.49 155 91 137 109 118 84 0 0 128 83 0 154 122 81 0 151 130 105 0 156 245 129 99 0 
1.5 155 91 137 109 118 84 0 0 128 83 0 154 122 81 0 151 130 105 0 156 245 129 99 0 
1.51 155 91 137 109 118 84 0 0 128 83 0 154 122 81 0 151 130 105 0 156 245 129 99 0 
1.52 155 91 137 109 118 84 0 0 128 83 0 154 122 81 0 151 130 105 0 156 245 129 99 0 
1.53 155 91 137 109 118 84 0 0 128 83 0 154 122 81 0 151 130 105 0 156 245 129 99 0 
1.54 155 91 137 109 118 84 0 0 128 83 0 154 122 81 0 151 130 105 0 156 245 129 99 0 
1.55 155 91 137 109 118 84 0 0 128 83 0 154 122 81 0 151 130 105 0 156 245 129 99 0 
1.56 155 91 137 109 118 84 0 0 128 83 0 154 122 81 0 151 130 105 0 156 245 129 99 0 
1.57 155 91 137 109 118 84 0 0 128 83 0 154 122 81 0 151 130 105 0 156 245 129 99 0 
1.58 155 91 137 109 118 84 0 0 128 83 0 154 122 81 0 151 130 105 0 156 245 129 99 0 
1.59 155 91 137 109 118 84 0 0 128 83 0 154 122 81 0 151 130 105 0 156 245 129 99 0 
1.6 155 91 137 109 118 84 0 0 128 83 0 154 122 81 0 151 130 105 0 156 245 129 99 0 
1.61 155 91 137 109 118 84 0 0 128 83 0 154 122 81 0 151 130 105 0 156 245 129 99 0 
1.62 155 91 137 109 118 84 0 0 128 83 0 154 122 81 0 151 130 105 0 156 245 129 99 0 
1.63 155 91 137 109 118 84 0 0 128 83 0 154 122 81 0 151 130 105 0 156 245 129 99 0 
1.64 155 91 137 109 118 84 0 0 128 83 0 154 122 81 0 151 130 105 0 156 245 129 99 0 
1.65 155 91 137 109 118 84 0 0 128 83 0 154 122 81 0 151 130 105 0 156 245 129 99 0 
1.66 155 91 137 109 118 84 0 0 128 83 0 154 122 81 0 151 130 105 0 156 245 129 99 0 
1.67 155 91 137 109 118 84 0 0 128 83 0 154 122 81 0 151 130 105 0 156 245 129 99 0 
1.68 155 91 137 109 118 84 0 0 128 83 0 154 122 81 0 151 130 105 0 156 245 129 99 0 
1.69 155 91 137 109 118 84 0 0 128 83 0 154 122 81 0 151 130 105 0 156 245 129 99 0 
1.7 155 91 137 109 118 84 0 0 128 83 0 154 122 81 0 151 130 105 0 156 245 129 99 0 
1.71 155 91 137 109 118 84 0 0 128 83 0 154 122 81 0 151 130 105 0 156 245 129 99 0 
1.72 155 91 137 109 118 84 0 0 128 83 0 154 122 81 0 151 130 105 0 156 245 129 99 0 
1.73 155 91 137 109 118 84 0 0 128 83 0 154 122 81 0 151 130 105 0 156 245 129 99 0 
1.74 155 91 137 109 118 84 0 0 128 83 0 154 122 81 0 151 130 105 0 156 245 129 99 0 
1.75 155 91 137 109 118 84 0 0 128 83 0 154 122 81 0 151 130 105 0 156 245 129 99 0 
1.76 155 91 137 109 118 84 0 0 128 83 0 154 122 81 0 151 130 105 0 156 245 129 99 0 
1.77 155 91 137 109 118 84 0 0 128 83 0 154 122 81 0 151 130 105 0 156 245 129 99 0 
1.78 155 91 137 109 118 84 0 0 128 83 0 154 122 81 0 151 130 105 0 156 245 129 99 0 
1.79 155 91 137 109 118 84 0 0 128 83 0 154 122 81 0 151 130 105 0 156 245 129 99 0 
1.8 155 91 137 109 118 84 0 0 128 83 0 154 122 81 0 151 130 105 0 156 245 129 99 0 
1.81 155 91 137 109 118 84 0 0 128 83 0 154 122 81 0 151 130 105 0 156 245 129 99 0 
1.82 155 91 137 109 118 84 0 0 128 83 0 154 122 81 0 151 130 105 0 156 245 129 99 0 
1.83 155 91 137 109 118 84 0 0 128 83 0 154 122 81 0 151 130 105 0 156 245 129 99 0 
1.84 155 91 137 109 118 84 0 0 128 83 0 154 122 81 0 151 130 105 0 156 245 129 99 0 
1.85 155 91 137 109 118 84 0 0 128 83 0 154 122 81 0 151 130 105 0 156 245 129 99 0 
1.86 155 91 137 109 118 84 0 0 128 83 0 154 122 81 0 151 130 105 0 156 245 129 99 0 
1.87 155 91 137 109 118 84 0 0 128 83 0 154 122 81 0 151 130 105 0 156 245 129 99 0 
1.88 155 91 137 109 118 84 0 0 128 83 0 154 122 81 0 151 130 105 0 156 245 129 99 0 
1.89 155 91 137 109 118 84 0 0 128 83 0 154 122 81 0 151 130 105 0 156 245 129 99 0 
1.9 155 91 137 109 118 84 0 0 128 83 0 154 122 81 0 151 130 105 0 156 245 129 99 0 
1.91 155 91 137 109 118 84 0 0 128 83 0 154 122 81 0 151 130 105 0 156 245 129 99 0 
1.92 155 91 137 109 118 84 0 0 128 83 0 154 122 81 0 151 130 105 0 156 245 134 99 0 
1.932 155 91 137 109 118 84 0 0 128 83 0 154 122 81 0 151 130 105 0 156 245 134 99 0 
1.94 155 87 137 109 118 84 0 0 133 83 0 154 122 81 0 151 130 105 0 156 245 134 99 0 
1.95 155 87 137 109 118 84 0 0 133 83 0 154 122 81 0 151 130 105 0 156 250 134 99 0 
1.96 155 87 137 109 122 84 0 0 133 83 0 154 122 81 0 151 130 105 0 156 250 134 99 0 
1.97 155 87 137 109 122 84 0 0 133 83 0 154 122 81 0 151 130 105 0 156 250 134 99 0 
1.98 155 87 137 109 122 84 0 0 139 83 0 154 122 81 0 151 130 105 0 156 250 134 99 0 
1.99 155 87 137 109 122 84 0 0 139 83 0 154 122 81 0 151 130 105 0 156 250 134 99 0 
2 155 87 137 109 122 84 0 0 139 83 0 154 122 81 0 151 130 105 0 156 250 134 99 0 
2.01 155 87 137 109 122 84 0 0 139 83 0 154 122 81 0 151 130 105 0 156 250 134 99 0 
2.02 155 87 137 109 122 84 0 0 139 83 0 154 122 81 0 151 130 105 0 156 250 134 99 0 
2.03 155 87 137 109 127 89 0 0 146 83 0 154 131 81 0 151 134 105 0 156 250 139 95 0 
2.04 155 87 137 109 127 89 0 0 146 83 0 159 131 81 0 151 134 105 0 156 250 139 95 0 
2.05 155 87 137 109 130 89 0 0 146 83 0 159 131 81 0 151 134 105 0 156 250 139 95 0 
2.06 155 87 137 109 130 89 0 0 153 88 0 159 137 81 0 151 140 105 0 156 254 139 95 0 
2.07 155 87 137 109 130 89 0 0 153 88 0 159 137 81 0 151 140 105 0 156 254 139 95 0 
2.08 155 87 137 104 130 89 0 0 157 88 0 159 137 81 0 151 144 105 0 156 254 139 95 0 
2.09 155 87 137 104 135 89 0 0 157 88 0 159 137 85 0 151 144 105 0 156 254 139 95 0 
2.1 155 87 137 104 135 89 0 0 157 88 0 159 137 85 0 151 144 105 0 156 254 139 95 0 
2.11 155 87 137 104 135 94 0 0 162 88 0 159 144 85 0 151 148 105 0 156 254 139 95 0 
2.12 155 87 137 104 135 94 0 0 162 88 0 159 144 85 0 151 148 105 0 156 254 139 95 0 
2.13 155 87 137 98 135 94 0 0 167 88 0 159 144 85 0 151 153 105 0 156 254 139 95 0 
2.14 155 87 137 98 135 94 0 0 167 94 0 159 144 90 0 151 153 105 0 156 254 139 95 0 
2.15 155 87 137 98 135 94 0 0 167 94 0 159 144 90 0 146 153 105 0 156 254 139 95 0 
2.16 159 87 137 98 135 94 0 0 167 94 0 159 144 90 0 146 159 105 0 156 254 139 91 0 
2.17 159 87 137 98 135 94 0 0 167 100 0 159 144 90 0 146 159 105 0 156 254 133 91 0 
2.18 159 87 137 98 135 94 0 0 167 100 0 159 144 95 0 142 159 105 0 156 254 133 91 0 
2.191 159 87 137 98 135 94 0 0 167 104 0 159 144 95 0 142 159 105 0 156 254 133 91 0 
2.2 159 87 137 98 135 94 0 0 167 104 0 159 144 95 0 142 159 105 0 156 254 133 91 0 
2.21 159 87 133 98 135 98 0 0 161 104 0 159 144 95 0 142 159 105 0 152 254 133 91 0 
2.22 159 87 133 98 135 98 0 0 161 109 0 159 144 101 0 138 159 109 0 152 254 127 91 0 
2.23 159 83 133 98 135 98 0 0 157 109 0 159 144 101 0 138 159 109 0 152 254 127 91 0 
2.24 159 83 133 98 135 98 0 0 157 115 0 159 144 105 0 138 163 109 0 152 254 127 91 0 
2.25 164 83 133 98 135 98 0 0 153 115 0 159 144 105 0 138 163 109 0 152 254 127 87 0 
2.26 164 83 133 94 131 98 0 0 153 115 0 159 144 105 0 132 163 109 0 152 254 122 87 0 
2.27 164 83 133 94 131 98 0 0 149 121 0 159 144 105 0 132 163 109 0 152 254 122 87 0 
2.28 164 83 133 94 127 98 0 0 149 121 0 154 144 105 0 127 163 109 0 147 254 122 87 0 
2.29 164 83 133 94 127 98 0 0 144 121 0 154 138 111 0 127 163 109 0 147 254 122 87 0 
2.3 169 78 133 94 127 98 0 0 144 121 0 154 138 111 0 127 163 109 0 147 254 122 87 0 
2.31 169 78 133 94 118 98 0 0 136 121 0 154 134 111 0 122 163 109 0 142 254 122 87 0 
2.32 169 78 129 94 118 98 0 0 136 121 0 154 134 111 0 122 163 109 0 142 254 122 87 0 
2.33 169 78 129 94 118 98 0 0 130 121 0 154 134 111 0 117 163 109 0 138 254 122 87 0 
2.34 169 72 129 94 111 98 0 0 126 121 0 154 129 111 0 117 163 109 0 138 249 122 87 0 
2.35 169 72 127 94 107 98 0 0 120 121 0 154 127 111 0 117 158 109 0 133 245 122 87 0 
2.36 164 72 127 94 107 98 0 0 115 121 0 154 127 111 0 111 158 109 0 133 241 122 87 0 
2.37 164 72 127 94 101 98 0 0 111 121 0 154 127 111 0 111 158 109 0 128 237 122 87 0 
2.38 164 72 127 94 101 98 0 0 111 126 0 154 122 115 0 111 158 109 0 128 233 122 87 0 
2.39 164 72 127 94 101 98 0 0 111 126 0 154 122 115 0 105 158 109 0 123 233 122 87 0 
2.4 164 67 127 94 95 98 0 0 104 126 0 154 122 115 0 105 158 109 0 123 228 122 87 0 
2.41 164 67 127 94 95 98 0 0 104 126 0 154 122 115 0 105 158 109 0 123 228 122 87 0 
2.42 164 67 127 94 95 98 0 0 99 129 0 150 122 115 0 99 158 109 0 119 222 122 82 0 
2.43 164 67 127 94 90 98 0 0 94 129 0 150 122 115 0 95 158 109 0 119 215 122 82 0 
2.44 164 67 127 94 90 98 0 0 89 129 0 150 116 115 0 95 158 109 0 114 207 122 82 0 
2.45 164 67 127 94 84 98 0 0 84 129 0 150 116 120 0 95 158 113 0 114 201 122 82 0 
2.46 164 67 122 94 84 98 0 0 80 134 0 150 116 120 0 89 158 113 0 114 195 122 82 0 
2.47 164 67 122 94 84 98 0 0 80 134 0 150 116 120 0 89 158 113 0 110 190 122 82 0 
2.48 164 67 122 94 80 98 0 0 80 138 0 150 116 120 0 89 158 113 0 110 190 122 82 0 
2.49 164 67 122 94 80 98 0 0 80 138 0 150 116 125 0 83 158 113 0 110 190 122 82 0 
2.5 164 67 122 94 80 98 0 0 80 138 0 150 116 125 0 83 158 113 0 110 185 122 82 0 
2.51 164 67 122 94 80 98 0 0 80 138 0 150 116 125 0 83 158 113 0 110 185 122 82 0 
2.52 164 67 122 94 80 98 0 0 80 138 0 150 116 125 0 79 158 118 0 110 185 122 82 0 
2.53 164 67 122 94 80 98 0 0 80 138 0 150 116 125 0 79 158 118 0 110 185 122 82 0 
2.54 164 67 122 94 80 98 0 0 80 144 0 150 122 125 0 75 158 118 0 110 185 122 82 0 
2.55 164 67 122 94 80 98 0 0 80 144 0 150 122 125 0 75 158 118 0 110 185 122 82 0 
2.56 164 67 122 94 85 98 0 0 86 144 0 150 126 125 0 75 163 118 0 115 190 122 82 0 
2.57 164 67 122 94 85 98 0 0 86 144 0 150 128 125 0 69 163 118 0 115 194 122 82 0 
2.58 164 67 122 89 85 98 0 0 86 144 0 150 128 125 0 69 163 118 0 115 194 122 82 0 
2.591 164 67 129 89 85 98 0 0 92 144 0 150 132 125 0 69 163 118 0 115 198 122 82 0 
2.6 164 67 129 89 85 98 0 0 92 144 0 150 132 125 0 69 163 118 0 115 198 122 82 0 
2.61 164 67 129 89 90 98 0 0 92 144 0 150 132 125 0 69 163 118 0 121 203 117 82 0 
2.62 164 67 135 89 90 98 0 0 98 144 0 150 138 125 0 69 169 118 0 125 209 117 78 0 
2.63 164 67 139 89 94 98 0 0 102 144 0 150 138 125 0 69 169 118 0 125 209 117 78 0 
2.64 164 67 139 89 94 98 0 0 106 144 0 150 144 125 0 64 169 118 0 128 214 117 78 0 
2.65 164 63 145 84 94 98 0 0 111 144 0 150 144 125 0 64 169 118 0 128 219 117 78 0 
2.66 164 63 145 84 94 98 0 0 115 144 0 150 150 125 0 64 175 118 0 128 224 117 78 0 
2.67 169 63 150 84 94 98 0 0 119 144 0 150 150 125 0 64 175 118 0 133 224 117 78 0 
2.68 169 56 150 84 99 98 0 0 119 144 0 150 150 125 0 64 175 118 0 133 224 117 78 0 
2.69 169 56 150 84 99 98 0 0 119 144 0 150 150 125 0 69 175 118 0 133 224 117 78 0 
2.7 169 56 155 84 99 98 0 0 119 144 0 150 150 125 0 69 175 118 0 133 224 117 78 0 
2.71 169 51 159 84 99 98 0 0 119 144 0 150 150 125 0 69 175 118 0 133 224 117 78 0 
2.72 169 51 159 84 99 98 0 0 119 144 0 150 155 125 0 69 175 118 0 133 224 117 78 0 
2.73 169 51 164 84 99 98 0 0 119 144 0 150 155 125 0 69 175 114 0 133 229 117 78 0 
2.74 169 51 164 84 99 98 0 0 119 144 0 150 155 125 0 69 175 114 0 133 229 117 78 0 
2.75 169 46 164 84 99 98 0 0 119 144 0 150 155 125 0 69 175 114 0 133 229 117 78 0 
2.76 169 46 170 84 99 98 0 0 119 144 0 150 155 125 0 69 175 114 0 133 229 117 78 0 
2.77 169 46 170 88 99 98 0 0 119 144 0 150 155 125 0 69 175 114 0 133 229 117 78 0 
2.78 169 46 170 88 103 98 0 0 119 140 0 150 155 125 0 69 175 114 0 137 229 117 78 0 
2.79 169 46 170 88 103 98 0 0 119 140 0 150 155 125 0 69 175 114 0 137 229 117 78 0 
2.8 169 46 170 88 103 98 0 0 119 140 0 150 155 125 0 69 175 114 0 137 229 117 78 0 
2.81 169 46 170 88 103 98 0 0 119 140 0 150 155 125 0 69 175 114 0 137 229 117 78 0 
2.82 162 51 170 95 103 98 0 0 119 140 0 150 155 125 0 69 175 114 0 137 225 117 78 0 
2.83 162 51 170 95 103 98 0 0 119 140 0 150 155 125 0 69 175 114 0 137 225 117 82 0 
2.84 162 51 170 95 103 98 0 0 119 140 0 150 155 125 0 69 175 114 0 137 219 117 82 0 
2.85 162 51 170 100 103 98 0 0 119 140 0 150 155 125 0 69 175 114 0 137 219 117 86 0 
2.86 157 51 170 100 103 98 0 0 119 140 0 150 155 125 0 69 175 114 0 137 213 117 86 0 
2.87 157 51 170 100 99 98 0 0 119 140 0 150 155 125 0 73 175 114 0 141 209 117 86 0 
2.88 157 51 170 100 99 98 0 0 119 140 0 150 155 125 0 73 175 114 0 141 209 117 86 0 
2.89 157 51 170 100 99 98 0 0 119 144 0 150 155 125 0 73 175 114 0 141 209 117 91 0 
2.9 157 51 170 105 99 98 0 0 119 144 0 150 155 125 0 73 175 114 0 141 209 117 91 0 
2.91 157 51 164 105 99 98 0 0 119 144 0 150 150 125 0 73 175 114 0 141 204 117 91 0 
2.92 157 51 164 105 99 98 0 0 119 144 0 150 150 125 0 73 175 114 0 141 204 117 91 0 
2.93 157 51 164 105 99 98 0 0 119 144 0 150 150 125 0 73 175 114 0 141 204 117 91 0 
2.94 157 51 164 111 99 98 0 0 119 144 0 150 150 125 0 73 175 114 0 141 204 117 91 0 
2.95 157 51 164 111 99 98 0 0 119 144 0 150 150 125 0 73 175 114 0 141 204 117 91 0 
2.96 157 51 164 111 99 98 0 0 119 144 0 150 150 125 0 73 175 114 0 141 204 117 91 0 
2.97 157 51 164 111 99 98 0 0 113 144 0 150 150 125 0 73 175 114 0 141 198 117 91 0 
2.98 157 51 160 115 99 98 0 0 113 144 0 150 150 125 0 73 175 114 0 141 198 117 91 0 
2.99 157 51 160 115 99 98 0 0 113 144 0 150 150 125 0 73 169 114 0 141 198 117 91 0 
3 157 51 160 115 99 98 0 0 113 144 0 150 150 125 0 73 169 114 0 141 198 117 91 0 
3.01 157 51 160 115 99 98 0 0 113 144 0 150 150 125 0 73 169 114 0 141 198 117 91 0 
3.02 157 51 160 115 99 98 0 0 113 144 0 150 150 125 0 73 169 114 0 141 198 117 91 0 
3.03 157 51 160 115 99 98 0 0 113 144 0 150 150 125 0 73 169 114 0 141 198 117 91 0 
3.04 157 51 160 115 99 98 0 0 113 149 0 150 150 125 0 73 169 114 0 146 193 117 91 0 
3.05 157 51 160 120 99 98 0 0 113 149 0 150 150 125 0 73 169 114 0 146 193 117 91 0 
3.06 157 51 160 120 95 98 0 0 113 149 0 150 150 125 0 73 169 114 0 146 193 117 91 0 
3.07 157 51 160 120 95 98 0 0 113 149 0 150 150 125 0 73 169 114 0 146 193 117 91 0 
3.08 157 51 160 120 95 98 0 0 113 149 0 150 150 125 0 73 169 114 0 146 193 117 91 0 
3.09 157 51 160 120 95 98 0 0 113 149 0 150 150 125 0 73 169 114 0 146 188 117 91 0 
3.1 157 51 160 120 95 98 0 0 113 149 0 150 150 125 0 73 169 114 0 146 188 117 91 0 
3.11 157 51 160 120 95 98 0 0 113 149 0 150 150 125 0 73 169 114 0 146 188 117 91 0 
3.12 157 51 155 125 95 98 0 0 113 149 0 145 150 125 0 73 169 114 0 146 188 117 95 0 
3.13 157 51 155 125 95 98 0 0 113 149 0 145 150 125 0 73 169 114 0 146 188 117 95 0 
3.14 157 51 155 125 95 98 0 0 113 149 0 145 150 125 0 73 169 114 0 146 188 117 95 0 
3.15 157 51 155 125 95 98 0 0 113 149 0 145 150 125 0 73 169 114 0 146 188 117 95 0 
3.16 157 51 155 125 95 98 0 0 113 149 0 145 150 125 0 73 169 114 0 146 188 117 95 0 
3.17 157 51 155 125 95 98 0 0 113 149 0 145 150 125 0 73 169 114 0 146 188 117 95 0 
3.18 157 51 155 125 95 98 0 0 113 149 0 145 150 125 0 73 169 114 0 146 182 117 95 0 
3.19 157 51 155 125 95 98 0 0 113 149 0 145 150 125 0 73 169 114 0 146 182 117 95 0 
3.2 157 51 155 125 95 98 0 0 113 149 0 145 150 125 0 73 169 114 0 146 182 117 95 0 
3.21 157 51 155 125 95 98 0 0 113 149 0 145 150 125 0 73 169 114 0 146 182 117 95 0 
3.22 157 51 155 125 95 98 0 0 113 149 0 145 150 125 0 73 169 114 0 146 182 117 95 0 
3.23 157 51 155 125 95 98 0 0 113 149 0 145 150 125 0 73 169 114 0 146 182 117 95 0 
3.24 157 51 155 129 95 98 0 0 113 149 0 145 150 125 0 73 169 119 0 146 182 117 95 0 
3.25 157 51 151 129 95 98 0 0 113 149 0 145 150 125 0 73 169 119 0 146 182 117 95 0 
3.26 157 51 151 129 95 98 0 0 113 149 0 145 150 125 0 73 169 119 0 146 182 117 95 0 
3.27 157 51 151 129 95 98 0 0 113 149 0 145 150 125 0 78 169 119 0 146 182 117 95 0 
3.28 157 51 151 129 95 98 0 0 113 149 0 145 150 125 0 78 169 119 0 146 182 117 95 0 
3.29 157 51 151 129 95 98 0 0 113 149 0 145 150 125 0 78 169 119 0 146 182 117 95 0 
3.3 157 51 151 129 95 98 0 0 113 149 0 145 150 125 0 78 169 119 0 146 182 117 95 0 
3.31 157 51 151 129 95 98 0 0 113 149 0 145 145 125 0 78 169 119 0 146 182 117 95 0 
3.32 157 51 151 129 95 98 0 0 113 149 0 145 145 125 0 78 169 119 0 146 182 117 95 0 
3.33 157 51 151 134 95 98 0 0 113 149 0 145 145 125 0 78 169 119 0 150 182 117 95 0 
3.34 157 51 151 134 95 98 0 0 113 149 0 145 145 125 0 82 169 119 0 150 182 117 95 0 
3.35 157 51 151 134 95 98 0 0 113 149 0 145 145 125 0 82 165 119 0 150 182 117 95 0 
3.36 152 51 151 134 95 98 0 0 113 149 0 145 145 125 0 82 165 119 0 150 182 117 95 0 
3.37 152 51 151 134 95 98 0 0 113 149 0 145 145 125 0 82 165 119 0 150 182 117 95 0 
3.382 152 51 151 134 95 98 0 0 113 149 0 145 145 125 0 82 165 119 0 150 182 117 95 0 
3.39 152 51 151 134 95 98 0 0 113 149 0 145 145 125 0 82 165 119 0 150 178 112 95 0 
3.4 152 51 151 134 95 98 0 0 113 149 0 145 145 125 0 82 165 119 0 150 178 112 95 0 
3.41 152 51 151 138 95 98 0 0 113 149 0 145 145 125 0 82 165 123 0 150 178 112 95 0 
3.42 152 51 151 138 95 98 0 0 113 149 0 145 145 125 0 82 165 123 0 150 178 112 95 0 
3.43 152 51 151 138 95 98 0 0 113 149 0 145 145 125 0 82 165 123 0 150 178 112 95 0 
3.44 152 51 151 138 95 98 0 0 113 149 0 145 145 125 0 82 165 123 0 150 178 112 95 0 
3.45 152 51 151 138 95 98 0 0 113 149 0 145 145 125 0 82 165 123 0 150 178 112 95 0 
3.46 152 51 151 138 95 98 0 0 113 149 0 145 141 125 0 87 165 123 0 150 178 112 95 0 
3.47 152 51 151 138 95 102 0 0 113 149 0 145 141 125 0 87 165 123 0 150 178 107 95 0 
3.48 152 51 151 138 95 102 0 0 113 149 0 145 141 125 0 87 165 123 0 150 178 107 95 0 
3.49 152 51 151 138 95 102 0 0 113 149 0 145 141 129 0 87 165 123 0 150 178 107 95 0 
3.5 152 51 151 138 95 102 0 0 113 149 0 145 141 129 0 87 160 123 0 150 178 107 95 0 
3.51 152 51 151 138 95 102 0 0 113 149 0 145 141 129 0 87 160 123 0 150 178 107 95 0 
3.52 152 51 151 138 95 102 0 0 113 149 0 145 141 129 0 87 160 123 0 150 178 107 95 0 
3.53 152 51 146 138 95 102 0 0 109 153 0 145 141 129 0 87 160 123 0 150 178 107 95 0 
3.54 152 51 146 138 95 102 0 0 109 153 0 145 141 129 0 87 160 123 0 150 178 107 95 0 
3.55 148 51 146 138 90 102 0 0 109 153 0 145 141 129 0 87 160 123 0 150 178 102 95 0 
3.56 148 51 146 138 90 102 0 0 109 153 0 145 141 129 0 87 160 123 0 150 178 102 95 0 
3.57 148 51 146 138 90 102 0 0 109 153 0 145 141 129 0 87 160 123 0 150 178 102 95 0 
3.58 148 51 146 138 90 102 0 0 109 153 0 145 141 129 0 87 160 123 0 150 178 102 95 0 
3.59 148 51 146 138 90 102 0 0 109 153 0 145 141 129 0 87 160 123 0 150 178 102 95 0 
3.6 148 51 146 138 90 102 0 0 109 153 0 145 141 129 0 87 160 123 0 150 178 102 95 0 
3.61 148 51 146 138 90 102 0 0 109 153 0 145 141 129 0 87 160 123 0 150 178 102 95 0 
3.62 148 51 146 138 90 102 0 0 109 153 0 145 137 129 0 87 160 123 0 150 178 102 95 0 
3.63 148 51 146 138 90 102 0 0 109 153 0 145 137 129 0 87 160 123 0 150 178 102 95 0 
3.64 148 51 146 138 90 102 0 0 109 153 0 145 137 129 0 87 160 123 0 150 178 102 95 0 
3.65 148 51 146 138 90 102 0 0 109 153 0 145 137 129 0 87 160 123 0 150 182 102 95 0 
3.66 148 51 146 138 90 102 0 0 109 153 0 145 137 129 0 87 160 123 0 150 182 102 95 0 
3.67 148 51 146 138 90 102 0 0 109 153 0 145 137 129 0 87 160 123 0 150 182 102 95 0 
3.68 148 51 146 138 90 102 0 0 109 153 0 145 137 129 0 87 160 123 0 150 182 102 95 0 
3.69 148 51 146 138 90 102 0 0 109 153 0 145 137 129 0 87 160 123 0 150 182 102 95 0 
3.7 148 51 146 138 90 102 0 0 109 153 0 145 137 129 0 87 160 123 0 150 182 102 95 0 
3.71 148 51 146 138 90 102 0 0 109 153 0 145 137 129 0 87 160 123 0 150 182 102 95 0 
3.72 148 51 146 138 90 102 0 0 109 153 0 145 137 129 0 87 160 123 0 150 182 102 95 0 
3.73 148 51 146 138 90 102 0 0 109 153 0 145 137 129 0 87 160 123 0 150 182 102 95 0 
3.74 148 51 146 138 90 102 0 0 109 153 0 145 137 129 0 87 160 123 0 150 182 98 95 0 
3.75 144 51 146 138 90 102 0 0 109 153 0 145 137 129 0 87 160 123 0 150 182 98 95 0 
3.76 144 51 146 138 90 102 0 0 109 153 0 145 137 129 0 87 160 123 0 150 182 98 95 0 
3.77 144 51 146 138 90 102 0 0 109 153 0 145 137 129 0 87 160 123 0 150 182 98 95 0 
3.78 144 51 146 138 90 102 0 0 109 153 0 145 137 129 0 87 160 123 0 150 182 98 95 0 
3.79 144 51 146 138 90 102 0 0 109 153 0 145 137 129 0 87 160 123 0 150 182 98 95 0 
3.8 144 51 146 138 90 102 0 0 109 153 0 145 137 129 0 87 160 123 0 150 182 98 95 0 
3.81 144 51 146 138 90 102 0 0 109 153 0 145 137 129 0 87 160 123 0 150 182 98 95 0 
3.82 144 51 146 138 90 102 0 0 109 153 0 145 137 129 0 87 160 123 0 150 182 98 95 0 
3.83 144 51 146 138 90 102 0 0 109 153 0 145 137 129 0 87 160 123 0 150 182 98 95 0 
3.84 144 51 146 138 86 102 0 0 109 153 0 145 137 129 0 87 160 123 0 150 182 98 95 0 
3.85 144 51 146 138 86 102 0 0 109 153 0 145 137 129 0 87 160 123 0 150 182 98 95 0 
3.86 144 51 146 138 86 102 0 0 109 153 0 145 137 129 0 87 160 123 0 150 182 98 95 0 
3.87 144 51 146 138 86 102 0 0 109 153 0 145 137 129 0 87 160 123 0 150 182 98 95 0 
3.88 144 51 146 138 86 102 0 0 109 153 0 145 137 129 0 87 160 123 0 150 182 98 95 0 
3.89 144 51 146 138 86 102 0 0 109 153 0 145 137 129 0 87 160 123 0 150 182 98 95 0 
3.9 144 51 146 138 86 102 0 0 104 153 0 145 137 129 0 87 160 123 0 150 182 98 95 0 
3.91 144 51 146 138 86 102 0 0 104 153 0 145 137 129 0 87 160 123 0 150 182 98 95 0 
3.92 144 51 146 138 86 102 0 0 104 153 0 145 137 129 0 87 160 123 0 150 182 98 95 0 
3.93 144 51 146 138 86 102 0 0 104 153 0 145 137 129 0 87 160 123 0 150 182 98 95 0 
3.94 144 51 146 138 86 102 0 0 104 153 0 145 137 129 0 87 160 123 0 150 178 98 95 0 
3.95 144 51 146 138 86 102 0 0 104 153 0 145 137 129 0 87 160 123 0 150 178 98 95 0 
3.96 144 51 146 138 86 102 0 0 104 153 0 145 137 129 0 87 160 123 0 150 178 98 91 0 
3.97 144 51 146 138 86 102 0 0 104 153 0 145 137 129 0 87 160 123 0 150 178 98 91 0 
3.98 144 51 146 138 86 102 0 0 104 153 0 145 137 129 0 87 160 123 0 150 178 98 91 0 
3.99 144 51 146 138 86 102 0 0 104 153 0 145 137 129 0 87 160 123 0 150 178 98 91 0 
4 144 51 146 138 86 102 0 0 104 153 0 145 137 129 0 87 160 123 0 150 178 98 91 0 
4.013 144 51 146 138 86 102 0 0 104 153 0 145 137 129 0 87 160 123 0 150 178 98 91 0 
4.02 144 51 146 138 86 102 0 0 104 153 0 145 137 129 0 87 160 123 0 150 178 98 91 0 
4.03 144 51 146 138 86 102 0 0 104 153 0 145 137 129 0 87 160 123 0 150 178 98 91 0 
4.04 144 51 146 138 86 102 0 0 104 153 0 145 137 129 0 87 160 123 0 150 178 98 91 0 
4.05 144 51 146 138 86 102 0 0 104 153 0 145 137 129 0 87 160 123 0 150 178 98 91 0 
4.06 144 51 146 138 86 102 0 0 104 153 0 145 137 129 0 87 160 123 0 150 178 98 91 0 
4.07 144 51 146 138 86 102 0 0 104 153 0 145 137 129 0 87 160 123 0 150 178 98 91 0 
4.08 144 51 146 138 86 102 0 0 104 153 0 145 137 129 0 87 160 123 0 150 178 98 91 0 
4.09 144 51 146 138 86 102 0 0 104 153 0 145 137 129 0 87 160 123 0 150 178 98 91 0 
4.1 144 51 146 138 86 102 0 0 104 153 0 145 137 129 0 87 160 123 0 150 178 98 91 0 
4.11 144 51 146 138 86 102 0 0 104 153 0 145 137 129 0 87 160 123 0 150 178 98 91 0 
4.12 144 51 146 138 86 102 0 0 104 153 0 145 137 129 0 87 160 123 0 150 178 98 91 0 
4.13 144 51 146 138 86 102 0 0 104 153 0 145 137 129 0 87 160 123 0 150 178 98 91 0 
4.14 144 51 146 138 86 102 0 0 104 153 0 145 137 129 0 87 160 123 0 150 178 98 91 0 
4.151 144 51 146 138 86 102 0 0 104 153 0 145 137 129 0 87 160 123 0 150 178 98 91 0 
4.161 144 51 146 138 86 102 0 0 104 153 0 145 137 129 0 87 160 123 0 150 178 98 91 0 
4.171 144 51 146 138 86 102 0 0 104 153 0 145 137 129 0 87 160 123 0 150 178 98 91 0 
4.181 144 51 146 138 86 102 0 0 104 153 0 145 137 129 0 87 160 123 0 150 178 98 91 0 
4.191 144 51 146 138 86 102 0 0 104 153 0 145 137 129 0 87 160 123 0 150 178 98 91 0 
4.201 144 51 146 138 86 102 0 0 104 153 0 145 137 129 0 87 160 123 0 150 178 98 91 0 
4.211 144 51 146 138 86 102 0 0 104 153 0 145 137 129 0 87 160 123 0 150 178 98 91 0 
4.221 144 51 146 138 86 102 0 0 104 153 0 145 137 129 0 87 160 123 0 150 178 98 91 0 
4.231 144 51 146 138 86 102 0 0 104 153 0 145 137 129 0 87 160 123 0 150 178 98 91 0 
4.241 144 51 146 138 86 102 0 0 104 153 0 145 137 129 0 87 160 123 0 150 178 98 91 0 
4.251 144 51 146 138 86 102 0 0 104 153 0 145 137 129 0 87 160 123 0 150 178 98 91 0 
4.261 144 51 146 138 86 102 0 0 104 153 0 145 137 129 0 87 160 123 0 150 178 98 91 0 
4.271 144 51 146 138 86 102 0 0 104 153 0 145 137 129 0 87 160 123 0 150 178 98 91 0 
4.281 144 51 146 138 86 102 0 0 104 153 0 145 137 129 0 87 160 123 0 150 178 98 91 0 
4.291 144 51 146 138 86 102 0 0 104 153 0 145 137 129 0 87 160 123 0 150 178 98 91 0 
4.301 144 51 146 138 86 102 0 0 104 153 0 145 137 129 0 87 160 123 0 150 178 98 91 0 
4.311 144 51 146 138 86 102 0 0 104 153 0 145 137 129 0 87 160 123 0 150 178 98 91 0 
4.321 144 51 146 138 86 102 0 0 104 153 0 145 137 129 0 87 160 123 0 150 178 98 91 0 
4.331 144 51 146 138 86 102 0 0 104 153 0 145 137 129 0 87 160 123 0 150 178 98 91 0 
4.341 144 51 146 138 86 102 0 0 104 153 0 145 137 129 0 87 160 123 0 150 178 98 91 0 
4.351 144 51 146 138 86 102 0 0 104 153 0 145 137 129 0 87 160 123 0 150 178 98 91 0 
4.361 144 51 146 138 86 102 0 0 104 153 0 145 137 129 0 87 160 123 0 150 178 98 91 0 
4.371 144 51 146 138 86 102 0 0 104 153 0 145 137 129 0 87 160 123 0 150 178 98 91 0 
4.381 144 51 146 138 86 102 0 0 104 153 0 145 137 129 0 87 160 123 0 150 178 98 91 0 
4.391 144 51 146 138 86 102 0 0 104 153 0 145 137 129 0 87 160 123 0 150 178 98 91 0 
4.401 144 51 146 138 86 102 0 0 104 153 0 145 137 129 0 87 160 123 0 150 178 98 91 0 
4.411 144 51 146 138 86 102 0 0 104 153 0 145 137 129 0 87 160 123 0 150 178 98 91 0 
4.421 144 51 146 138 86 102 0 0 104 153 0 145 137 129 0 87 160 123 0 150 178 98 91 0 
4.431 144 51 146 138 86 102 0 0 104 153 0 145 137 129 0 87 160 123 0 150 178 98 91 0 
4.441 144 51 146 138 86 102 0 0 104 153 0 145 137 129 0 87 160 123 0 150 178 98 91 0 
4.451 144 51 146 138 86 102 0 0 104 153 0 145 137 129 0 87 160 123 0 150 178 98 91 0 
4.461 144 51 146 138 86 102 0 0 104 153 0 145 137 129 0 87 160 123 0 150 178 98 91 0 
4.471 144 51 146 138 86 102 0 0 104 153 0 145 137 129 0 87 160 123 0 150 178 98 91 0 
4.481 144 51 146 138 86 102 0 0 104 153 0 145 137 129 0 87 160 123 0 150 178 98 91 0 
4.491 144 51 146 138 86 102 0 0 104 153 0 145 137 129 0 87 160 123 0 150 178 98 91 0 
4.501 144 51 146 138 86 102 0 0 104 153 0 145 137 129 0 87 160 123 0 150 178 98 91 0 
4.511 144 51 146 138 86 102 0 0 104 153 0 145 137 129 0 87 160 123 0 150 178 98 91 0 
4.521 144 51 146 138 86 102 0 0 104 153 0 145 137 129 0 87 160 123 0 150 178 98 91 0 
4.531 144 51 146 138 86 102 0 0 104 153 0 145 137 129 0 87 160 123 0 150 178 98 91 0 
4.541 144 51 146 138 86 102 0 0 104 153 0 145 137 129 0 87 160 123 0 150 178 98 91 0 
4.551 144 51 146 138 86 102 0 0 104 153 0 145 137 129 0 87 160 123 0 150 178 98 91 0 
4.561 144 51 146 138 86 102 0 0 104 153 0 145 137 129 0 87 160 123 0 150 178 98 91 0 
4.571 144 51 146 138 86 102 0 0 104 153 0 145 137 129 0 87 160 123 0 150 178 98 91 0 
4.581 144 51 146 138 86 102 0 0 104 153 0 145 137 129 0 87 160 123 0 150 178 98 91 0 
4.591 144 51 146 138 86 102 0 0 104 153 0 145 137 129 0 87 160 123 0 150 178 98 91 0 
4.601 144 51 146 138 86 102 0 0 104 153 0 145 137 129 0 87 160 123 0 150 178 98 91 0 
4.611 144 51 146 138 86 102 0 0 104 153 0 145 137 129 0 87 160 123 0 150 178 98 91 0 
4.621 144 51 146 138 86 102 0 0 104 153 0 145 137 129 0 87 160 123 0 150 178 98 91 0 
4.631 144 51 146 138 86 102 0 0 104 153 0 145 137 129 0 87 160 123 0 150 178 98 91 0 
4.641 144 51 146 138 86 102 0 0 104 153 0 145 137 129 0 87 160 123 0 150 178 98 91 0 
4.651 144 51 146 138 86 102 0 0 104 153 0 145 137 129 0 87 160 123 0 150 178 98 91 0 
4.661 144 51 146 138 86 102 0 0 104 153 0 145 137 129 0 87 160 123 0 150 178 98 91 0 
4.671 144 51 146 138 86 102 0 0 104 153 0 145 137 129 0 87 160 123 0 150 178 98 91 0 
4.681 144 51 146 138 86 102 0 0 104 153 0 145 137 129 0 87 160 123 0 150 178 98 91 0 
4.691 144 51 146 138 86 102 0 0 104 153 0 145 137 129 0 87 160 123 0 150 178 98 91 0 
4.701 144 51 146 138 86 102 0 0 104 153 0 145 137 129 0 87 160 123 0 150 178 98 91 0 
4.711 144 51 146 138 86 102 0 0 104 153 0 145 137 129 0 87 160 123 0 150 178 98 91 0 
4.721 144 51 146 138 86 102 0 0 104 153 0 145 137 129 0 87 160 123 0 150 178 98 91 0 
4.731 144 51 146 138 86 102 0 0 104 153 0 145 137 129 0 87 160 123 0 150 178 98 91 0 
4.741 144 51 146 138 86 102 0 0 104 153 0 145 137 129 0 87 160 123 0 150 178 98 91 0 
4.751 144 51 146 138 86 102 0 0 104 153 0 145 137 129 0 87 160 123 0 150 178 98 91 0 
4.761 144 51 146 138 86 102 0 0 104 153 0 145 137 129 0 87 160 123 0 150 178 98 91 0 
4.771 144 51 146 138 86 102 0 0 104 153 0 145 137 129 0 87 160 123 0 150 178 98 91 0 
4.781 144 51 146 138 86 102 0 0 104 153 0 145 137 129 0 87 160 123 0 150 178 98 91 0 
4.791 144 51 146 138 86 102 0 0 104 153 0 145 137 129 0 87 160 123 0 150 178 98 91 0 
4.801 144 51 146 138 86 102 0 0 104 153 0 145 137 129 0 87 160 123 0 150 178 98 91 0 
4.811 144 51 146 138 86 102 0 0 104 153 0 145 137 129 0 87 160 123 0 150 178 98 91 0 
4.821 144 51 146 138 86 102 0 0 104 153 0 145 137 129 0 87 160 123 0 150 178 98 91 0 
4.831 144 51 146 138 86 102 0 0 104 153 0 145 137 129 0 87 160 123 0 150 178 98 91 0 
4.841 144 51 146 138 86 102 0 0 104 153 0 145 137 129 0 87 160 123 0 150 178 98 91 0 
4.851 144 51 146 138 86 102 0 0 104 153 0 145 137 129 0 87 160 123 0 150 178 98 91 0 
4.861 144 51 146 138 86 102 0 0 104 153 0 145 137 129 0 87 160 123 0 150 178 98 91 0 
4.871 144 51 146 138 86 102 0 0 104 153 0 145 137 129 0 87 160 123 0 150 178 98 91 0 
4.881 144 51 146 138 86 102 0 0 104 153 0 145 137 129 0 87 160 123 0 150 178 98 91 0 
4.891 144 51 146 138 86 102 0 0 104 153 0 145 137 129 0 87 160 123 0 150 178 98 91 0 
4.901 144 51 146 138 86 102 0 0 104 153 0 145 137 129 0 87 160 123 0 150 178 98 91 0 
4.911 144 51 146 138 86 102 0 0 104 153 0 145 137 129 0 87 160 123 0 150 178 98 91 0 
4.921 144 51 146 138 86 102 0 0 104 153 0 145 137 129 0 87 160 123 0 150 178 98 91 0 
4.931 144 51 146 138 86 102 0 0 104 153 0 145 137 129 0 87 160 123 0 150 178 98 91 0 
4.941 144 51 146 138 86 102 0 0 104 153 0 145 137 129 0 87 160 123 0 150 178 98 91 0 
4.951 144 51 146 138 86 102 0 0 104 153 0 145 137 129 0 87 160 123 0 150 178 98 91 0 
4.961 144 51 146 138 86 102 0 0 104 153 0 145 137 129 0 87 160 123 0 150 178 98 91 0 
4.971 144 51 146 138 86 102 0 0 104 153 0 145 137 129 0 87 160 123 0 150 178 98 91 0 
4.981 144 51 146 138 86 102 0 0 104 153 0 145 137 129 0 87 160 123 0 150 178 98 91 0 
4.991 144 51 146 138 86 102 0 0 104 153 0 145 137 129 0 87 160 123 0 150 178 98 91 0 
5.001 144 51 146 138 86 102 0 0 104 153 0 145 137 129 0 87 160 123 0 150 178 98 91 0 
5.011 144 51 146 138 86 102 0 0 104 153 0 145 137 129 0 87 160 123 0 150 178 98 91 0 
5.021 144 51 146 138 86 102 0 0 104 153 0 145 137 129 0 87 160 123 0 150 178 98 91 0 
5.031 144 51 146 138 86 102 0 0 104 153 0 145 137 129 0 87 160 123 0 150 178 98 91 0 
5.041 144 51 146 138 86 102 0 0 104 153 0 145 137 129 0 87 160 123 0 150 178 98 91 0 
5.051 144 51 146 138 86 102 0 0 104 153 0 145 137 129 0 87 160 123 0 150 178 98 91 0 
5.061 144 51 146 138 86 102 0 0 104 153 0 145 137 129 0 87 160 123 0 150 178 98 91 0 
5.071 144 51 146 138 86 102 0 0 104 153 0 145 137 129 0 87 160 123 0 150 178 98 91 0 
5.081 144 51 146 138 86 102 0 0 104 153 0 145 137 129 0 87 160 123 0 150 178 98 91 0 
5.091 144 51 146 138 86 102 0 0 104 153 0 145 137 129 0 87 160 123 0 150 178 98 91 0 
5.101 144 51 146 138 86 102 0 0 104 153 0 145 137 129 0 87 160 123 0 150 178 98 91 0 
5.111 144 51 146 138 86 102 0 0 104 153 0 145 137 129 0 87 160 123 0 150 178 98 91 0 
5.121 144 51 146 138 86 102 0 0 104 153 0 145 137 129 0 87 160 123 0 150 178 98 91 0 
5.131 144 51 146 138 86 102 0 0 104 153 0 145 137 129 0 87 160 123 0 150 178 98 91 0 
5.141 144 51 146 138 86 102 0 0 104 153 0 145 137 129 0 87 160 123 0 150 178 98 91 0 
5.151 144 51 146 138 86 102 0 0 104 153 0 145 137 129 0 87 160 123 0 150 178 98 91 0 
5.161 144 51 146 138 86 102 0 0 104 153 0 145 137 129 0 87 160 123 0 150 178 98 91 0 
5.171 144 51 146 138 86 102 0 0 104 153 0 145 137 129 0 87 160 123 0 150 178 98 91 0 
5.181 144 51 146 138 86 102 0 0 104 153 0 145 137 129 0 87 160 123 0 150 178 98 91 0 
5.191 144 51 146 138 86 102 0 0 104 153 0 145 137 129 0 87 160 123 0 150 178 98 91 0 
5.201 144 51 146 138 86 102 0 0 104 153 0 145 137 129 0 87 160 123 0 150 178 98 91 0 
5.211 144 51 146 138 86 102 0 0 104 153 0 145 137 129 0 87 160 123 0 150 178 98 91 0 
5.221 144 51 146 138 86 102 0 0 104 153 0 145 137 129 0 87 160 123 0 150 178 98 91 0 
5.231 144 51 146 138 86 102 0 0 104 153 0 145 137 129 0 87 160 123 0 150 178 98 91 0 
5.241 144 51 146 138 86 102 0 0 104 153 0 145 137 129 0 87 160 123 0 150 178 98 91 0 
5.251 144 51 146 138 86 102 0 0 104 153 0 145 137 129 0 87 160 123 0 150 178 98 91 0 
5.261 144 51 146 138 86 102 0 0 104 153 0 145 137 129 0 87 160 123 0 150 178 98 91 0 
5.271 144 51 146 138 86 102 0 0 104 153 0 145 137 129 0 87 160 123 0 150 178 98 91 0 
5.281 144 51 146 138 86 102 0 0 104 153 0 145 137 129 0 87 160 123 0 150 178 98 91 0 
5.291 144 51 146 138 86 102 0 0 104 153 0 145 137 129 0 87 160 123 0 150 178 98 91 0 
5.301 144 51 146 138 86 102 0 0 104 153 0 145 137 129 0 87 160 123 0 150 178 98 91 0 
5.311 144 51 146 138 86 102 0 0 104 153 0 145 137 129 0 87 160 123 0 150 178 98 91 0 
5.321 144 51 146 138 86 102 0 0 104 153 0 145 137 129 0 87 160 123 0 150 178 98 91 0 
5.331 144 51 146 138 86 102 0 0 104 153 0 145 137 129 0 87 160 123 0 150 178 98 91 0 
5.341 144 51 146 138 86 102 0 0 108 153 0 145 137 129 0 87 160 123 0 150 178 98 91 0 
5.351 144 51 146 138 86 102 0 0 108 153 0 145 137 129 0 87 160 123 0 150 178 98 91 0 
5.361 144 51 146 138 86 102 0 0 108 153 0 145 137 129 0 87 160 123 0 150 178 98 91 0 
5.371 144 51 146 138 86 102 0 0 108 153 0 145 137 129 0 87 160 123 0 150 182 98 91 0 
5.381 144 51 146 138 86 102 0 0 108 153 0 145 137 129 0 87 160 123 0 150 182 98 91 0 
5.391 144 51 146 138 86 102 0 0 108 153 0 145 137 129 0 87 160 123 0 150 182 98 91 0 
5.401 144 51 146 138 86 102 0 0 108 153 0 145 137 129 0 87 160 123 0 150 182 98 91 0 
5.411 144 51 146 138 86 102 0 0 108 153 0 145 137 129 0 87 160 123 0 150 182 98 91 0 
5.421 144 51 146 138 86 102 0 0 108 153 0 145 137 129 0 87 160 123 0 150 182 98 91 0 
5.431 144 51 146 138 86 102 0 0 108 153 0 145 137 129 0 87 160 123 0 150 182 98 91 0 
5.441 144 51 146 138 86 102 0 0 108 153 0 145 137 129 0 87 160 123 0 150 182 98 91 0 
5.451 144 51 146 138 86 102 0 0 108 153 0 145 137 129 0 87 160 123 0 150 182 98 91 0 
5.461 139 51 146 138 86 102 0 0 108 153 0 145 137 129 0 87 160 123 0 150 182 98 91 0 
5.471 139 51 146 138 86 102 0 0 113 153 0 145 137 129 0 87 160 123 0 150 182 98 91 0 
5.481 139 56 146 133 91 102 0 0 113 153 0 145 141 129 0 87 160 123 0 150 182 98 91 0 
5.491 139 56 146 133 91 102 0 0 113 153 0 145 141 129 0 87 160 123 0 150 182 98 91 0 
5.501 139 56 146 133 91 102 0 0 113 153 0 145 141 129 0 87 160 123 0 150 182 102 91 0 
5.511 134 56 146 128 91 102 0 0 113 153 0 145 141 129 0 87 160 123 0 150 182 102 91 0 
5.521 134 56 146 126 91 102 0 0 113 153 0 145 141 129 0 87 160 123 0 150 182 102 91 0 
5.531 134 62 146 122 91 102 0 0 118 153 0 145 141 129 0 82 165 123 0 150 187 102 91 0 
5.541 134 62 146 122 91 102 0 0 118 153 0 145 141 129 0 82 165 123 0 150 187 102 91 0 
5.551 134 62 146 116 91 102 0 0 118 153 0 145 141 129 0 82 165 123 0 150 187 102 91 0 
5.561 134 62 146 116 96 102 0 0 118 153 0 145 141 129 0 82 165 123 0 150 194 102 91 0 
5.571 134 62 142 116 96 102 0 0 118 153 0 145 145 129 0 82 165 123 0 150 194 102 91 0 
5.581 134 62 142 110 96 102 0 0 123 153 0 145 145 129 0 82 165 123 0 150 198 102 91 0 
5.591 134 68 142 110 96 102 0 0 123 153 0 145 145 129 0 82 165 123 0 150 198 102 91 0 
5.602 134 68 142 110 101 102 0 0 123 153 0 145 145 129 0 82 165 123 0 150 202 102 91 0 
5.611 134 68 142 110 101 102 0 0 123 153 0 145 145 129 0 82 165 123 0 150 202 102 91 0 
5.621 134 68 142 110 101 102 0 0 123 153 0 145 145 129 0 82 165 123 0 150 202 102 91 0 
5.631 134 68 142 110 101 102 0 0 123 153 0 145 145 129 0 82 165 123 0 150 206 102 91 0 
5.641 134 68 142 106 101 102 0 0 123 153 0 145 145 129 0 82 165 123 0 150 206 102 91 0 
5.651 134 68 142 106 101 102 0 0 123 153 0 145 145 129 0 82 165 123 0 150 206 102 91 0 
5.661 134 68 142 106 101 102 0 0 123 153 0 145 145 129 0 82 165 123 0 150 211 102 91 0 
5.671 134 68 142 106 101 102 0 0 123 153 0 145 145 129 0 82 165 123 0 150 211 102 91 0 
5.681 134 68 142 106 101 102 0 0 123 153 0 145 145 129 0 82 165 123 0 150 211 107 91 0 
5.691 134 68 142 106 101 102 0 0 123 153 0 145 145 129 0 82 165 123 0 150 211 107 91 0 
5.701 134 68 142 106 101 102 0 0 123 153 0 145 145 129 0 82 165 123 0 150 211 107 91 0 
5.711 140 68 142 106 101 102 0 0 123 153 0 145 145 129 0 82 165 123 0 150 211 107 91 0 
5.721 140 68 142 106 101 102 0 0 123 153 0 145 145 129 0 82 165 127 0 150 211 107 91 0 
5.731 140 68 142 106 101 102 0 0 123 153 0 145 145 129 0 82 165 127 0 150 211 107 91 0 
5.741 140 68 142 101 101 102 0 0 123 153 0 145 145 129 0 82 165 127 0 150 211 107 91 0 
5.751 140 68 142 101 101 102 0 0 123 153 0 145 145 129 0 82 165 127 0 150 211 107 91 0 
5.761 140 68 142 101 101 102 0 0 123 153 0 145 145 129 0 82 165 127 0 150 211 107 91 0 
5.771 140 68 142 101 101 102 0 0 123 153 0 145 145 129 0 82 165 127 0 150 211 107 91 0 
5.781 140 68 142 101 101 102 0 0 123 153 0 145 145 129 0 82 165 127 0 150 211 107 91 0 
5.791 140 68 142 101 101 102 0 0 123 153 0 145 145 129 0 82 165 127 0 150 211 107 91 0 
5.801 140 68 142 101 101 102 0 0 123 153 0 145 145 129 0 78 165 127 0 150 211 107 91 0 
5.811 145 68 142 101 101 102 0 0 123 153 0 145 145 129 0 78 165 127 0 150 211 107 91 0 
5.821 145 68 142 101 101 102 0 0 123 153 0 145 145 129 0 78 165 127 0 150 211 107 91 0 
5.831 145 68 142 101 101 102 0 0 118 153 0 145 145 129 0 78 165 127 0 150 206 111 86 0 
5.841 145 68 142 101 101 102 0 0 118 153 0 145 145 129 0 78 165 127 0 150 206 111 86 0 
5.851 145 68 142 101 101 97 0 0 118 153 0 139 145 129 0 78 165 127 0 150 202 111 86 0 
5.861 145 68 142 101 96 97 0 0 118 153 0 139 145 129 0 78 165 127 0 150 202 111 86 0 
5.874 145 68 142 101 96 97 0 0 118 153 0 139 145 129 0 78 165 127 0 150 202 111 86 0 
5.881 145 68 142 101 96 97 0 0 118 153 0 139 145 129 0 74 165 127 0 150 202 111 86 0 
5.891 145 68 142 101 96 97 0 0 118 153 0 134 145 129 0 74 165 127 0 150 197 111 86 0 
5.901 145 68 142 101 96 97 0 0 118 153 0 134 145 129 0 74 165 127 0 150 197 111 86 0 
5.911 145 68 142 101 96 97 0 0 118 153 0 134 145 129 0 74 165 127 0 150 197 111 86 0 
5.921 145 68 142 101 96 92 0 0 118 153 0 130 145 129 0 70 169 127 0 150 197 111 86 0 
5.931 145 68 142 101 92 92 0 0 113 153 0 130 145 129 0 66 169 127 0 150 197 111 86 0 
5.941 145 68 142 101 92 88 0 0 113 153 0 130 145 129 0 66 169 127 0 150 190 111 86 0 
5.951 145 68 142 101 92 88 0 0 113 153 0 130 145 129 0 66 169 127 0 150 190 111 86 0 
5.961 145 68 142 101 92 88 0 0 113 153 0 130 145 129 0 61 169 127 0 150 190 111 86 0 
5.971 145 68 142 101 92 88 0 0 113 153 0 126 145 129 0 61 169 127 0 150 190 111 86 0 
5.981 145 68 142 101 92 88 0 0 113 153 0 126 145 129 0 61 169 127 0 150 190 111 86 0 
5.991 145 68 142 101 92 83 0 0 113 153 0 126 145 129 0 61 169 127 0 150 190 111 86 0 
6.001 145 68 142 101 92 83 0 0 113 153 0 126 145 129 0 61 169 127 0 150 190 111 86 0 
6.011 145 68 142 101 92 83 0 0 113 153 0 126 145 129 0 61 169 127 0 150 190 111 86 0 
6.021 145 68 142 101 92 83 0 0 113 153 0 126 145 129 0 61 169 127 0 150 190 111 86 0 
6.031 145 68 142 101 92 83 0 0 113 153 0 126 145 129 0 61 169 127 0 150 190 111 86 0 
6.041 145 68 142 101 92 83 0 0 113 153 0 126 145 129 0 61 169 127 0 150 190 111 86 0 
6.051 145 68 142 101 92 83 0 0 113 153 0 126 145 129 0 61 169 127 0 150 190 111 86 0 
6.061 145 68 142 101 92 83 0 0 113 153 0 126 145 129 0 61 169 127 0 150 190 111 86 0 
6.071 145 68 142 101 92 83 0 0 113 153 0 126 145 129 0 61 169 127 0 150 190 111 86 0 
6.081 145 68 142 101 92 83 0 0 113 153 0 126 145 129 0 61 169 127 0 150 190 111 86 0 
6.091 145 68 146 101 92 83 0 0 113 153 0 126 145 129 0 61 169 127 0 150 195 111 86 0 
6.101 145 68 146 101 92 83 0 0 113 153 0 126 145 129 0 61 169 127 0 150 195 111 86 0 
6.111 145 68 146 101 92 83 0 0 113 153 0 126 145 129 0 61 169 127 0 150 195 111 86 0 
6.121 145 68 146 101 92 83 0 0 113 153 0 126 145 129 0 61 169 127 0 145 195 111 86 0 
6.131 145 68 146 101 92 83 0 0 113 153 0 126 145 129 0 61 169 127 0 145 195 111 86 0 
6.141 145 68 146 101 92 83 0 0 113 153 0 126 145 129 0 61 169 127 0 145 199 111 86 0 
6.151 145 68 146 101 92 78 0 0 113 153 0 126 145 129 0 61 169 127 0 145 199 111 86 0 
6.161 145 68 146 101 92 78 0 0 113 153 0 126 145 129 0 61 169 127 0 145 199 111 86 0 
6.171 145 68 146 101 92 78 0 0 113 153 0 126 145 129 0 56 169 127 0 145 199 111 86 0 
6.181 145 68 146 101 92 78 0 0 113 153 0 126 145 129 0 56 169 127 0 145 199 111 86 0 
6.191 145 68 146 101 92 78 0 0 113 153 0 126 145 129 0 56 169 127 0 145 199 111 86 0 
6.201 145 68 146 101 92 78 0 0 113 153 0 126 145 129 0 56 169 127 0 145 199 111 86 0 
6.211 145 68 146 101 92 78 0 0 113 153 0 126 145 129 0 56 169 127 0 145 199 111 86 0 
6.221 145 68 146 101 92 78 0 0 113 153 0 126 145 134 0 56 169 127 0 140 199 111 86 0 
6.231 145 68 146 101 92 78 0 0 113 153 0 126 145 134 0 56 169 127 0 140 199 111 86 0 
6.241 145 68 146 101 92 74 0 0 113 153 0 126 145 134 0 56 174 127 0 140 199 111 86 0 
6.251 145 68 146 101 92 74 0 0 113 153 0 126 145 134 0 56 174 127 0 140 199 111 86 0 
6.261 145 68 146 101 92 74 0 0 113 153 0 126 145 134 0 56 174 127 0 140 199 111 86 0 
6.271 145 68 146 101 92 74 0 0 113 153 0 126 145 134 0 56 174 127 0 136 205 111 86 0 
6.281 145 68 146 101 92 74 0 0 113 153 0 126 145 134 0 52 174 127 0 136 205 111 86 0 
6.291 145 68 146 101 92 74 0 0 113 153 0 126 145 134 0 52 174 127 0 136 210 111 86 0 
6.301 145 68 146 101 92 74 0 0 113 153 0 126 145 134 0 52 174 127 0 136 210 111 86 0 
6.311 145 68 146 101 92 74 0 0 113 153 0 126 145 134 0 52 174 127 0 136 216 111 86 0 
6.321 145 68 146 101 92 74 0 0 113 153 0 126 145 134 0 52 174 127 0 136 216 111 86 0 
6.331 145 68 146 101 92 74 0 0 113 153 0 126 145 134 0 52 174 127 0 136 216 111 86 0 
6.341 145 68 146 101 92 69 0 0 113 153 0 129 145 134 0 52 174 127 0 131 221 111 86 0 
6.351 145 68 146 101 96 69 0 0 113 153 0 129 145 134 0 52 174 127 0 131 221 111 86 0 
6.361 145 68 146 101 96 69 0 0 113 153 0 129 145 134 0 52 174 127 0 131 221 111 86 0 
6.371 145 68 146 101 96 69 0 0 113 153 0 129 145 134 0 52 174 127 0 131 221 111 86 0 
6.381 145 68 142 108 96 69 0 0 113 153 0 136 145 134 0 52 174 127 0 131 221 111 86 0 
6.391 145 68 142 108 96 69 0 0 113 153 0 136 149 134 0 58 174 127 0 131 216 111 86 0 
6.401 145 68 142 108 96 64 0 0 113 153 0 140 149 134 0 58 174 127 0 131 216 111 86 0 
6.411 141 64 142 108 96 64 0 0 113 153 0 140 149 134 0 58 174 127 0 131 216 111 86 0 
6.421 141 64 142 108 96 64 0 0 119 153 0 140 149 134 0 65 174 127 0 131 216 116 86 0 
6.431 141 60 142 108 102 64 0 0 119 153 0 140 149 134 0 70 174 127 0 131 207 116 86 0 
6.441 141 60 142 113 102 64 0 0 119 153 0 140 149 134 0 74 174 127 0 131 201 116 86 0 
6.451 135 60 137 113 106 64 0 0 125 153 0 145 149 134 0 74 174 123 0 131 193 116 86 0 
6.461 135 60 137 113 106 64 0 0 125 153 0 145 149 134 0 80 174 123 0 131 187 116 86 0 
6.471 131 56 137 113 106 64 0 0 125 149 0 145 149 134 0 80 174 123 0 131 181 116 86 0 
6.481 131 56 137 117 106 64 0 0 125 149 0 145 149 129 0 80 174 123 0 138 181 121 86 0 
6.491 131 56 137 117 106 64 0 0 125 149 0 145 149 129 0 80 174 123 0 138 181 121 86 0 
6.501 131 56 137 117 106 64 0 0 125 149 0 145 149 129 0 80 174 123 0 138 181 121 86 0 
6.511 131 56 137 117 106 64 0 0 125 149 0 145 149 129 0 80 174 123 0 138 181 121 86 0 
6.521 131 56 137 117 106 64 0 0 130 144 0 145 149 129 0 80 174 123 0 138 181 121 86 0 
6.531 131 56 132 117 106 64 0 0 130 144 0 145 149 129 0 87 174 123 0 138 188 121 86 0 
6.541 131 56 132 117 106 64 0 0 130 144 0 145 149 129 0 87 174 123 0 138 188 121 86 0 
6.551 131 56 132 117 106 64 0 0 130 144 0 145 149 129 0 87 174 123 0 138 193 121 86 0 
6.561 131 56 132 117 106 64 0 0 130 144 0 149 149 129 0 92 174 123 0 138 197 121 86 0 
6.571 131 56 132 117 106 69 0 0 134 144 0 149 149 129 0 92 174 123 0 138 201 121 86 0 
6.581 131 56 132 117 106 69 0 0 134 144 0 149 149 129 0 96 169 123 0 138 205 121 86 0 
6.591 131 56 132 117 106 74 0 0 134 144 0 149 149 129 0 96 169 123 0 138 205 121 86 0 
6.601 131 56 132 117 106 74 0 0 134 144 0 149 149 129 0 96 169 123 0 138 205 121 86 0 
6.611 131 56 132 117 106 74 0 0 134 144 0 149 149 129 0 96 169 123 0 138 205 121 86 0 
6.621 131 56 132 117 106 74 0 0 134 140 0 149 149 129 0 102 169 123 0 138 210 121 86 0 
6.631 137 56 132 117 110 80 0 0 134 140 0 149 149 129 0 102 169 123 0 138 210 121 86 0 
6.641 137 56 132 117 110 80 0 0 134 140 0 154 149 129 0 102 169 123 0 138 214 121 91 0 
6.651 137 56 132 117 110 80 0 0 134 140 0 154 149 129 0 102 169 123 0 138 214 121 91 0 
6.661 137 56 132 117 110 80 0 0 134 140 0 154 149 129 0 102 169 123 0 138 220 121 91 0 
6.671 137 56 132 117 110 80 0 0 139 140 0 154 149 129 0 102 164 123 0 143 220 121 91 0 
6.681 137 62 132 117 110 85 0 0 139 140 0 154 149 129 0 107 164 123 0 143 225 121 91 0 
6.691 137 62 132 117 110 85 0 0 139 140 0 154 149 127 0 107 164 123 0 143 225 121 91 0 
6.701 137 62 132 117 110 85 0 0 139 140 0 154 149 127 0 107 164 123 0 143 225 121 91 0 
6.711 142 62 132 117 110 85 0 0 139 140 0 154 149 127 0 107 164 123 0 143 225 121 91 0 
6.721 142 62 132 117 114 85 0 0 139 140 0 154 149 127 0 107 164 123 0 143 225 121 91 0 
6.731 142 62 132 117 114 85 0 0 139 135 0 154 145 127 0 113 164 123 0 143 225 121 91 0 
6.741 142 67 132 113 114 85 0 0 139 135 0 154 145 127 0 113 164 123 0 143 225 121 91 0 
6.751 142 67 132 113 114 85 0 0 139 135 0 154 145 127 0 113 164 123 0 143 230 121 91 0 
6.761 142 67 132 113 114 85 0 0 139 135 0 154 145 127 0 113 159 123 0 143 230 121 91 0 
6.771 147 67 136 113 114 85 0 0 139 135 0 154 145 127 0 113 159 123 0 143 230 121 91 0 
6.781 147 67 136 113 114 85 0 0 139 135 0 154 145 127 0 113 159 123 0 143 230 121 91 0 
6.791 147 67 136 113 114 85 0 0 139 135 0 154 145 127 0 117 159 123 0 143 230 121 91 0 
6.801 147 67 136 113 114 85 0 0 139 135 0 154 145 127 0 117 159 123 0 143 235 121 91 0 
6.811 147 67 136 113 114 85 0 0 139 135 0 154 145 127 0 117 159 123 0 143 235 121 91 0 
6.821 147 71 136 113 114 85 0 0 139 135 0 154 145 127 0 117 159 123 0 143 235 121 91 0 
6.831 151 71 136 113 114 85 0 0 139 135 0 154 141 127 0 117 159 123 0 143 235 121 91 0 
6.841 151 71 136 113 114 85 0 0 139 135 0 154 141 127 0 124 155 123 0 147 235 121 96 0 
6.851 151 71 136 113 114 85 0 0 139 135 0 154 141 127 0 124 155 123 0 147 235 121 96 0 
6.861 151 71 136 108 114 85 0 0 139 135 0 154 141 127 0 124 155 123 0 147 235 121 96 0 
6.871 151 71 136 108 114 89 0 0 139 135 0 154 141 127 0 124 155 123 0 147 235 125 96 0 
6.881 156 76 136 108 114 89 0 0 139 135 0 154 141 127 0 124 155 123 0 147 235 125 96 0 
6.891 156 76 136 108 114 89 0 0 139 135 0 154 141 127 0 124 155 123 0 147 235 125 96 0 
6.901 156 76 136 108 114 89 0 0 139 135 0 154 136 127 0 124 149 123 0 147 240 128 96 0 
6.911 156 76 136 108 114 89 0 0 139 131 0 154 136 122 0 124 149 123 0 147 240 128 96 0 
6.921 156 76 136 108 114 89 0 0 139 131 0 154 136 122 0 124 149 123 0 147 240 128 96 0 
6.931 156 76 136 108 114 89 0 0 139 131 0 154 136 122 0 124 149 123 0 147 240 128 96 0 
6.941 156 76 136 108 114 89 0 0 139 131 0 154 136 122 0 129 149 123 0 147 240 128 96 0 
6.951 156 76 136 108 114 89 0 0 139 131 0 154 136 122 0 129 149 123 0 147 240 128 96 0 
6.961 156 76 136 108 114 93 0 0 139 131 0 154 136 122 0 129 149 123 0 147 240 133 96 0 
6.971 156 76 136 108 114 93 0 0 139 131 0 154 136 122 0 129 144 123 0 147 235 133 96 0 
6.981 156 76 136 108 114 93 0 0 139 131 0 154 136 122 0 129 144 123 0 147 235 133 96 0 
6.991 156 76 136 108 114 93 0 0 139 131 0 154 131 122 0 134 144 123 0 147 235 133 96 0 
7.001 156 76 136 108 114 93 0 0 139 131 0 154 131 122 0 134 144 123 0 147 235 133 96 0 
7.011 156 76 136 108 114 93 0 0 139 131 0 154 131 122 0 134 144 123 0 147 235 133 96 0 
7.021 156 76 136 108 114 93 0 0 139 131 0 154 131 122 0 134 139 123 0 147 235 133 96 0 
7.031 156 76 136 108 114 98 0 0 139 126 0 154 131 122 0 134 139 123 0 147 235 138 96 0 
7.041 156 76 136 108 114 98 0 0 139 126 0 154 131 122 0 134 139 123 0 147 235 138 96 0 
7.051 156 80 136 108 114 98 0 0 139 126 0 154 131 117 0 134 139 123 0 147 235 138 96 0 
7.061 156 80 136 108 114 98 0 0 139 126 0 154 131 117 0 134 139 123 0 147 235 138 96 0 
7.071 156 80 136 108 114 98 0 0 139 126 0 154 131 117 0 134 139 123 0 147 235 138 96 0 
7.081 156 80 136 108 114 98 0 0 139 126 0 154 131 117 0 134 139 123 0 147 235 138 96 0 
7.091 156 80 136 108 114 98 0 0 139 126 0 154 131 117 0 139 135 123 0 147 235 138 96 0 
7.101 156 80 136 104 114 104 0 0 139 126 0 154 131 117 0 139 135 123 0 147 235 138 96 0 
7.111 156 80 136 104 114 104 0 0 139 126 0 154 131 117 0 139 135 123 0 147 235 138 96 0 
7.121 156 80 136 104 114 104 0 0 139 126 0 154 127 117 0 139 135 123 0 147 235 138 96 0 
7.131 156 80 136 104 114 104 0 0 139 126 0 154 127 117 0 139 135 123 0 147 235 138 96 0 
7.141 156 80 136 104 114 104 0 0 139 126 0 154 127 117 0 139 135 123 0 147 235 138 96 0 
7.151 156 80 136 104 114 104 0 0 139 126 0 154 127 117 0 139 135 123 0 147 235 138 96 0 
7.161 156 80 136 104 114 104 0 0 139 126 0 154 127 117 0 139 135 123 0 147 235 138 96 0 
7.171 156 80 136 104 114 104 0 0 139 126 0 154 127 117 0 139 135 123 0 147 239 138 96 0 
7.181 156 80 136 104 114 104 0 0 135 126 0 154 127 117 0 139 135 123 0 147 239 138 96 0 
7.191 156 80 136 104 114 104 0 0 135 126 0 154 127 117 0 139 135 119 0 147 239 138 96 0 
7.201 156 80 136 104 114 104 0 0 135 126 0 154 127 117 0 139 135 119 0 151 239 138 96 0 
7.211 156 80 136 104 114 104 0 0 135 126 0 154 127 117 0 139 135 119 0 151 239 138 96 0 
7.221 156 80 136 104 114 104 0 0 135 122 0 154 127 113 0 139 135 119 0 151 239 138 96 0 
7.231 156 80 136 104 114 104 0 0 135 122 0 154 127 113 0 139 135 119 0 151 239 138 96 0 
7.241 156 80 136 104 114 104 0 0 135 122 0 154 127 113 0 139 135 119 0 151 239 138 96 0 
7.251 156 80 136 104 114 104 0 0 135 122 0 154 122 113 0 139 135 119 0 151 239 138 96 0 
7.261 156 80 136 104 114 104 0 0 131 122 0 154 122 113 0 139 135 119 0 151 239 138 96 0 
7.271 156 80 136 104 114 104 0 0 131 122 0 154 122 113 0 139 135 119 0 151 239 138 96 0 
7.281 156 80 136 104 114 104 0 0 131 122 0 154 122 113 0 139 135 119 0 151 235 138 96 0 
7.291 156 80 136 104 114 104 0 0 131 122 0 154 122 113 0 139 135 119 0 151 235 138 96 0 
7.301 156 80 136 104 114 104 0 0 131 122 0 154 122 113 0 139 135 119 0 151 235 138 96 0 
7.311 156 80 136 104 114 104 0 0 131 122 0 154 122 113 0 139 135 119 0 151 235 138 96 0 
7.321 156 80 136 104 114 104 0 0 131 122 0 154 122 113 0 139 135 119 0 151 235 138 96 0 
7.331 156 80 136 104 114 104 0 0 131 117 0 154 122 113 0 139 135 119 0 151 235 138 96 0 
7.341 156 80 136 104 114 104 0 0 126 117 0 154 122 113 0 139 135 119 0 151 235 138 96 0 
7.351 156 80 136 104 114 104 0 0 126 117 0 154 122 108 0 139 135 119 0 151 235 138 96 0 
7.361 156 80 136 104 114 104 0 0 126 117 0 154 122 108 0 139 135 114 0 151 235 138 96 0 
7.371 156 80 136 104 114 104 0 0 126 117 0 154 122 108 0 139 135 114 0 151 235 138 96 0 
7.381 156 80 136 104 114 104 0 0 126 112 0 154 122 108 0 139 135 114 0 151 235 138 96 0 
7.391 156 80 136 104 114 104 0 0 126 112 0 154 118 108 0 139 135 114 0 151 235 138 96 0 
7.401 156 80 136 104 114 104 0 0 126 112 0 154 118 103 0 139 135 114 0 151 230 134 96 0 
7.411 156 80 136 104 114 104 0 0 120 112 0 154 118 103 0 139 135 114 0 151 230 134 96 0 
7.421 156 80 136 104 114 104 0 0 120 112 0 154 118 103 0 139 135 114 0 151 230 134 96 0 
7.431 156 80 136 104 114 104 0 0 120 112 0 154 118 103 0 139 135 114 0 151 230 134 96 0 
7.441 156 80 136 104 114 104 0 0 120 107 0 154 118 103 0 139 135 114 0 151 230 134 96 0 
7.451 156 80 136 104 114 104 0 0 120 107 0 154 118 103 0 139 135 109 0 151 230 134 96 0 
7.461 156 80 136 104 114 104 0 0 120 107 0 154 118 99 0 139 135 109 0 151 235 134 96 0 
7.471 156 80 136 104 114 104 0 0 120 107 0 154 118 99 0 139 135 109 0 151 235 134 96 0 
7.481 156 80 136 104 110 104 0 0 120 107 0 154 118 99 0 139 135 109 0 151 235 134 96 0 
7.491 156 80 136 104 110 104 0 0 120 107 0 154 118 99 0 139 135 109 0 151 235 134 96 0 
7.501 156 80 136 104 110 104 0 0 120 107 0 154 118 99 0 139 135 109 0 151 235 134 96 0 
7.511 156 80 136 104 110 104 0 0 120 107 0 154 118 99 0 139 135 109 0 151 235 134 96 0 
7.521 156 80 136 104 110 104 0 0 120 107 0 154 118 99 0 139 135 109 0 151 235 134 96 0 
7.531 156 80 136 104 110 104 0 0 120 107 0 154 118 99 0 139 135 109 0 151 235 134 96 0 
7.541 156 80 136 104 110 104 0 0 120 107 0 154 118 99 0 139 135 109 0 151 235 134 96 0 
7.551 156 80 136 104 110 104 0 0 120 107 0 154 118 99 0 139 135 109 0 151 235 134 96 0 
7.561 156 80 136 104 110 104 0 0 120 107 0 154 118 99 0 139 135 109 0 151 235 134 96 0 
7.571 156 80 136 104 110 104 0 0 120 107 0 154 118 99 0 139 135 109 0 151 235 134 96 0 
7.581 156 80 136 104 110 104 0 0 120 102 0 154 118 99 0 139 130 109 0 151 235 130 96 0 
7.591 156 80 136 104 110 104 0 0 120 102 0 154 118 99 0 139 130 109 0 151 235 130 96 0 
7.601 156 80 136 104 110 104 0 0 120 102 0 154 118 99 0 139 130 109 0 151 235 130 96 0 
7.611 156 80 136 104 110 104 0 0 120 102 0 154 118 99 0 139 130 109 0 151 235 130 96 0 
7.621 156 80 136 104 110 104 0 0 120 102 0 154 118 99 0 139 130 109 0 151 235 130 96 0 
7.631 156 80 136 104 110 104 0 0 120 102 0 154 118 99 0 139 130 109 0 151 235 130 96 0 
7.641 156 80 136 104 110 104 0 0 120 102 0 154 118 99 0 139 130 109 0 151 235 130 96 0 
7.651 156 80 136 104 110 104 0 0 120 102 0 154 118 99 0 139 130 109 0 151 235 130 96 0 
7.661 156 80 136 104 110 104 0 0 120 102 0 154 118 99 0 139 130 109 0 151 235 130 96 0 
7.671 156 80 136 108 110 104 0 0 120 102 0 154 118 99 0 139 130 109 0 151 235 130 96 0 
7.681 156 80 136 108 110 104 0 0 120 102 0 154 118 99 0 139 130 109 0 151 235 130 96 0 
7.691 156 80 136 108 110 104 0 0 120 102 0 154 118 99 0 139 130 109 0 151 235 130 96 0 
7.701 156 80 136 108 110 104 0 0 120 102 0 154 118 99 0 139 130 109 0 151 235 130 96 0 
7.711 156 80 136 108 110 104 0 0 120 102 0 154 118 99 0 139 130 109 0 151 235 130 96 0 
7.721 156 80 136 108 110 104 0 0 120 102 0 154 118 99 0 139 130 109 0 151 235 130 96 0 
7.731 156 80 136 108 110 104 0 0 120 102 0 154 118 99 0 139 130 109 0 151 235 130 96 0 
