Hora de inicio de la toma de datos: 12:32:54
AT(s) ROLL1(udig) MCF1 IFD1 A1 MCF2 IFP2 IFD2(*) A2(**) MCF3 IFP3 IFD3(*) A3 MCF4 IFP4 IFD4(*) A4 MCF5 IFP5 IFD5(*) A5 ROLL5 C C_Ano usado
0.01 147 92 136 114 110 87 0 0 127 83 0 156 118 69 0 154 123 100 0 158 231 128 96 0 
0.02 147 92 136 114 110 87 0 0 127 83 0 156 118 69 0 154 123 100 0 158 231 128 96 0 
0.03 147 92 136 114 110 87 0 0 127 83 0 156 118 69 0 154 123 100 0 158 231 128 96 0 
0.04 147 92 136 114 110 87 0 0 127 83 0 156 118 69 0 154 123 100 0 158 231 128 96 0 
0.05 147 92 136 114 110 87 0 0 127 83 0 156 118 69 0 154 123 100 0 158 231 128 96 0 
0.06 147 92 136 114 110 87 0 0 127 83 0 156 118 69 0 154 123 100 0 158 231 128 96 0 
0.07 147 92 136 114 110 87 0 0 127 83 0 156 118 69 0 154 123 100 0 158 231 128 96 0 
0.08 147 92 136 114 110 87 0 0 127 83 0 156 118 69 0 154 123 100 0 158 231 128 96 0 
0.09 147 92 136 114 110 87 0 0 127 83 0 156 118 69 0 154 123 100 0 158 231 128 96 0 
0.1 147 92 136 114 110 87 0 0 127 83 0 156 118 69 0 154 123 100 0 158 231 128 96 0 
0.11 147 92 136 114 110 87 0 0 127 83 0 156 118 69 0 154 123 100 0 158 231 128 96 0 
0.12 147 92 136 114 110 87 0 0 127 83 0 156 118 69 0 154 123 100 0 158 231 128 96 0 
0.13 147 92 136 114 110 87 0 0 127 83 0 156 118 69 0 154 123 100 0 158 231 128 96 0 
0.14 147 92 136 114 110 87 0 0 127 83 0 156 118 69 0 154 123 100 0 158 231 128 96 0 
0.15 147 92 136 114 110 87 0 0 127 83 0 156 118 69 0 154 123 100 0 158 231 128 96 0 
0.161 147 92 136 114 110 87 0 0 127 83 0 156 118 69 0 154 123 100 0 158 231 128 96 0 
0.171 147 92 136 114 110 87 0 0 127 83 0 156 118 69 0 154 123 100 0 158 231 128 96 0 
0.181 147 92 136 114 110 87 0 0 127 83 0 156 118 69 0 154 123 100 0 158 231 128 96 0 
0.191 147 92 136 114 110 87 0 0 127 83 0 156 118 69 0 154 123 100 0 158 231 128 96 0 
0.201 147 92 136 114 110 87 0 0 127 83 0 156 118 69 0 154 123 100 0 158 231 128 96 0 
0.211 147 92 136 114 110 87 0 0 127 83 0 156 118 69 0 154 123 100 0 158 231 128 96 0 
0.221 147 92 136 114 110 87 0 0 127 83 0 156 118 69 0 154 123 100 0 158 231 128 96 0 
0.231 147 92 136 114 110 87 0 0 127 83 0 156 118 69 0 154 123 100 0 158 231 128 96 0 
0.241 147 92 136 114 110 87 0 0 127 83 0 156 118 69 0 154 123 100 0 158 231 128 96 0 
0.251 147 92 136 114 110 87 0 0 127 83 0 156 118 69 0 154 123 100 0 158 231 128 96 0 
0.261 147 92 136 114 110 87 0 0 127 83 0 156 118 69 0 154 123 100 0 158 231 128 96 0 
0.271 147 92 136 114 110 87 0 0 127 83 0 156 118 69 0 154 123 100 0 158 231 128 96 0 
0.281 147 92 136 114 110 87 0 0 127 83 0 156 118 69 0 154 123 100 0 158 231 128 96 0 
0.29 147 92 136 114 110 87 0 0 127 83 0 156 118 69 0 154 123 100 0 158 231 128 96 0 
0.3 147 92 136 114 110 87 0 0 127 83 0 156 118 69 0 154 123 100 0 158 231 128 96 0 
0.31 147 92 136 114 110 87 0 0 127 83 0 156 118 69 0 154 123 100 0 158 231 128 96 0 
0.32 147 92 136 114 110 87 0 0 127 83 0 156 118 69 0 154 123 100 0 158 231 128 96 0 
0.33 147 92 136 114 110 87 0 0 127 83 0 156 118 69 0 154 123 100 0 158 231 128 96 0 
0.34 147 92 136 114 110 87 0 0 127 83 0 156 118 69 0 154 123 100 0 158 231 128 96 0 
0.35 147 92 136 114 110 87 0 0 127 83 0 156 118 69 0 154 123 100 0 158 231 128 96 0 
0.36 147 92 136 114 110 87 0 0 127 83 0 156 118 69 0 154 123 100 0 158 231 128 96 0 
0.37 147 92 136 114 110 87 0 0 127 83 0 156 118 69 0 154 123 100 0 158 231 128 96 0 
0.38 147 92 136 114 110 87 0 0 127 83 0 156 118 69 0 154 123 100 0 158 231 128 96 0 
0.39 147 92 136 114 110 87 0 0 127 83 0 156 118 69 0 154 123 100 0 158 231 128 96 0 
0.4 147 92 136 114 110 87 0 0 127 83 0 156 118 69 0 154 123 100 0 158 231 128 96 0 
0.41 147 92 136 114 110 87 0 0 127 83 0 156 118 69 0 154 123 100 0 158 231 128 96 0 
0.42 147 92 136 114 110 87 0 0 127 83 0 156 118 69 0 154 123 100 0 158 231 128 96 0 
0.43 147 92 136 114 110 87 0 0 127 83 0 156 118 69 0 154 123 100 0 158 231 128 96 0 
0.44 147 92 136 114 110 87 0 0 127 83 0 156 118 69 0 154 123 100 0 158 231 128 96 0 
0.45 147 92 136 114 110 87 0 0 127 83 0 156 118 69 0 154 123 100 0 158 231 128 96 0 
0.46 147 92 136 114 110 87 0 0 127 83 0 156 118 69 0 154 123 100 0 158 231 128 96 0 
0.47 147 92 136 114 110 87 0 0 127 83 0 156 118 69 0 154 123 100 0 158 231 128 96 0 
0.48 147 92 136 114 110 87 0 0 127 83 0 156 118 69 0 154 123 100 0 158 231 128 96 0 
0.49 147 92 136 114 110 87 0 0 127 83 0 156 118 69 0 154 123 100 0 158 231 128 96 0 
0.5 147 92 136 114 110 87 0 0 127 83 0 156 118 69 0 154 123 100 0 158 231 128 96 0 
0.51 147 92 136 114 110 87 0 0 127 83 0 156 118 69 0 154 123 100 0 158 231 128 96 0 
0.52 147 92 136 114 110 87 0 0 127 83 0 156 118 69 0 154 123 100 0 158 231 128 96 0 
0.53 147 92 136 114 110 87 0 0 127 83 0 156 118 69 0 154 123 100 0 158 231 128 96 0 
0.54 147 92 136 114 110 87 0 0 127 83 0 156 118 69 0 154 123 100 0 158 231 128 96 0 
0.55 147 92 136 114 110 87 0 0 127 83 0 156 118 69 0 154 123 100 0 158 231 128 96 0 
0.56 147 92 136 114 110 87 0 0 127 83 0 156 118 69 0 154 123 100 0 158 231 128 96 0 
0.57 147 92 136 114 110 87 0 0 127 83 0 156 118 69 0 154 123 100 0 158 231 128 96 0 
0.58 147 92 136 114 110 87 0 0 127 83 0 156 118 69 0 154 123 100 0 158 231 128 96 0 
0.59 147 92 136 114 110 87 0 0 127 83 0 156 118 69 0 154 123 100 0 158 231 128 96 0 
0.6 147 92 136 114 110 87 0 0 127 83 0 156 118 69 0 154 123 100 0 158 231 128 96 0 
0.61 147 92 136 114 110 87 0 0 127 83 0 156 118 69 0 154 123 100 0 158 231 128 96 0 
0.62 147 92 136 114 110 87 0 0 127 83 0 156 118 69 0 154 123 100 0 158 231 128 96 0 
0.63 147 92 136 114 110 87 0 0 127 83 0 156 118 69 0 154 123 100 0 158 231 128 96 0 
0.64 147 92 136 114 110 87 0 0 127 83 0 156 118 69 0 154 123 100 0 158 231 128 96 0 
0.65 147 92 136 114 110 87 0 0 127 83 0 156 118 69 0 154 123 100 0 158 231 128 96 0 
0.66 147 92 136 114 110 87 0 0 127 83 0 156 118 69 0 154 123 100 0 158 231 128 96 0 
0.67 147 92 136 114 110 87 0 0 127 83 0 156 118 69 0 154 123 100 0 158 231 128 96 0 
0.68 147 92 136 114 110 87 0 0 127 83 0 156 118 69 0 154 123 100 0 158 231 128 96 0 
0.69 147 92 136 114 110 87 0 0 127 83 0 156 118 69 0 154 123 100 0 158 231 128 96 0 
0.7 147 92 136 114 110 87 0 0 127 83 0 156 118 69 0 154 123 100 0 158 231 128 96 0 
0.71 147 92 136 114 110 87 0 0 127 83 0 156 118 69 0 154 123 100 0 158 231 128 96 0 
0.72 147 92 136 114 110 87 0 0 127 83 0 156 118 69 0 154 123 100 0 158 231 128 96 0 
0.73 147 92 136 114 110 87 0 0 127 83 0 156 118 69 0 154 123 100 0 158 231 128 96 0 
0.74 147 92 136 114 110 87 0 0 127 83 0 156 118 69 0 154 123 100 0 158 231 128 96 0 
0.75 147 92 136 114 110 87 0 0 127 83 0 156 118 69 0 154 123 100 0 158 231 128 96 0 
0.76 147 92 136 114 110 87 0 0 127 83 0 156 118 69 0 154 123 100 0 158 231 128 96 0 
0.77 147 92 136 114 110 87 0 0 127 83 0 156 118 69 0 154 123 100 0 158 231 128 96 0 
0.78 147 92 136 114 110 87 0 0 127 83 0 156 118 69 0 154 123 100 0 158 231 128 96 0 
0.79 147 92 136 114 110 87 0 0 127 83 0 156 118 69 0 154 123 100 0 158 231 128 96 0 
0.8 147 92 136 114 110 87 0 0 127 83 0 156 118 69 0 154 123 100 0 158 231 128 96 0 
0.81 147 92 136 114 110 87 0 0 127 83 0 156 118 69 0 154 123 100 0 158 231 128 96 0 
0.82 147 92 136 114 110 87 0 0 127 83 0 156 118 69 0 154 123 100 0 158 231 128 96 0 
0.83 147 92 136 114 110 87 0 0 127 83 0 156 118 69 0 154 123 100 0 158 231 128 96 0 
0.84 147 92 136 114 110 87 0 0 127 83 0 156 118 69 0 154 123 100 0 158 231 128 96 0 
0.85 147 92 136 114 110 87 0 0 127 83 0 156 118 69 0 154 123 100 0 158 231 128 96 0 
0.86 147 92 136 114 110 87 0 0 127 83 0 156 118 69 0 154 123 100 0 158 231 128 96 0 
0.87 147 92 136 114 110 87 0 0 127 83 0 156 118 69 0 154 123 100 0 158 231 128 96 0 
0.88 147 92 136 114 110 87 0 0 127 83 0 156 118 69 0 154 123 100 0 158 231 128 96 0 
0.89 147 92 136 114 110 87 0 0 127 83 0 156 118 69 0 154 123 100 0 158 231 128 96 0 
0.9 147 92 136 114 110 87 0 0 127 83 0 156 118 69 0 154 123 100 0 158 231 128 96 0 
0.91 147 92 136 114 110 87 0 0 127 83 0 156 118 69 0 154 123 100 0 158 231 128 96 0 
0.92 147 92 136 114 110 87 0 0 127 83 0 156 118 69 0 154 123 100 0 158 231 128 96 0 
0.93 147 92 136 114 110 87 0 0 127 83 0 156 118 69 0 154 123 100 0 158 231 128 96 0 
0.94 147 92 136 114 110 87 0 0 127 83 0 156 118 69 0 154 123 100 0 158 231 128 96 0 
0.95 147 92 136 114 110 87 0 0 127 83 0 156 118 69 0 154 123 100 0 158 231 128 96 0 
0.96 147 92 136 114 110 87 0 0 127 83 0 156 118 69 0 154 123 100 0 158 231 128 96 0 
0.97 147 92 136 114 110 87 0 0 127 83 0 156 118 69 0 154 123 100 0 158 231 128 96 0 
0.98 147 92 136 114 110 87 0 0 127 83 0 156 118 69 0 154 123 100 0 158 231 128 96 0 
0.99 147 92 136 114 110 87 0 0 127 83 0 156 118 69 0 154 123 100 0 158 231 128 96 0 
1 147 92 136 114 110 87 0 0 127 83 0 156 118 69 0 154 123 100 0 158 231 128 96 0 
1.01 147 92 136 114 110 87 0 0 127 83 0 156 118 69 0 154 123 100 0 158 231 128 96 0 
1.02 147 92 136 114 110 87 0 0 127 83 0 156 118 69 0 154 123 100 0 158 231 128 96 0 
1.03 147 92 136 114 110 87 0 0 127 83 0 156 118 69 0 154 123 100 0 158 231 128 96 0 
1.04 147 92 136 114 110 87 0 0 127 83 0 156 118 69 0 154 123 100 0 158 231 128 96 0 
1.05 147 92 136 114 110 87 0 0 127 83 0 156 118 69 0 154 123 100 0 158 231 128 96 0 
1.06 147 92 136 114 110 87 0 0 127 83 0 156 118 69 0 154 123 100 0 158 231 128 96 0 
1.07 147 92 136 114 110 87 0 0 127 83 0 156 118 69 0 154 123 100 0 158 231 128 96 0 
1.08 147 92 136 114 110 87 0 0 127 83 0 156 118 69 0 154 123 100 0 158 231 128 96 0 
1.09 147 92 136 114 110 87 0 0 127 83 0 156 118 69 0 154 123 100 0 158 231 128 96 0 
1.1 147 92 136 114 110 87 0 0 127 83 0 156 118 69 0 154 123 100 0 158 231 128 96 0 
1.11 147 92 136 114 110 87 0 0 127 83 0 156 118 69 0 154 123 100 0 158 231 128 96 0 
1.12 147 92 136 114 110 87 0 0 127 83 0 156 118 69 0 154 123 100 0 158 231 128 96 0 
1.13 147 92 136 114 110 87 0 0 127 83 0 156 118 69 0 154 123 100 0 158 231 128 96 0 
1.14 147 92 136 114 110 87 0 0 127 83 0 156 118 69 0 154 123 100 0 158 231 128 96 0 
1.15 147 92 136 114 110 87 0 0 127 83 0 156 118 69 0 154 123 100 0 158 231 128 96 0 
1.16 147 92 136 114 110 87 0 0 127 83 0 156 118 69 0 154 123 100 0 158 231 128 96 0 
1.17 147 92 136 114 110 87 0 0 127 83 0 156 118 69 0 154 123 100 0 158 231 128 96 0 
1.18 147 92 136 114 110 87 0 0 127 83 0 156 118 69 0 154 123 100 0 158 231 128 96 0 
1.19 147 92 136 114 110 87 0 0 127 83 0 156 118 69 0 154 123 100 0 158 231 128 96 0 
1.2 147 92 136 114 110 87 0 0 127 83 0 156 118 69 0 154 123 100 0 158 231 128 96 0 
1.21 147 92 136 114 110 87 0 0 127 83 0 156 118 69 0 154 123 100 0 158 231 128 96 0 
1.22 147 92 136 114 110 87 0 0 127 83 0 156 118 69 0 154 123 100 0 158 231 128 96 0 
1.23 147 92 136 114 110 87 0 0 127 83 0 156 118 69 0 154 123 100 0 158 231 128 96 0 
1.24 147 92 136 114 110 87 0 0 127 83 0 156 118 69 0 154 123 100 0 158 231 128 96 0 
1.25 147 92 136 114 110 87 0 0 127 83 0 156 118 69 0 154 123 100 0 158 231 128 96 0 
1.26 147 92 136 114 110 87 0 0 127 83 0 156 118 69 0 154 123 100 0 158 231 128 96 0 
1.27 147 92 136 114 110 87 0 0 127 83 0 156 118 69 0 154 123 100 0 158 231 128 96 0 
1.28 147 92 136 114 110 87 0 0 127 83 0 156 118 69 0 154 123 100 0 158 231 128 96 0 
1.29 147 92 136 114 110 87 0 0 127 83 0 156 118 69 0 154 123 100 0 158 231 128 96 0 
1.3 147 92 136 114 110 87 0 0 127 83 0 156 118 69 0 154 123 100 0 158 231 128 96 0 
1.31 147 92 136 114 110 87 0 0 127 83 0 156 118 69 0 154 123 100 0 158 231 128 96 0 
1.32 147 92 136 114 110 87 0 0 127 83 0 156 118 69 0 154 123 100 0 158 231 128 96 0 
1.33 147 92 136 114 110 87 0 0 127 83 0 156 118 69 0 154 123 100 0 158 231 128 96 0 
1.34 147 92 136 114 110 87 0 0 127 83 0 156 118 69 0 154 123 100 0 158 231 128 96 0 
1.35 147 92 136 114 110 87 0 0 127 83 0 156 118 69 0 154 123 100 0 158 231 128 96 0 
1.36 147 92 136 114 110 87 0 0 127 83 0 156 118 69 0 154 123 100 0 158 231 128 96 0 
1.37 147 92 136 114 110 87 0 0 127 83 0 156 118 69 0 154 123 100 0 158 231 128 96 0 
1.38 147 92 136 114 110 87 0 0 127 83 0 156 118 69 0 154 123 100 0 158 231 128 96 0 
1.39 147 92 136 114 110 87 0 0 127 83 0 156 118 69 0 154 123 100 0 158 231 128 96 0 
1.4 147 92 136 114 110 87 0 0 127 83 0 156 118 69 0 154 123 100 0 158 231 128 96 0 
1.41 147 92 136 114 110 87 0 0 127 83 0 156 118 69 0 154 123 100 0 158 231 128 96 0 
1.42 147 92 136 114 110 87 0 0 127 83 0 156 118 69 0 154 123 100 0 158 231 128 96 0 
1.43 147 92 136 114 110 87 0 0 127 83 0 156 118 69 0 154 123 100 0 158 231 128 96 0 
1.44 147 92 136 114 110 87 0 0 127 83 0 156 118 69 0 154 123 100 0 158 231 128 96 0 
1.45 147 92 136 114 110 87 0 0 127 83 0 156 118 69 0 154 123 100 0 158 231 128 96 0 
1.46 147 92 136 114 110 87 0 0 127 83 0 156 118 69 0 154 123 100 0 158 231 128 96 0 
1.47 147 92 136 114 110 87 0 0 127 83 0 156 118 69 0 154 123 100 0 158 231 128 96 0 
1.48 147 92 136 114 110 87 0 0 127 83 0 156 118 69 0 154 123 100 0 158 231 128 96 0 
1.49 147 92 136 114 110 87 0 0 127 83 0 156 118 69 0 154 123 100 0 158 231 128 96 0 
1.5 147 92 136 114 110 87 0 0 127 83 0 156 118 69 0 154 123 100 0 158 231 128 96 0 
1.51 147 92 136 114 110 87 0 0 127 83 0 156 118 69 0 154 123 100 0 158 231 128 96 0 
1.52 147 92 136 114 110 87 0 0 127 83 0 156 118 69 0 154 123 100 0 158 231 128 96 0 
1.53 147 92 136 114 110 87 0 0 127 83 0 156 118 69 0 154 123 100 0 158 231 128 96 0 
1.54 147 92 136 114 110 87 0 0 127 83 0 156 118 69 0 154 123 100 0 158 231 128 96 0 
1.55 147 92 136 114 110 87 0 0 127 83 0 156 118 69 0 154 123 100 0 158 231 128 96 0 
1.56 147 92 136 114 110 87 0 0 127 83 0 156 118 69 0 154 123 100 0 158 231 128 96 0 
1.57 147 92 136 114 110 87 0 0 127 83 0 156 118 69 0 154 123 100 0 158 231 128 96 0 
1.58 147 92 136 114 110 87 0 0 127 83 0 156 118 69 0 154 123 100 0 158 231 128 96 0 
1.59 147 92 136 114 110 87 0 0 127 83 0 156 118 69 0 154 123 100 0 158 231 128 96 0 
1.6 147 92 136 114 110 87 0 0 127 83 0 156 118 69 0 154 123 100 0 158 231 128 96 0 
1.61 147 92 136 114 110 87 0 0 127 83 0 156 118 69 0 154 123 100 0 158 231 128 96 0 
1.62 147 92 136 114 110 87 0 0 127 83 0 156 118 69 0 154 123 100 0 158 231 128 96 0 
1.63 147 92 136 114 110 87 0 0 127 83 0 156 118 69 0 154 123 100 0 158 231 128 96 0 
1.64 147 92 136 114 110 87 0 0 127 83 0 156 118 69 0 154 123 100 0 158 231 128 96 0 
1.65 147 92 136 114 110 87 0 0 127 83 0 156 118 69 0 154 123 100 0 158 231 128 96 0 
1.66 147 92 136 114 110 87 0 0 127 83 0 156 118 69 0 154 123 100 0 158 231 128 96 0 
1.67 147 92 136 114 110 87 0 0 127 83 0 156 118 69 0 154 123 100 0 158 231 128 96 0 
1.68 147 92 136 114 110 87 0 0 127 83 0 156 118 69 0 154 123 100 0 158 231 128 96 0 
1.69 147 92 136 114 110 87 0 0 127 83 0 156 118 69 0 154 123 100 0 158 231 128 96 0 
1.7 147 92 136 114 110 87 0 0 127 83 0 156 118 69 0 154 123 100 0 158 231 128 96 0 
1.71 147 92 136 114 110 87 0 0 127 83 0 156 118 69 0 154 123 100 0 158 231 128 96 0 
1.72 147 92 136 114 110 87 0 0 127 83 0 156 118 69 0 154 123 100 0 158 231 128 96 0 
1.73 147 92 136 114 110 87 0 0 127 83 0 156 118 69 0 154 123 100 0 158 231 128 96 0 
1.74 147 92 136 114 110 87 0 0 127 83 0 156 118 69 0 154 123 100 0 158 231 128 96 0 
1.75 147 92 136 114 110 87 0 0 127 83 0 156 118 69 0 154 123 100 0 158 231 128 96 0 
1.76 147 92 136 114 110 87 0 0 127 83 0 156 118 69 0 154 123 100 0 158 231 128 96 0 
1.77 147 92 136 114 110 87 0 0 127 83 0 156 118 69 0 154 123 100 0 158 231 128 96 0 
1.78 147 92 136 114 110 87 0 0 127 83 0 156 118 69 0 154 123 100 0 158 231 128 96 0 
1.79 147 92 136 114 110 87 0 0 127 83 0 156 118 69 0 154 123 100 0 158 231 128 96 0 
1.8 147 92 136 114 110 87 0 0 127 83 0 156 118 69 0 154 123 100 0 158 231 128 96 0 
1.81 147 92 136 114 110 87 0 0 127 83 0 156 118 69 0 154 123 100 0 158 231 128 96 0 
1.82 147 92 136 114 110 87 0 0 127 83 0 156 118 69 0 154 123 100 0 158 231 128 96 0 
1.83 147 92 136 114 110 87 0 0 127 83 0 156 118 69 0 154 123 100 0 158 231 128 96 0 
1.84 147 92 136 114 110 87 0 0 127 83 0 156 118 69 0 154 123 100 0 158 231 128 96 0 
1.85 147 92 136 114 110 87 0 0 127 83 0 156 118 69 0 154 123 100 0 158 231 128 96 0 
1.86 147 92 136 114 110 87 0 0 127 83 0 156 118 69 0 154 123 100 0 158 231 128 96 0 
1.87 147 92 136 114 110 87 0 0 127 83 0 156 118 69 0 154 123 100 0 158 231 128 96 0 
1.88 147 92 136 114 110 87 0 0 127 83 0 156 118 69 0 154 123 100 0 158 231 128 96 0 
1.89 147 92 136 114 110 87 0 0 127 83 0 156 118 69 0 154 123 100 0 158 231 128 96 0 
1.9 147 92 136 114 110 87 0 0 127 83 0 156 118 69 0 154 123 100 0 158 231 128 96 0 
1.91 147 92 136 114 110 87 0 0 127 83 0 156 118 69 0 154 123 100 0 158 231 128 96 0 
1.92 147 92 136 114 110 87 0 0 127 83 0 156 118 69 0 154 123 100 0 158 231 128 96 0 
1.93 147 92 136 114 110 87 0 0 127 83 0 156 118 69 0 154 123 100 0 158 231 128 96 0 
1.94 147 92 136 114 110 87 0 0 127 83 0 156 118 69 0 154 123 100 0 158 235 128 96 0 
1.95 147 92 136 114 110 87 0 0 127 83 0 156 118 69 0 154 123 100 0 158 235 128 96 0 
1.96 147 92 136 114 110 87 0 0 127 83 0 156 118 69 0 154 123 100 0 158 235 128 96 0 
1.97 147 92 136 114 110 87 0 0 127 83 0 156 118 69 0 154 123 100 0 158 235 128 96 0 
1.98 147 92 136 114 110 87 0 0 127 83 0 156 118 69 0 154 123 100 0 158 239 128 96 0 
1.99 147 92 136 114 110 87 0 0 127 83 0 156 118 69 0 154 123 100 0 158 239 128 96 0 
2 147 92 136 114 110 87 0 0 127 83 0 156 118 73 0 154 123 100 0 158 243 132 96 0 
2.01 147 92 136 114 110 87 0 0 127 83 0 156 118 73 0 154 123 100 0 158 243 132 96 0 
2.02 147 87 136 114 110 87 0 0 127 83 0 156 118 73 0 154 123 100 0 158 243 132 96 0 
2.03 147 87 136 114 110 87 0 0 130 83 0 156 118 73 0 154 123 100 0 158 243 132 96 0 
2.04 147 87 136 110 110 87 0 0 130 83 0 156 118 73 0 150 123 100 0 158 243 132 96 0 
2.05 147 87 136 110 110 87 0 0 130 83 0 156 118 73 0 150 123 100 0 158 243 137 96 0 
2.06 147 87 136 110 110 87 0 0 130 83 0 156 118 73 0 150 123 100 0 158 243 137 96 0 
2.07 147 87 136 110 110 87 0 0 130 83 0 156 118 73 0 150 128 100 0 158 243 137 96 0 
2.08 147 87 136 110 110 87 0 0 130 83 0 156 118 73 0 150 128 100 0 158 243 137 96 0 
2.09 147 87 136 105 110 87 0 0 130 83 0 156 123 73 0 150 128 100 0 158 243 137 96 0 
2.1 147 87 136 105 114 87 0 0 130 83 0 156 123 73 0 150 128 100 0 158 243 142 96 0 
2.11 147 87 136 101 114 87 0 0 134 83 0 156 123 73 0 150 128 100 0 158 243 142 96 0 
2.12 147 87 136 101 114 87 0 0 134 83 0 156 127 73 0 150 133 100 0 158 247 142 96 0 
2.13 153 87 136 96 114 87 0 0 139 83 0 156 129 73 0 150 133 104 0 158 247 142 96 0 
2.14 153 87 136 96 121 87 0 0 139 83 0 156 129 73 0 150 133 104 0 158 247 142 91 0 
2.15 153 87 136 96 121 87 0 0 144 83 0 156 133 79 0 150 133 104 0 158 247 142 91 0 
2.16 153 87 136 96 121 87 0 0 144 83 0 156 133 79 0 150 140 104 0 158 247 142 91 0 
2.17 153 87 132 96 121 92 0 0 144 88 0 156 133 79 0 150 140 104 0 158 247 142 91 0 
2.18 158 87 132 90 126 92 0 0 149 88 0 156 133 83 0 150 140 104 0 158 247 142 91 0 
2.19 158 87 132 90 126 92 0 0 149 88 0 156 133 83 0 150 140 104 0 158 247 142 91 0 
2.2 162 87 132 90 128 92 0 0 149 94 0 156 139 83 0 150 140 109 0 158 247 142 91 0 
2.21 162 87 132 90 128 96 0 0 154 94 0 156 139 83 0 150 146 109 0 158 253 142 91 0 
2.22 162 87 132 90 128 96 0 0 154 94 0 156 139 89 0 150 146 109 0 158 253 142 91 0 
2.23 167 87 132 85 133 96 0 0 159 94 0 156 139 89 0 146 151 109 0 158 253 142 91 0 
2.24 167 87 132 85 133 96 0 0 159 100 0 156 146 94 0 146 151 109 0 158 253 142 91 0 
2.25 167 87 132 85 133 96 0 0 164 100 0 156 146 94 0 146 157 115 0 158 253 142 91 0 
2.26 167 87 132 85 137 96 0 0 164 100 0 156 146 94 0 146 157 115 0 158 253 142 91 0 
2.27 167 87 127 85 137 101 0 0 164 105 0 156 146 100 0 146 157 115 0 158 253 142 91 0 
2.28 172 87 127 85 137 101 0 0 164 105 0 156 146 100 0 142 161 115 0 158 253 142 91 0 
2.29 172 87 127 85 137 101 0 0 164 111 0 156 146 105 0 142 161 115 0 158 253 142 91 0 
2.3 172 87 127 85 137 101 0 0 164 111 0 156 146 105 0 142 161 121 0 158 253 137 91 0 
2.31 172 87 127 85 137 101 0 0 164 116 0 156 151 105 0 142 161 121 0 158 253 137 91 0 
2.32 172 87 127 85 137 101 0 0 164 116 0 156 151 111 0 142 161 121 0 158 253 137 91 0 
2.33 172 83 127 85 137 101 0 0 164 116 0 156 151 111 0 142 166 121 0 158 253 137 91 0 
2.34 172 83 127 85 137 106 0 0 164 121 0 156 151 115 0 142 166 125 0 158 253 132 91 0 
2.35 172 83 127 85 137 106 0 0 164 121 0 156 151 115 0 142 166 125 0 158 253 132 91 0 
2.36 172 83 127 85 141 106 0 0 164 121 0 156 151 115 0 142 166 125 0 158 253 132 91 0 
2.37 172 83 127 85 141 106 0 0 164 121 0 156 151 115 0 136 166 125 0 158 253 132 91 0 
2.38 172 83 127 85 141 106 0 0 164 121 0 156 151 115 0 136 166 125 0 158 253 132 91 0 
2.39 172 83 127 85 141 106 0 0 164 121 0 156 151 115 0 136 166 125 0 158 253 132 91 0 
2.4 172 83 127 85 141 106 0 0 164 121 0 156 151 115 0 131 166 125 0 158 253 127 87 0 
2.41 177 83 127 85 141 106 0 0 164 121 0 156 151 115 0 131 166 125 0 158 253 127 87 0 
2.42 177 83 127 85 141 106 0 0 164 121 0 156 151 115 0 131 171 125 0 158 253 127 87 0 
2.43 177 83 127 85 141 106 0 0 164 121 0 156 151 119 0 131 171 125 0 158 253 127 87 0 
2.44 177 83 127 85 141 106 0 0 164 121 0 156 151 119 0 131 171 125 0 158 253 127 87 0 
2.45 177 83 127 85 141 106 0 0 159 125 0 156 151 119 0 125 171 125 0 158 253 127 87 0 
2.46 177 83 127 85 141 106 0 0 159 125 0 156 151 119 0 125 171 125 0 158 253 127 87 0 
2.47 177 83 127 85 141 106 0 0 159 125 0 156 151 119 0 125 171 125 0 158 253 122 87 0 
2.48 177 83 127 85 141 106 0 0 159 125 0 156 151 119 0 125 171 125 0 158 253 122 87 0 
2.49 177 83 127 85 137 106 0 0 159 125 0 156 151 119 0 125 171 125 0 158 253 122 87 0 
2.5 177 83 127 85 137 106 0 0 159 125 0 156 151 119 0 120 171 125 0 158 253 122 87 0 
2.51 177 83 127 85 137 106 0 0 159 125 0 156 151 119 0 120 171 125 0 154 253 122 87 0 
2.52 177 83 127 85 131 106 0 0 152 125 0 156 151 119 0 114 171 125 0 154 253 122 87 0 
2.53 177 77 127 85 131 101 0 0 152 125 0 156 151 119 0 114 171 125 0 150 253 122 83 0 
2.54 177 77 127 85 131 101 0 0 152 125 0 156 151 119 0 109 171 125 0 150 253 122 83 0 
2.55 177 77 127 85 131 101 0 0 152 125 0 156 151 119 0 105 171 125 0 150 253 122 83 0 
2.56 177 77 127 85 127 101 0 0 152 125 0 156 151 119 0 105 171 125 0 150 253 122 83 0 
2.57 177 77 127 85 127 101 0 0 147 125 0 156 151 119 0 100 171 125 0 150 253 122 83 0 
2.58 177 71 127 85 127 101 0 0 147 125 0 156 151 119 0 100 171 125 0 150 253 122 83 0 
2.59 170 71 127 85 122 101 0 0 147 125 0 156 151 119 0 100 171 125 0 144 253 122 83 0 
2.6 170 71 127 85 122 101 0 0 147 125 0 156 151 119 0 94 171 125 0 144 249 122 83 0 
2.61 164 71 127 91 117 101 0 0 140 125 0 156 151 119 0 94 171 125 0 144 249 122 83 0 
2.62 164 71 127 91 117 101 0 0 140 125 0 156 151 119 0 88 171 125 0 144 249 122 83 0 
2.63 158 71 127 91 112 101 0 0 135 125 0 156 151 119 0 88 171 125 0 144 249 122 83 0 
2.64 158 71 127 91 112 101 0 0 135 125 0 156 151 119 0 82 171 125 0 139 253 122 83 0 
2.65 158 71 127 91 112 101 0 0 130 129 0 156 151 119 0 82 171 125 0 139 253 122 83 0 
2.66 158 71 127 91 112 101 0 0 130 129 0 156 151 119 0 82 171 125 0 139 253 122 83 0 
2.67 158 66 127 91 112 101 0 0 130 129 0 156 151 119 0 76 171 125 0 139 253 122 83 0 
2.68 158 66 127 91 112 105 0 0 130 134 0 156 151 124 0 76 171 125 0 139 253 118 83 0 
2.69 158 66 127 91 112 105 0 0 130 134 0 156 151 124 0 70 175 125 0 139 253 118 83 0 
2.7 158 66 127 91 112 105 0 0 130 134 0 156 151 124 0 70 175 125 0 139 253 118 83 0 
2.71 158 66 127 91 112 105 0 0 126 134 0 156 151 124 0 70 175 125 0 139 253 118 83 0 
2.72 158 66 127 91 108 112 0 0 126 140 0 156 151 124 0 70 175 125 0 139 253 118 83 0 
2.73 158 66 127 91 108 112 0 0 126 140 0 152 151 124 0 64 175 125 0 139 253 118 83 0 
2.74 162 66 127 91 108 112 0 0 126 140 0 152 151 124 0 64 175 125 0 139 253 118 83 0 
2.75 162 66 127 91 108 112 0 0 126 140 0 152 151 124 0 64 175 125 0 139 253 118 83 0 
2.76 162 66 123 91 108 117 0 0 126 140 0 152 151 124 0 64 175 125 0 139 253 118 83 0 
2.77 166 66 123 83 108 117 0 0 126 140 0 152 151 124 0 64 175 125 0 139 253 118 83 0 
2.78 166 66 123 83 108 117 0 0 128 140 0 152 151 124 0 64 175 125 0 139 253 118 83 0 
2.79 172 66 123 79 108 117 0 0 128 140 0 152 151 124 0 64 180 125 0 139 253 118 83 0 
2.8 176 66 123 79 108 117 0 0 128 140 0 152 156 124 0 64 180 125 0 139 253 118 83 0 
2.81 176 70 123 79 113 122 0 0 128 140 0 147 156 124 0 64 180 125 0 139 253 118 83 0 
2.82 176 70 123 79 113 122 0 0 128 140 0 147 156 124 0 64 180 125 0 139 253 118 83 0 
2.83 176 74 123 79 113 122 0 0 128 140 0 147 156 124 0 64 180 125 0 139 253 118 83 0 
2.84 182 74 123 75 113 122 0 0 133 140 0 147 156 124 0 64 180 125 0 139 253 118 83 0 
2.85 182 74 123 75 113 122 0 0 133 135 0 147 156 124 0 64 180 125 0 139 253 118 83 0 
2.86 182 74 123 75 119 122 0 0 133 135 0 147 156 124 0 64 180 125 0 139 253 118 83 0 
2.87 182 81 123 75 119 127 0 0 133 135 0 147 156 124 0 64 180 125 0 139 253 118 83 0 
2.88 182 81 123 75 119 127 0 0 133 135 0 147 156 124 0 64 180 125 0 139 253 118 83 0 
2.89 187 81 123 75 119 127 0 0 133 135 0 147 160 124 0 64 180 125 0 144 253 118 83 0 
2.9 187 86 123 75 124 127 0 0 138 135 0 147 160 124 0 64 180 125 0 144 253 118 83 0 
2.91 187 86 128 75 124 129 0 0 138 135 0 147 160 124 0 64 180 125 0 144 253 118 83 0 
2.92 187 86 128 75 124 129 0 0 138 135 0 147 160 124 0 64 184 125 0 144 253 118 83 0 
2.93 187 86 128 75 124 129 0 0 138 135 0 147 160 124 0 70 184 125 0 144 253 118 83 0 
2.94 187 86 128 75 124 129 0 0 138 135 0 147 160 124 0 70 184 125 0 144 253 118 83 0 
2.95 187 86 128 75 124 129 0 0 138 135 0 147 160 124 0 70 184 125 0 144 253 118 83 0 
2.96 187 86 133 75 124 129 0 0 138 135 0 147 160 124 0 70 184 125 0 144 253 118 83 0 
2.97 187 80 133 70 124 134 0 0 138 135 0 152 160 124 0 70 184 125 0 144 253 118 83 0 
2.98 193 76 139 70 124 134 0 0 144 135 0 152 160 124 0 70 184 125 0 144 253 118 83 0 
2.99 193 76 139 70 124 134 0 0 144 135 0 152 160 124 0 70 184 125 0 144 253 118 83 0 
3 193 69 143 70 124 134 0 0 144 135 0 152 160 124 0 70 184 125 0 144 253 118 83 0 
3.01 193 69 143 70 128 134 0 0 144 135 0 152 160 124 0 75 184 125 0 144 253 118 83 0 
3.02 193 62 149 70 128 134 0 0 144 135 0 152 160 124 0 75 184 125 0 148 253 118 83 0 
3.03 197 57 153 70 128 134 0 0 144 135 0 152 160 124 0 75 184 125 0 148 253 118 79 0 
3.04 197 53 153 66 128 134 0 0 144 135 0 152 160 124 0 75 184 125 0 148 253 118 79 0 
3.05 197 53 153 66 128 134 0 0 144 135 0 152 160 124 0 75 184 125 0 148 253 118 79 0 
3.06 197 53 158 66 128 134 0 0 144 135 0 152 160 124 0 75 184 125 0 148 253 118 79 0 
3.07 197 47 158 66 128 134 0 0 144 135 0 152 160 124 0 75 184 125 0 148 253 118 79 0 
3.08 197 43 164 66 128 134 0 0 144 135 0 152 160 124 0 75 184 125 0 148 253 118 79 0 
3.09 197 43 164 66 128 134 0 0 144 135 0 152 160 124 0 80 184 125 0 148 253 118 79 0 
3.1 197 43 169 66 128 134 0 0 144 131 0 156 160 124 0 80 184 125 0 148 253 118 79 0 
3.11 197 43 169 66 133 134 0 0 144 131 0 156 160 124 0 84 184 129 0 148 253 118 79 0 
3.12 197 43 169 66 133 134 0 0 149 131 0 156 165 124 0 84 184 129 0 148 253 118 79 0 
3.13 197 43 169 66 133 134 0 0 149 131 0 156 165 124 0 84 184 129 0 148 253 118 79 0 
3.14 191 43 173 66 133 138 0 0 149 131 0 156 165 124 0 84 184 129 0 148 253 118 79 0 
3.15 191 43 173 66 133 138 0 0 149 131 0 156 165 124 0 84 184 129 0 148 253 118 79 0 
3.16 191 43 173 66 133 138 0 0 149 131 0 156 165 124 0 84 184 129 0 148 253 118 79 0 
3.17 191 43 173 66 133 142 0 0 149 131 0 156 165 124 0 84 184 129 0 148 253 118 79 0 
3.18 186 43 173 66 133 142 0 0 149 136 0 150 165 124 0 84 184 129 0 148 253 118 79 0 
3.19 186 43 173 73 133 146 0 0 149 136 0 146 165 124 0 84 184 129 0 148 253 118 79 0 
3.2 181 47 173 73 133 146 0 0 149 136 0 146 165 124 0 84 184 129 0 148 253 118 79 0 
3.21 181 47 167 79 133 146 0 0 149 136 0 146 165 124 0 84 184 129 0 148 253 118 83 0 
3.22 181 47 167 79 133 146 0 0 149 136 0 146 165 124 0 84 184 129 0 148 253 118 83 0 
3.23 177 47 161 79 133 146 0 0 149 136 0 141 165 124 0 84 184 129 0 148 253 118 83 0 
3.24 177 47 161 79 133 146 0 0 149 136 0 141 165 124 0 84 184 129 0 148 253 118 83 0 
3.25 177 47 157 79 133 146 0 0 149 136 0 137 165 124 0 84 184 129 0 148 253 118 83 0 
3.26 177 47 157 79 133 146 0 0 149 136 0 137 165 124 0 84 184 129 0 148 253 118 83 0 
3.27 181 47 157 79 133 146 0 0 149 136 0 137 165 124 0 84 184 126 0 148 253 123 88 0 
3.28 181 47 152 79 133 146 0 0 149 129 0 137 165 124 0 84 184 126 0 148 253 123 88 0 
3.29 185 47 152 79 133 146 0 0 149 126 0 131 165 124 0 84 184 126 0 148 253 123 88 0 
3.3 185 47 152 79 133 146 0 0 149 126 0 131 165 119 0 84 184 126 0 148 253 123 88 0 
3.31 185 47 152 79 133 146 0 0 149 120 0 131 165 119 0 89 184 120 0 148 253 123 88 0 
3.32 185 47 148 79 133 146 0 0 149 120 0 131 165 119 0 89 184 120 0 148 253 123 88 0 
3.33 191 47 148 79 128 146 0 0 149 113 0 124 165 119 0 94 184 120 0 148 253 123 88 0 
3.34 191 47 148 79 128 146 0 0 149 109 0 124 165 119 0 94 178 120 0 148 253 123 93 0 
3.35 191 47 148 79 128 146 0 0 149 105 0 119 165 113 0 101 178 120 0 148 253 123 93 0 
3.36 191 47 148 79 126 146 0 0 149 105 0 119 165 113 0 101 178 120 0 148 253 123 93 0 
3.37 197 47 148 79 121 146 0 0 149 97 0 113 160 106 0 101 173 113 0 148 253 123 93 0 
3.38 197 47 148 79 121 146 0 0 149 97 0 113 160 106 0 101 173 113 0 148 253 123 93 0 
3.39 197 47 148 79 121 146 0 0 149 97 0 113 160 106 0 101 173 113 0 148 253 123 93 0 
3.4 197 47 148 79 121 146 0 0 149 97 0 113 160 106 0 101 173 113 0 148 253 123 93 0 
3.41 202 51 143 79 113 141 0 0 149 97 0 103 154 89 0 105 163 105 0 148 253 128 93 0 
3.42 202 51 143 79 113 141 0 0 149 93 0 103 154 89 0 105 159 105 0 148 253 128 93 0 
3.43 206 51 143 79 113 141 0 0 143 93 0 103 147 89 0 105 155 105 0 143 253 128 93 0 
3.44 206 56 138 79 113 141 0 0 143 93 0 103 143 89 0 105 151 105 0 143 253 128 93 0 
3.45 206 56 138 79 113 141 0 0 143 93 0 103 143 89 0 105 147 105 0 143 253 128 93 0 
3.46 206 56 138 79 113 141 0 0 139 93 0 103 143 89 0 105 147 105 0 143 253 128 93 0 
3.47 206 60 138 73 113 141 0 0 139 93 0 108 138 89 0 110 147 105 0 143 253 128 93 0 
3.48 206 60 138 73 113 141 0 0 139 100 0 108 138 89 0 110 147 105 0 143 253 128 93 0 
3.49 206 60 138 73 113 141 0 0 135 100 0 112 138 94 0 110 147 105 0 138 253 128 93 0 
3.5 206 60 133 68 113 141 0 0 135 100 0 112 138 94 0 110 147 105 0 138 253 128 93 0 
3.51 206 66 133 68 118 141 0 0 135 100 0 118 138 94 0 110 147 105 0 138 253 128 93 0 
3.52 206 66 133 68 118 141 0 0 135 105 0 118 138 94 0 110 147 105 0 138 253 128 93 0 
3.53 202 66 133 74 122 141 0 0 135 105 0 118 138 94 0 110 147 105 0 138 253 128 93 0 
3.54 198 66 133 74 122 141 0 0 142 109 0 124 143 101 0 110 147 105 0 138 253 128 93 0 
3.55 198 66 133 74 122 141 0 0 142 109 0 124 143 101 0 110 154 111 0 138 253 127 93 0 
3.56 198 66 133 74 127 141 0 0 142 109 0 124 143 101 0 110 154 111 0 138 253 127 93 0 
3.57 198 66 133 79 127 141 0 0 142 114 0 124 148 107 0 110 159 111 0 138 253 127 93 0 
3.58 198 66 133 79 129 141 0 0 146 114 0 124 148 107 0 110 159 111 0 138 253 127 93 0 
3.59 198 66 133 79 129 141 0 0 146 120 0 124 148 113 0 110 159 111 0 138 253 127 93 0 
3.6 198 66 133 79 129 141 0 0 146 120 0 124 148 113 0 110 165 111 0 138 253 127 93 0 
3.61 198 66 133 79 129 141 0 0 146 120 0 124 148 113 0 104 165 111 0 138 253 127 93 0 
3.62 198 66 133 79 129 141 0 0 146 120 0 124 148 113 0 104 165 111 0 138 253 127 93 0 
3.63 198 66 133 79 129 141 0 0 146 120 0 124 152 113 0 104 165 111 0 138 253 127 93 0 
3.64 198 66 133 79 129 141 0 0 146 120 0 124 152 113 0 98 165 111 0 138 253 127 93 0 
3.65 198 66 133 79 129 141 0 0 146 120 0 124 152 113 0 98 170 111 0 138 253 127 93 0 
3.66 198 66 133 79 129 141 0 0 146 120 0 124 152 113 0 98 170 111 0 138 253 127 87 0 
3.67 198 66 133 79 129 141 0 0 146 124 0 124 152 113 0 98 170 116 0 138 253 127 87 0 
3.68 198 66 133 79 129 141 0 0 146 124 0 124 152 113 0 98 170 116 0 138 253 127 87 0 
3.69 198 66 133 73 129 141 0 0 146 124 0 124 152 113 0 93 170 116 0 138 253 127 87 0 
3.7 198 66 133 73 129 141 0 0 146 124 0 124 152 113 0 93 170 116 0 138 253 127 87 0 
3.71 198 66 133 73 134 141 0 0 146 124 0 124 152 113 0 93 170 116 0 138 253 127 87 0 
3.72 202 66 133 67 134 146 0 0 146 124 0 124 152 113 0 93 170 116 0 138 253 127 87 0 
3.73 202 66 133 67 134 150 0 0 146 124 0 124 157 113 0 93 170 116 0 138 253 127 87 0 
3.74 202 66 133 67 134 154 0 0 146 124 0 124 157 113 0 93 175 116 0 138 253 127 87 0 
3.75 202 66 139 67 134 158 0 0 146 124 0 124 157 113 0 93 175 116 0 138 253 127 87 0 
3.76 202 66 139 67 134 158 0 0 146 124 0 124 157 113 0 93 175 116 0 138 253 127 87 0 
3.77 202 66 139 62 139 158 0 0 146 124 0 124 157 118 0 93 175 121 0 138 253 127 87 0 
3.78 202 62 144 62 139 163 0 0 146 124 0 124 157 118 0 93 175 121 0 138 253 127 87 0 
3.79 202 62 144 62 139 163 0 0 146 124 0 124 157 118 0 93 175 121 0 138 253 127 87 0 
3.8 202 58 149 62 139 168 0 0 146 124 0 124 161 118 0 93 175 121 0 138 253 127 87 0 
3.81 202 58 149 58 144 168 0 0 151 128 0 124 161 118 0 93 180 121 0 138 253 127 87 0 
3.82 207 58 149 58 144 168 0 0 151 128 0 124 161 118 0 93 180 126 0 138 253 127 87 0 
3.83 207 52 155 58 144 168 0 0 151 128 0 124 161 118 0 93 180 126 0 138 253 127 87 0 
3.84 207 52 155 58 144 168 0 0 151 128 0 124 161 118 0 93 180 126 0 138 253 127 87 0 
3.85 207 52 155 58 144 172 0 0 151 128 0 124 161 118 0 93 180 128 0 138 253 127 87 0 
3.86 207 52 155 58 144 172 0 0 151 128 0 124 161 118 0 93 180 128 0 138 253 127 87 0 
3.87 207 52 155 58 144 172 0 0 151 128 0 124 161 123 0 89 180 128 0 138 253 127 87 0 
3.88 207 52 155 58 144 172 0 0 151 128 0 124 161 123 0 89 180 128 0 138 253 127 87 0 
3.89 207 47 160 58 144 172 0 0 151 128 0 124 161 123 0 89 180 128 0 138 253 127 87 0 
3.9 207 47 160 58 144 172 0 0 151 128 0 124 161 123 0 89 180 128 0 138 253 127 87 0 
3.91 207 47 160 58 144 172 0 0 151 128 0 124 161 123 0 89 180 133 0 138 253 127 87 0 
3.92 207 47 160 58 144 176 0 0 151 128 0 124 161 123 0 89 180 133 0 138 253 127 87 0 
3.93 207 47 160 58 144 176 0 0 151 128 0 124 161 123 0 89 180 133 0 138 253 127 87 0 
3.94 207 43 160 58 144 176 0 0 151 128 0 124 161 123 0 89 180 133 0 138 253 127 87 0 
3.95 207 43 160 58 144 176 0 0 151 128 0 124 166 123 0 89 180 133 0 138 253 127 87 0 
3.96 207 43 160 58 144 176 0 0 151 128 0 124 166 123 0 89 180 133 0 138 253 127 87 0 
3.97 207 43 165 58 144 176 0 0 151 128 0 124 166 123 0 89 180 133 0 138 253 127 87 0 
3.98 207 43 165 58 144 176 0 0 151 133 0 124 166 123 0 89 184 133 0 138 253 127 87 0 
3.99 207 43 165 58 144 176 0 0 151 133 0 124 166 123 0 89 184 133 0 138 253 127 87 0 
4 211 43 165 58 144 176 0 0 151 133 0 124 166 123 0 89 184 133 0 138 253 127 87 0 
4.01 211 43 165 58 144 176 0 0 151 133 0 124 166 123 0 89 184 133 0 138 253 127 87 0 
4.02 211 43 165 58 144 181 0 0 151 133 0 124 166 123 0 89 184 133 0 138 253 127 87 0 
4.03 211 43 165 58 144 181 0 0 151 133 0 124 166 123 0 89 184 133 0 138 253 127 87 0 
4.04 211 43 165 54 144 181 0 0 151 133 0 124 166 123 0 89 184 137 0 138 253 127 87 0 
4.05 211 43 165 54 144 181 0 0 151 133 0 124 166 123 0 89 184 137 0 138 253 127 87 0 
4.06 211 43 165 54 144 181 0 0 151 133 0 124 166 123 0 89 184 137 0 138 253 127 87 0 
4.07 211 43 165 54 144 181 0 0 151 133 0 124 166 127 0 89 184 137 0 138 253 123 87 0 
4.08 211 43 165 54 144 181 0 0 151 133 0 124 166 127 0 89 184 137 0 138 253 123 87 0 
4.09 211 43 165 54 144 181 0 0 151 133 0 124 166 127 0 89 184 137 0 138 253 123 87 0 
4.1 211 43 165 54 144 181 0 0 151 133 0 124 166 127 0 89 184 137 0 138 253 123 87 0 
4.11 211 43 165 54 144 181 0 0 151 133 0 124 166 127 0 85 184 137 0 138 253 123 87 0 
4.12 211 43 165 54 144 181 0 0 151 133 0 124 166 127 0 85 184 137 0 138 253 123 87 0 
4.13 211 43 165 54 144 181 0 0 151 133 0 124 166 127 0 85 184 137 0 138 253 123 87 0 
4.14 211 43 165 54 144 181 0 0 151 133 0 124 166 127 0 85 184 137 0 138 253 123 87 0 
4.151 211 43 169 54 144 181 0 0 151 133 0 124 166 127 0 85 184 137 0 138 253 123 87 0 
4.161 211 43 169 54 144 181 0 0 151 133 0 124 166 127 0 85 184 137 0 138 253 123 87 0 
4.171 211 43 169 54 144 181 0 0 151 133 0 124 166 127 0 85 184 137 0 138 253 123 87 0 
4.181 211 43 169 54 144 181 0 0 151 133 0 124 166 127 0 85 184 137 0 138 253 123 87 0 
4.191 211 43 169 54 144 181 0 0 151 133 0 124 166 127 0 85 184 137 0 138 253 123 87 0 
4.201 211 43 169 54 144 181 0 0 151 133 0 124 166 127 0 85 184 137 0 138 253 123 87 0 
4.211 211 43 169 54 144 181 0 0 151 133 0 124 166 127 0 85 184 137 0 138 253 123 87 0 
4.221 211 43 169 54 144 181 0 0 151 133 0 124 166 127 0 85 184 137 0 138 253 123 87 0 
4.231 211 43 169 54 144 181 0 0 151 133 0 124 166 127 0 85 184 137 0 138 253 123 87 0 
4.241 211 43 169 54 148 181 0 0 151 133 0 124 166 127 0 85 184 137 0 138 253 123 87 0 
4.251 211 43 169 54 148 181 0 0 151 133 0 124 166 127 0 85 184 137 0 138 253 123 87 0 
4.261 211 43 169 54 148 181 0 0 151 133 0 124 166 127 0 85 184 137 0 138 253 123 87 0 
4.271 211 43 169 54 148 181 0 0 151 133 0 124 166 127 0 85 184 137 0 138 253 123 87 0 
4.281 211 43 169 54 148 181 0 0 151 133 0 124 166 127 0 85 184 137 0 138 253 123 87 0 
4.291 211 43 169 54 148 181 0 0 151 133 0 124 166 127 0 85 184 137 0 138 253 123 87 0 
4.301 211 43 169 54 148 181 0 0 151 133 0 124 166 127 0 85 184 137 0 138 253 123 87 0 
4.311 211 43 169 54 148 181 0 0 151 133 0 124 166 127 0 85 184 137 0 138 253 123 87 0 
4.321 211 43 169 54 148 181 0 0 151 133 0 124 166 127 0 85 184 137 0 138 253 123 87 0 
4.331 211 43 169 54 148 181 0 0 151 133 0 124 166 127 0 85 184 137 0 143 253 123 87 0 
4.341 211 43 169 54 148 181 0 0 151 133 0 124 166 127 0 85 184 137 0 143 253 123 87 0 
4.351 211 43 169 54 148 181 0 0 151 133 0 124 166 127 0 85 184 137 0 143 253 123 87 0 
4.361 211 43 169 54 148 181 0 0 151 133 0 124 166 127 0 85 184 137 0 143 253 123 87 0 
4.371 211 43 169 54 148 181 0 0 151 133 0 124 166 127 0 85 184 137 0 143 253 123 87 0 
4.381 211 43 169 54 148 181 0 0 151 133 0 124 166 127 0 85 184 137 0 143 253 123 87 0 
4.391 211 43 169 54 148 181 0 0 151 133 0 124 166 127 0 85 184 137 0 143 253 123 87 0 
4.401 211 43 169 54 148 181 0 0 151 133 0 124 166 127 0 85 184 137 0 143 253 123 87 0 
4.411 211 43 169 54 148 181 0 0 151 133 0 124 166 127 0 85 184 137 0 143 253 123 87 0 
4.421 211 43 169 54 148 181 0 0 151 133 0 124 166 127 0 85 184 137 0 143 253 123 87 0 
4.431 211 43 169 54 148 181 0 0 151 133 0 124 166 127 0 85 184 137 0 143 253 123 87 0 
4.441 211 43 169 54 148 181 0 0 151 133 0 124 166 127 0 85 184 137 0 143 253 123 87 0 
4.451 211 38 169 54 148 181 0 0 151 137 0 124 166 127 0 85 184 137 0 143 253 123 87 0 
4.461 211 38 169 54 148 181 0 0 151 137 0 124 166 127 0 85 184 137 0 143 253 123 87 0 
4.471 211 38 169 54 148 181 0 0 151 137 0 124 166 127 0 85 184 137 0 143 253 123 87 0 
4.481 211 38 169 54 148 181 0 0 151 137 0 124 166 127 0 85 184 137 0 143 253 123 87 0 
4.491 211 38 169 54 148 181 0 0 151 137 0 124 166 127 0 85 184 137 0 143 253 123 87 0 
4.501 211 38 169 54 148 181 0 0 151 137 0 124 166 127 0 85 184 137 0 143 253 123 87 0 
4.511 211 38 169 54 148 181 0 0 151 137 0 124 166 127 0 85 184 137 0 143 253 123 87 0 
4.521 211 38 169 54 148 181 0 0 151 137 0 124 166 127 0 85 184 137 0 143 253 123 87 0 
4.531 211 38 169 54 148 181 0 0 151 137 0 124 166 129 0 85 184 137 0 143 253 123 87 0 
4.541 211 38 169 54 148 181 0 0 151 137 0 124 166 129 0 85 184 137 0 143 253 123 87 0 
4.551 211 38 169 54 148 181 0 0 151 137 0 124 166 129 0 85 184 137 0 143 253 123 87 0 
4.561 211 38 169 54 148 181 0 0 151 137 0 124 166 129 0 85 184 137 0 143 253 123 87 0 
4.571 211 38 169 54 148 181 0 0 151 137 0 124 166 129 0 85 184 137 0 143 253 123 87 0 
4.581 211 38 169 54 148 181 0 0 151 137 0 124 166 129 0 85 184 137 0 143 253 123 87 0 
4.592 211 38 169 54 148 181 0 0 151 137 0 124 166 127 0 85 184 137 0 143 253 123 87 0 
4.601 211 38 169 54 148 181 0 0 151 137 0 124 166 127 0 85 184 137 0 143 253 123 87 0 
4.611 211 38 169 54 148 181 0 0 151 137 0 124 166 127 0 85 184 137 0 143 253 123 87 0 
4.621 211 38 169 54 148 181 0 0 151 137 0 124 166 127 0 85 184 137 0 143 253 123 87 0 
4.631 211 38 169 54 148 181 0 0 151 137 0 124 166 127 0 85 184 137 0 143 253 123 87 0 
4.641 211 38 169 54 148 181 0 0 151 137 0 124 166 127 0 85 184 137 0 143 253 123 87 0 
4.651 211 38 169 54 148 181 0 0 151 137 0 124 166 127 0 85 184 137 0 143 253 123 87 0 
4.661 211 38 169 54 148 181 0 0 151 137 0 124 166 127 0 85 184 137 0 143 253 123 87 0 
4.671 211 34 169 54 148 181 0 0 151 137 0 124 166 127 0 85 184 137 0 143 253 123 87 0 
4.681 211 34 169 54 148 181 0 0 151 137 0 124 166 127 0 85 184 137 0 143 253 123 87 0 
4.691 211 34 169 54 148 181 0 0 151 137 0 124 166 127 0 85 184 137 0 143 253 123 87 0 
4.701 211 34 169 54 148 181 0 0 151 137 0 124 166 127 0 85 184 137 0 143 253 123 87 0 
4.711 211 34 169 54 148 181 0 0 151 137 0 124 166 127 0 85 184 137 0 143 253 123 87 0 
4.721 211 34 169 54 148 181 0 0 151 137 0 124 166 127 0 85 184 137 0 143 253 123 87 0 
4.731 211 34 169 54 148 181 0 0 151 137 0 124 166 127 0 85 184 137 0 143 253 123 87 0 
4.741 211 34 169 54 148 181 0 0 151 137 0 124 166 127 0 85 184 137 0 143 253 123 87 0 
4.751 211 34 169 54 148 181 0 0 151 137 0 124 166 127 0 85 184 137 0 143 253 123 87 0 
4.761 211 34 169 54 148 181 0 0 151 137 0 124 166 127 0 85 184 137 0 143 253 123 87 0 
4.771 211 34 169 54 148 181 0 0 151 137 0 124 166 127 0 85 184 137 0 143 253 123 87 0 
4.781 211 34 169 54 148 181 0 0 151 137 0 124 166 127 0 85 184 137 0 143 253 123 87 0 
4.791 211 34 169 54 148 181 0 0 151 137 0 124 166 127 0 85 184 133 0 143 253 123 87 0 
4.801 211 34 169 54 148 181 0 0 151 137 0 124 166 127 0 85 184 133 0 143 253 123 87 0 
4.811 211 34 169 54 148 181 0 0 156 133 0 124 166 127 0 85 184 133 0 143 253 123 87 0 
4.821 211 34 169 54 148 181 0 0 156 133 0 124 166 127 0 85 184 133 0 143 253 123 87 0 
4.831 211 34 169 54 148 181 0 0 156 133 0 124 166 127 0 85 184 133 0 143 253 123 87 0 
4.841 211 34 169 54 148 181 0 0 156 133 0 124 166 127 0 85 184 133 0 143 253 123 87 0 
4.851 211 34 169 54 148 181 0 0 156 133 0 124 166 127 0 85 184 133 0 143 253 123 87 0 
4.861 211 34 169 54 148 181 0 0 156 133 0 124 166 127 0 85 184 133 0 143 253 123 87 0 
4.871 211 34 169 54 148 181 0 0 156 133 0 124 166 127 0 85 184 133 0 143 253 123 87 0 
4.881 211 34 169 54 148 181 0 0 156 133 0 124 166 127 0 85 184 133 0 143 253 123 87 0 
4.891 211 34 169 54 148 181 0 0 156 133 0 124 166 127 0 85 184 133 0 143 253 123 87 0 
4.901 211 34 169 54 148 181 0 0 156 133 0 124 166 127 0 85 184 133 0 143 253 123 87 0 
4.911 211 34 169 54 148 181 0 0 156 133 0 124 166 127 0 85 184 133 0 143 253 123 87 0 
4.921 211 34 169 54 148 181 0 0 156 133 0 124 166 127 0 85 184 133 0 143 253 123 87 0 
4.931 211 34 169 54 148 181 0 0 156 133 0 124 166 127 0 85 184 133 0 143 253 123 87 0 
4.941 211 34 169 54 148 181 0 0 156 133 0 124 166 127 0 85 184 133 0 143 253 123 87 0 
4.951 211 34 169 54 148 181 0 0 156 133 0 124 166 127 0 85 184 133 0 143 253 123 87 0 
4.961 211 34 169 54 148 181 0 0 156 133 0 124 166 127 0 85 184 133 0 143 253 123 87 0 
4.971 211 34 169 54 148 181 0 0 156 133 0 124 166 127 0 85 184 133 0 143 253 123 87 0 
4.981 211 34 169 54 148 181 0 0 156 133 0 124 166 127 0 85 184 133 0 143 253 123 87 0 
4.991 211 34 169 54 148 181 0 0 156 133 0 124 166 127 0 85 184 133 0 143 253 123 87 0 
5.001 211 34 169 54 148 181 0 0 156 133 0 124 166 127 0 85 184 133 0 143 253 123 87 0 
5.011 211 34 169 54 148 181 0 0 156 133 0 124 166 127 0 85 184 133 0 143 253 123 87 0 
5.021 211 34 169 54 148 181 0 0 156 133 0 124 166 127 0 85 184 133 0 143 253 123 87 0 
5.031 211 34 169 54 148 181 0 0 156 133 0 124 166 127 0 85 184 133 0 143 253 123 87 0 
5.041 211 34 169 54 148 181 0 0 156 133 0 124 166 127 0 85 184 133 0 143 253 123 87 0 
5.051 211 34 169 54 148 181 0 0 156 133 0 124 166 127 0 85 184 133 0 143 253 123 87 0 
5.061 211 34 169 54 148 181 0 0 156 133 0 124 166 127 0 85 184 133 0 143 253 123 87 0 
5.071 211 34 169 54 148 181 0 0 156 133 0 124 166 127 0 85 184 133 0 143 253 123 87 0 
5.081 211 34 169 54 148 181 0 0 156 133 0 124 166 127 0 85 184 133 0 143 253 123 87 0 
5.091 211 34 169 54 148 181 0 0 156 133 0 124 166 127 0 85 184 133 0 143 253 123 87 0 
5.102 211 34 169 54 148 181 0 0 156 133 0 124 166 127 0 85 184 133 0 143 253 123 87 0 
5.111 211 34 169 54 148 181 0 0 156 133 0 124 166 127 0 85 184 133 0 143 253 123 87 0 
5.121 211 34 169 54 148 181 0 0 156 133 0 124 166 127 0 85 184 133 0 143 253 123 87 0 
5.131 211 34 169 54 148 181 0 0 151 133 0 124 166 127 0 85 184 133 0 143 253 123 87 0 
5.141 211 34 169 54 148 181 0 0 151 133 0 124 166 127 0 85 184 133 0 143 253 123 87 0 
5.151 211 34 169 54 148 181 0 0 151 133 0 124 166 127 0 85 184 133 0 143 253 123 87 0 
5.161 211 34 169 54 148 181 0 0 151 133 0 124 166 127 0 85 184 133 0 143 253 123 87 0 
5.171 211 34 169 54 148 181 0 0 151 133 0 124 166 127 0 85 184 133 0 143 253 123 87 0 
5.181 211 34 169 54 148 181 0 0 151 133 0 124 166 127 0 85 184 133 0 143 253 123 87 0 
5.191 211 34 169 54 148 181 0 0 151 133 0 124 166 127 0 85 184 133 0 143 253 123 87 0 
5.201 211 34 169 54 148 181 0 0 151 133 0 124 166 127 0 85 184 133 0 143 253 123 87 0 
5.211 211 34 169 54 148 181 0 0 151 133 0 124 166 127 0 85 184 133 0 143 253 123 87 0 
5.221 211 34 169 54 148 181 0 0 151 133 0 124 166 127 0 85 184 133 0 143 253 123 87 0 
5.231 211 34 169 54 148 181 0 0 151 133 0 124 166 127 0 85 184 133 0 143 253 123 87 0 
5.241 211 34 169 54 148 181 0 0 151 133 0 124 166 127 0 85 184 133 0 143 253 123 87 0 
5.251 211 34 169 54 148 181 0 0 151 133 0 124 166 127 0 85 184 133 0 143 253 123 87 0 
5.261 211 34 169 54 148 181 0 0 151 133 0 124 166 127 0 85 184 133 0 143 253 123 87 0 
5.271 211 34 169 54 148 181 0 0 151 133 0 124 166 127 0 85 184 133 0 143 253 123 87 0 
5.281 211 34 169 54 148 181 0 0 151 133 0 124 166 127 0 85 184 133 0 143 253 123 87 0 
5.291 211 34 169 54 148 181 0 0 151 133 0 124 166 127 0 85 184 133 0 143 253 123 87 0 
5.301 211 34 169 54 148 181 0 0 151 133 0 124 166 127 0 85 184 133 0 143 253 123 87 0 
5.311 211 34 169 54 148 181 0 0 151 133 0 124 166 127 0 85 184 133 0 143 253 123 87 0 
5.321 211 34 169 54 148 181 0 0 151 133 0 124 166 127 0 85 184 133 0 143 253 123 87 0 
5.331 211 34 169 54 148 181 0 0 151 133 0 124 166 127 0 85 184 133 0 143 253 123 87 0 
5.341 211 34 169 54 148 181 0 0 151 133 0 124 166 127 0 85 184 133 0 143 253 123 87 0 
5.351 211 34 169 54 148 181 0 0 151 133 0 124 166 127 0 85 184 133 0 143 253 123 87 0 
5.361 211 34 169 54 148 181 0 0 151 133 0 124 166 127 0 85 184 133 0 143 253 123 87 0 
5.371 211 34 169 54 148 181 0 0 151 133 0 124 166 127 0 85 184 133 0 143 253 123 87 0 
5.381 211 34 169 54 148 181 0 0 151 133 0 124 166 127 0 85 184 133 0 143 253 123 87 0 
5.391 211 34 169 54 148 181 0 0 151 133 0 124 166 127 0 85 184 133 0 143 253 123 87 0 
5.401 211 34 169 54 148 181 0 0 151 133 0 124 166 127 0 85 184 133 0 143 253 123 87 0 
5.411 211 34 169 54 148 181 0 0 151 133 0 124 166 127 0 85 184 133 0 143 253 123 87 0 
5.421 211 34 169 54 148 181 0 0 151 133 0 124 166 127 0 85 184 133 0 143 253 123 87 0 
5.431 211 34 169 54 148 181 0 0 151 133 0 124 166 127 0 85 184 133 0 143 253 123 87 0 
5.441 211 34 169 54 148 181 0 0 151 133 0 124 166 127 0 85 184 133 0 143 253 123 87 0 
5.451 211 34 169 54 148 181 0 0 151 133 0 124 166 127 0 85 184 133 0 143 253 123 87 0 
5.461 211 34 169 54 148 181 0 0 151 133 0 124 166 127 0 85 184 133 0 143 253 123 87 0 
5.471 211 34 169 54 148 181 0 0 151 133 0 124 166 127 0 85 184 133 0 143 253 123 87 0 
5.481 211 34 169 54 148 181 0 0 151 133 0 124 166 127 0 85 184 133 0 143 253 123 87 0 
5.491 211 34 169 54 148 181 0 0 151 133 0 124 166 127 0 85 184 133 0 143 253 123 87 0 
5.501 211 34 169 54 148 181 0 0 151 133 0 124 166 127 0 85 184 133 0 143 253 123 87 0 
5.511 211 34 169 54 148 181 0 0 151 133 0 124 166 127 0 85 184 133 0 143 253 123 87 0 
5.521 211 34 169 54 148 181 0 0 151 133 0 124 166 127 0 85 184 133 0 143 253 123 87 0 
5.531 211 34 169 54 148 181 0 0 151 133 0 124 166 127 0 85 184 133 0 143 253 123 87 0 
5.541 211 34 169 54 148 181 0 0 151 133 0 124 166 127 0 85 184 133 0 143 253 123 87 0 
5.551 211 34 169 54 148 181 0 0 151 133 0 124 166 127 0 85 184 133 0 143 253 123 87 0 
5.561 211 34 169 54 148 181 0 0 151 133 0 124 166 127 0 85 184 133 0 143 253 123 87 0 
5.571 211 34 169 54 148 181 0 0 151 133 0 124 166 127 0 85 184 133 0 143 253 123 87 0 
5.581 211 34 169 54 148 181 0 0 151 133 0 124 166 127 0 85 184 133 0 143 253 123 87 0 
5.591 211 34 169 54 148 181 0 0 151 133 0 124 166 127 0 85 184 133 0 143 253 123 87 0 
5.601 211 34 169 54 148 181 0 0 151 133 0 124 166 127 0 85 184 133 0 143 253 123 87 0 
5.611 211 34 169 54 148 181 0 0 151 133 0 124 166 127 0 85 184 133 0 143 253 123 87 0 
5.621 211 34 169 54 148 181 0 0 151 133 0 124 166 127 0 85 184 133 0 143 253 123 87 0 
5.631 211 34 169 54 148 181 0 0 151 133 0 124 166 127 0 85 184 133 0 143 253 123 87 0 
5.641 211 34 169 54 148 181 0 0 151 133 0 124 166 127 0 85 184 133 0 143 253 123 87 0 
5.651 211 34 169 54 148 181 0 0 151 133 0 124 166 122 0 85 184 133 0 143 253 123 87 0 
5.661 211 34 169 54 148 181 0 0 151 133 0 124 166 122 0 85 184 128 0 143 253 123 87 0 
5.671 211 34 169 54 148 181 0 0 151 133 0 124 166 122 0 85 184 128 0 143 253 123 87 0 
5.681 211 34 169 54 148 181 0 0 151 133 0 124 166 122 0 85 184 128 0 143 253 123 87 0 
5.691 211 34 169 54 148 181 0 0 151 133 0 124 166 122 0 85 184 128 0 143 253 123 87 0 
5.701 211 34 169 54 148 181 0 0 151 133 0 124 166 122 0 85 184 128 0 143 253 123 87 0 
5.711 211 34 169 54 148 181 0 0 151 133 0 124 166 122 0 85 184 128 0 143 253 123 87 0 
5.721 211 34 169 54 148 181 0 0 151 133 0 124 166 122 0 85 184 128 0 143 253 123 87 0 
5.731 211 34 169 54 148 181 0 0 151 133 0 124 166 122 0 85 184 128 0 143 253 123 87 0 
5.741 211 34 169 54 148 181 0 0 151 133 0 124 166 122 0 85 184 128 0 143 253 123 87 0 
5.751 211 34 169 54 148 181 0 0 151 133 0 124 166 122 0 85 184 128 0 143 253 123 87 0 
5.761 211 34 169 54 148 181 0 0 151 133 0 124 166 122 0 85 184 128 0 143 253 123 87 0 
5.771 211 34 169 54 148 181 0 0 151 133 0 124 166 122 0 85 184 128 0 143 253 123 87 0 
5.781 211 34 169 54 148 181 0 0 151 129 0 124 166 122 0 85 184 128 0 143 253 123 87 0 
5.791 211 34 169 54 148 181 0 0 151 129 0 124 166 122 0 85 184 128 0 143 253 123 87 0 
5.801 211 34 169 54 148 181 0 0 156 129 0 124 166 122 0 85 184 128 0 143 253 123 87 0 
5.811 211 34 169 54 148 181 0 0 156 129 0 124 166 122 0 89 184 128 0 143 253 123 87 0 
5.821 211 34 169 54 148 181 0 0 156 129 0 124 171 122 0 89 184 128 0 143 253 123 87 0 
5.831 211 34 169 54 148 181 0 0 156 129 0 124 171 122 0 89 184 128 0 143 253 123 87 0 
5.841 211 34 169 54 148 181 0 0 156 129 0 124 171 122 0 89 184 128 0 143 253 123 87 0 
5.851 211 34 169 54 148 181 0 0 156 129 0 124 171 122 0 89 184 128 0 143 253 123 87 0 
5.861 211 34 169 54 148 181 0 0 156 129 0 124 171 122 0 89 184 128 0 143 253 123 87 0 
5.872 211 34 169 54 148 181 0 0 156 129 0 124 171 122 0 89 184 128 0 143 253 123 87 0 
5.881 211 34 169 54 148 181 0 0 156 129 0 124 171 122 0 89 184 128 0 143 253 123 87 0 
5.891 211 34 169 54 148 181 0 0 156 129 0 124 171 122 0 89 184 128 0 143 253 123 87 0 
5.901 211 34 169 54 148 181 0 0 156 129 0 124 171 122 0 89 184 128 0 143 253 123 87 0 
5.911 211 34 169 54 148 181 0 0 156 129 0 124 171 122 0 89 184 128 0 143 253 123 87 0 
5.921 211 34 169 54 148 181 0 0 156 129 0 124 171 122 0 89 184 128 0 143 253 123 87 0 
5.931 211 34 169 54 148 181 0 0 156 129 0 124 171 122 0 89 184 128 0 143 253 123 87 0 
5.941 211 34 169 54 148 181 0 0 156 129 0 124 171 122 0 89 184 128 0 143 253 123 87 0 
5.951 211 34 169 54 148 181 0 0 156 129 0 124 171 122 0 89 184 128 0 143 253 123 87 0 
5.961 211 34 169 54 148 181 0 0 156 129 0 124 171 122 0 89 184 128 0 143 253 123 87 0 
5.971 211 34 169 54 148 181 0 0 156 129 0 124 171 122 0 89 184 128 0 143 253 123 87 0 
5.981 211 34 169 54 148 181 0 0 156 129 0 124 171 122 0 89 184 128 0 143 253 123 87 0 
5.991 211 34 169 54 148 181 0 0 156 129 0 124 171 122 0 89 184 128 0 143 253 123 87 0 
6.001 211 34 169 54 148 181 0 0 156 129 0 124 171 122 0 89 184 128 0 143 253 123 87 0 
6.011 211 34 169 54 148 181 0 0 156 129 0 124 171 122 0 89 184 128 0 143 253 123 87 0 
6.021 211 34 169 54 148 181 0 0 156 129 0 124 171 122 0 89 184 128 0 143 253 123 87 0 
6.031 211 34 169 54 148 181 0 0 156 129 0 124 171 122 0 89 184 128 0 143 253 123 87 0 
6.041 211 34 169 54 148 181 0 0 156 129 0 124 171 122 0 89 184 128 0 143 253 123 87 0 
6.051 211 34 169 54 148 181 0 0 156 129 0 124 171 122 0 89 184 128 0 143 253 123 87 0 
6.061 211 34 169 54 148 181 0 0 156 129 0 124 171 122 0 89 184 128 0 143 253 123 87 0 
6.071 211 34 164 54 148 181 0 0 156 129 0 124 171 122 0 89 184 128 0 143 253 123 87 0 
6.081 211 34 164 54 148 181 0 0 156 129 0 124 171 122 0 89 184 128 0 143 253 123 87 0 
6.091 211 34 164 54 148 181 0 0 156 129 0 124 171 122 0 89 184 128 0 143 253 123 87 0 
6.101 211 34 164 54 148 181 0 0 156 129 0 124 171 122 0 89 184 128 0 143 253 123 87 0 
6.111 211 34 164 54 148 181 0 0 156 129 0 124 171 122 0 89 184 128 0 143 253 123 87 0 
6.121 211 34 164 54 148 181 0 0 156 129 0 124 171 122 0 89 184 128 0 143 253 123 87 0 
6.131 211 34 164 54 148 181 0 0 156 129 0 124 171 122 0 89 184 128 0 143 253 123 87 0 
6.141 211 34 164 54 148 181 0 0 156 129 0 124 171 122 0 89 184 128 0 143 253 123 87 0 
6.151 211 34 164 54 148 181 0 0 156 129 0 124 171 122 0 89 184 128 0 143 253 123 87 0 
6.161 211 34 164 54 148 181 0 0 156 129 0 124 171 122 0 89 184 128 0 143 253 123 87 0 
6.171 211 34 164 54 148 181 0 0 156 129 0 124 171 122 0 89 184 128 0 143 253 123 87 0 
6.181 211 34 164 54 148 181 0 0 156 129 0 124 171 122 0 89 184 128 0 143 253 123 87 0 
6.191 211 34 164 54 148 181 0 0 156 129 0 124 171 122 0 89 184 128 0 143 253 123 87 0 
6.201 211 34 164 54 148 181 0 0 156 129 0 124 171 122 0 89 184 128 0 143 253 123 87 0 
6.211 211 34 164 54 148 181 0 0 156 129 0 124 171 122 0 89 184 128 0 143 253 123 87 0 
6.221 211 34 164 54 148 181 0 0 156 129 0 124 171 122 0 89 184 128 0 143 253 123 87 0 
6.231 211 34 164 54 148 181 0 0 156 129 0 124 171 122 0 89 184 128 0 143 253 123 87 0 
6.241 211 34 164 54 148 181 0 0 156 129 0 124 171 122 0 89 184 128 0 143 253 123 87 0 
6.251 211 34 164 54 148 181 0 0 156 129 0 124 171 122 0 89 184 128 0 143 253 123 87 0 
6.261 211 34 164 54 148 181 0 0 156 129 0 124 171 122 0 89 184 128 0 143 253 123 87 0 
6.271 211 34 164 54 148 181 0 0 156 129 0 124 171 122 0 89 184 128 0 143 253 123 87 0 
6.281 211 34 164 54 148 181 0 0 156 129 0 124 171 122 0 89 184 128 0 143 253 123 87 0 
6.291 211 34 164 54 148 181 0 0 156 129 0 124 171 122 0 89 184 128 0 143 253 123 87 0 
6.301 211 34 164 54 148 181 0 0 156 129 0 124 171 122 0 89 184 128 0 143 253 123 87 0 
6.311 211 34 164 54 148 181 0 0 156 129 0 124 171 122 0 89 184 128 0 143 253 123 87 0 
6.321 211 34 164 54 148 181 0 0 156 129 0 124 171 122 0 89 184 128 0 143 253 123 87 0 
6.331 211 34 164 54 148 181 0 0 156 129 0 124 171 122 0 89 184 128 0 143 253 123 87 0 
6.341 211 34 164 54 148 181 0 0 156 129 0 124 171 122 0 89 184 128 0 143 253 123 87 0 
6.351 211 34 164 54 148 181 0 0 156 129 0 124 171 122 0 89 184 128 0 143 253 123 87 0 
6.361 211 34 164 54 148 181 0 0 156 129 0 124 171 122 0 89 184 128 0 143 253 123 87 0 
6.371 211 34 164 54 148 181 0 0 156 129 0 124 171 122 0 89 184 128 0 143 253 123 87 0 
6.381 211 34 164 54 148 181 0 0 156 129 0 124 171 122 0 89 184 128 0 143 253 123 87 0 
6.391 211 34 164 54 148 181 0 0 156 129 0 124 171 122 0 89 184 128 0 143 253 123 87 0 
6.401 211 34 164 54 148 181 0 0 156 129 0 124 171 122 0 89 184 128 0 143 253 123 87 0 
6.411 211 34 164 54 148 181 0 0 156 126 0 124 171 122 0 89 184 128 0 143 253 123 87 0 
6.421 211 34 164 54 148 181 0 0 156 126 0 124 171 122 0 89 184 128 0 143 253 123 87 0 
6.431 211 34 164 54 148 181 0 0 156 126 0 124 171 122 0 89 184 128 0 143 253 123 87 0 
6.441 211 29 164 54 148 181 0 0 156 126 0 124 171 122 0 89 184 128 0 143 253 123 87 0 
6.451 211 29 164 54 148 181 0 0 156 126 0 124 171 122 0 89 184 128 0 143 253 123 87 0 
6.461 211 29 164 54 148 181 0 0 156 126 0 124 171 122 0 89 184 128 0 143 253 123 87 0 
6.471 211 29 164 54 148 181 0 0 156 126 0 124 171 122 0 89 184 128 0 143 253 123 87 0 
6.481 211 29 164 54 148 181 0 0 156 126 0 124 171 122 0 89 184 128 0 143 253 123 87 0 
6.491 211 29 164 54 148 181 0 0 156 126 0 124 171 122 0 89 184 128 0 143 253 123 87 0 
6.501 211 29 164 54 148 181 0 0 156 126 0 124 171 122 0 89 184 128 0 143 253 123 87 0 
6.511 211 29 164 54 148 181 0 0 156 126 0 124 171 122 0 89 184 128 0 143 253 123 87 0 
6.521 211 29 164 54 148 181 0 0 156 126 0 124 171 122 0 89 184 128 0 143 253 123 87 0 
6.531 211 29 164 54 148 181 0 0 156 126 0 124 171 122 0 89 184 128 0 143 253 123 87 0 
6.541 211 29 164 54 148 181 0 0 156 126 0 124 171 122 0 89 184 128 0 143 253 123 87 0 
6.551 211 29 164 54 148 181 0 0 156 126 0 124 171 122 0 89 184 128 0 143 253 123 87 0 
6.561 211 29 164 54 148 181 0 0 156 126 0 124 171 122 0 89 184 128 0 143 253 123 87 0 
6.571 211 29 164 54 148 181 0 0 156 126 0 124 171 122 0 89 184 128 0 143 253 123 87 0 
6.581 211 29 164 54 148 181 0 0 156 126 0 124 171 122 0 89 184 128 0 143 253 123 87 0 
6.591 211 29 164 54 148 181 0 0 156 126 0 124 171 122 0 89 184 128 0 143 253 123 87 0 
6.601 211 29 164 54 148 181 0 0 156 126 0 124 171 122 0 89 184 128 0 143 253 123 87 0 
6.611 211 29 164 54 148 181 0 0 156 126 0 124 171 122 0 89 184 128 0 143 253 123 87 0 
6.621 211 29 164 54 148 181 0 0 156 126 0 124 171 122 0 89 184 128 0 143 253 123 87 0 
6.631 211 29 164 54 148 181 0 0 156 126 0 124 171 122 0 89 184 128 0 143 253 123 87 0 
6.641 211 29 164 54 148 181 0 0 156 126 0 124 171 122 0 89 184 128 0 143 253 123 87 0 
6.651 211 29 164 54 148 181 0 0 156 126 0 124 171 122 0 89 184 128 0 143 253 123 87 0 
6.661 211 29 164 54 148 181 0 0 156 126 0 124 171 122 0 89 184 128 0 143 253 123 87 0 
6.671 211 29 164 54 148 181 0 0 156 126 0 124 171 122 0 89 184 128 0 143 253 123 87 0 
6.681 211 29 164 54 148 181 0 0 156 126 0 124 171 122 0 89 184 128 0 143 253 123 87 0 
6.691 211 29 164 54 148 181 0 0 156 126 0 124 171 122 0 89 184 128 0 143 253 123 87 0 
6.701 211 29 164 54 148 181 0 0 156 126 0 124 171 122 0 89 184 128 0 143 253 123 87 0 
6.711 211 29 164 54 148 181 0 0 156 126 0 124 171 122 0 89 184 128 0 143 253 123 87 0 
6.721 211 29 164 54 148 181 0 0 156 126 0 124 171 122 0 89 184 128 0 143 253 123 87 0 
6.731 211 29 164 54 148 181 0 0 156 126 0 124 171 122 0 89 184 128 0 143 253 123 87 0 
6.741 211 29 164 54 148 181 0 0 156 126 0 124 167 122 0 89 184 128 0 143 253 123 87 0 
6.751 211 29 164 54 148 181 0 0 156 126 0 124 167 122 0 89 184 128 0 143 253 123 87 0 
6.761 211 29 164 54 148 181 0 0 156 126 0 124 167 122 0 89 184 128 0 143 253 123 87 0 
6.771 211 29 164 54 148 181 0 0 156 126 0 124 167 122 0 89 184 128 0 143 253 123 87 0 
6.781 211 29 164 54 148 181 0 0 156 126 0 124 167 122 0 89 184 128 0 143 253 123 87 0 
6.791 211 29 164 54 148 181 0 0 156 126 0 124 167 122 0 89 184 128 0 143 253 123 87 0 
6.801 211 29 164 54 148 181 0 0 156 126 0 124 167 122 0 89 184 128 0 143 253 123 87 0 
6.811 211 29 164 54 148 181 0 0 156 126 0 124 167 122 0 89 184 128 0 143 253 123 87 0 
6.821 211 29 164 54 148 181 0 0 156 126 0 124 167 122 0 89 184 128 0 143 253 123 87 0 
6.831 211 29 164 54 148 181 0 0 156 126 0 124 167 122 0 89 184 128 0 143 253 123 87 0 
6.841 211 29 164 54 148 181 0 0 156 126 0 124 167 122 0 89 184 128 0 143 253 123 87 0 
6.851 211 29 164 54 148 181 0 0 156 126 0 124 167 122 0 89 184 128 0 143 253 123 87 0 
6.861 211 29 164 54 148 181 0 0 156 126 0 124 167 122 0 89 184 128 0 143 253 123 87 0 
6.871 211 29 164 54 148 181 0 0 156 126 0 124 167 122 0 89 184 126 0 143 253 123 87 0 
6.882 211 29 164 54 148 181 0 0 156 126 0 124 167 122 0 89 184 126 0 143 253 123 87 0 
6.891 211 29 164 54 148 181 0 0 156 126 0 124 167 122 0 89 184 126 0 143 253 123 87 0 
6.901 211 29 164 54 148 181 0 0 156 126 0 124 167 122 0 89 184 126 0 143 253 123 87 0 
6.911 211 29 164 54 148 181 0 0 156 126 0 124 167 122 0 89 184 126 0 143 253 123 87 0 
6.921 211 29 164 54 148 181 0 0 156 126 0 124 167 122 0 89 184 126 0 143 253 123 87 0 
6.931 211 29 164 54 148 181 0 0 156 126 0 124 167 122 0 89 184 126 0 143 253 123 87 0 
6.941 211 29 164 54 148 181 0 0 156 126 0 124 167 122 0 89 184 126 0 143 253 123 87 0 
6.951 211 29 164 54 148 181 0 0 156 126 0 124 167 122 0 89 184 126 0 143 253 123 87 0 
6.961 211 29 164 54 148 181 0 0 156 126 0 124 167 122 0 89 184 126 0 143 253 123 87 0 
6.971 211 29 164 54 148 181 0 0 156 126 0 124 167 122 0 89 184 126 0 143 253 123 87 0 
6.981 211 29 164 54 148 181 0 0 156 126 0 124 167 122 0 89 184 126 0 143 253 123 87 0 
6.991 211 29 164 54 148 181 0 0 156 126 0 124 167 122 0 89 184 126 0 143 253 123 87 0 
7.001 211 29 164 54 148 181 0 0 156 126 0 124 167 122 0 89 184 126 0 143 253 123 87 0 
7.011 211 29 164 54 148 181 0 0 156 126 0 124 167 122 0 89 184 126 0 143 253 123 87 0 
7.021 211 29 164 54 148 181 0 0 156 126 0 124 167 122 0 89 184 126 0 143 253 123 87 0 
7.031 211 29 164 54 148 181 0 0 156 126 0 124 167 122 0 89 184 126 0 143 253 123 87 0 
7.041 211 29 164 54 148 181 0 0 156 126 0 124 167 122 0 89 184 126 0 143 253 123 87 0 
7.051 211 29 164 54 148 181 0 0 156 126 0 124 167 122 0 89 184 126 0 143 253 123 87 0 
7.061 211 29 164 54 148 181 0 0 156 126 0 124 167 122 0 89 184 126 0 143 253 123 87 0 
7.071 211 29 164 54 148 181 0 0 156 126 0 124 167 122 0 89 184 126 0 143 253 123 87 0 
7.081 211 29 164 54 148 181 0 0 156 126 0 124 167 122 0 89 184 126 0 143 253 123 87 0 
7.091 211 29 164 54 148 181 0 0 156 126 0 124 167 122 0 89 184 126 0 143 253 123 87 0 
7.101 211 29 164 54 148 181 0 0 156 126 0 124 167 122 0 89 184 126 0 143 253 123 87 0 
7.111 211 29 164 54 148 177 0 0 156 126 0 124 167 122 0 89 184 126 0 143 253 123 87 0 
7.121 211 29 164 54 148 177 0 0 156 126 0 124 167 122 0 89 184 126 0 143 253 123 87 0 
7.131 211 29 164 54 148 177 0 0 156 126 0 124 167 122 0 89 184 126 0 143 253 123 87 0 
7.141 211 29 164 54 148 177 0 0 156 126 0 124 167 122 0 89 184 126 0 143 253 123 87 0 
7.151 211 35 164 54 148 177 0 0 156 126 0 124 167 122 0 89 184 126 0 143 253 123 87 0 
7.161 211 35 164 54 148 177 0 0 156 126 0 124 167 122 0 89 184 126 0 143 253 118 87 0 
7.171 211 35 164 54 148 177 0 0 156 126 0 124 167 122 0 89 184 126 0 143 253 118 87 0 
7.181 211 41 164 54 148 177 0 0 156 126 0 124 167 122 0 89 184 126 0 143 253 118 87 0 
7.191 211 41 160 54 148 177 0 0 156 126 0 129 167 122 0 89 184 126 0 143 253 118 87 0 
7.201 211 47 160 54 148 177 0 0 156 126 0 129 167 122 0 89 184 126 0 143 253 118 87 0 
7.211 211 47 160 58 148 177 0 0 156 126 0 129 167 122 0 89 184 126 0 143 253 118 87 0 
7.221 211 47 160 58 148 177 0 0 156 126 0 129 167 122 0 89 184 126 0 143 253 118 87 0 
7.231 211 47 154 58 148 173 0 0 156 126 0 129 167 122 0 94 184 126 0 143 253 118 87 0 
7.241 211 47 154 58 148 173 0 0 156 126 0 129 167 122 0 94 184 126 0 143 253 118 87 0 
7.251 211 47 154 58 148 173 0 0 151 126 0 134 167 122 0 94 184 126 0 143 253 118 87 0 
7.261 211 47 154 58 148 173 0 0 151 126 0 134 167 122 0 94 184 126 0 143 253 118 87 0 
7.271 211 53 154 64 148 173 0 0 151 126 0 134 167 122 0 94 184 126 0 143 253 118 87 0 
7.281 211 53 154 64 148 168 0 0 151 126 0 134 167 122 0 94 184 126 0 143 253 118 87 0 
7.291 211 53 154 64 148 168 0 0 151 126 0 134 167 122 0 94 184 126 0 143 253 118 87 0 
7.301 211 53 154 70 148 168 0 0 151 126 0 134 167 122 0 94 184 126 0 143 253 118 87 0 
7.311 211 59 154 70 148 168 0 0 151 126 0 141 167 122 0 94 184 126 0 143 253 118 87 0 
7.321 211 59 154 70 148 163 0 0 151 129 0 141 167 122 0 94 184 126 0 143 253 118 87 0 
7.331 206 59 149 75 148 163 0 0 151 129 0 141 167 122 0 98 184 126 0 143 253 118 87 0 
7.341 206 59 149 75 148 163 0 0 151 129 0 141 167 122 0 98 184 126 0 143 253 118 87 0 
7.351 206 59 149 75 148 163 0 0 151 129 0 141 167 122 0 98 184 126 0 143 253 118 87 0 
7.361 206 59 149 75 148 163 0 0 151 129 0 141 167 122 0 98 184 126 0 143 253 118 87 0 
7.371 206 59 149 75 148 157 0 0 151 129 0 141 167 122 0 98 184 126 0 143 253 118 87 0 
7.381 206 53 149 75 144 157 0 0 151 129 0 141 167 122 0 98 184 126 0 143 253 118 87 0 
7.391 200 53 145 75 144 152 0 0 151 129 0 141 167 127 0 98 184 128 0 143 253 118 87 0 
7.401 200 53 145 81 144 152 0 0 151 129 0 141 167 127 0 98 184 128 0 143 253 118 87 0 
7.411 196 53 141 81 139 146 0 0 151 129 0 141 167 127 0 98 188 128 0 143 253 118 87 0 
7.421 196 47 141 81 139 141 0 0 151 129 0 141 167 127 0 98 188 128 0 143 253 118 87 0 
7.431 196 47 137 81 134 137 0 0 157 133 0 141 172 127 0 98 188 128 0 143 253 118 87 0 
7.441 196 47 137 81 134 133 0 0 157 133 0 137 172 127 0 98 188 128 0 143 253 118 87 0 
7.451 196 47 132 81 129 127 0 0 157 133 0 137 172 130 0 98 188 133 0 143 253 118 87 0 
7.461 196 47 132 81 129 122 0 0 157 133 0 131 172 130 0 98 188 133 0 143 253 118 87 0 
7.471 196 47 132 86 129 122 0 0 157 133 0 131 172 130 0 98 188 133 0 143 253 118 87 0 
7.481 191 41 128 86 125 116 0 0 157 133 0 126 172 130 0 103 188 133 0 148 253 118 87 0 
7.491 191 41 128 86 125 110 0 0 163 140 0 121 172 130 0 103 188 133 0 148 253 118 87 0 
7.501 191 41 126 86 121 103 0 0 163 140 0 117 172 135 0 103 188 138 0 148 253 118 87 0 
7.511 191 41 126 90 121 94 0 0 163 140 0 112 172 135 0 103 188 138 0 148 253 118 87 0 
7.521 191 41 126 90 117 87 0 0 163 140 0 108 172 135 0 103 188 138 0 148 253 118 87 0 
7.531 191 41 126 90 117 80 0 0 163 140 0 104 172 135 0 103 188 138 0 148 253 118 87 0 
7.541 185 41 126 90 117 75 0 0 163 145 0 104 172 135 0 103 188 138 0 148 253 118 87 0 
7.551 185 41 126 90 117 75 0 0 163 145 0 98 172 135 0 103 188 138 0 148 253 118 87 0 
7.561 185 41 126 90 111 68 0 0 163 145 0 98 172 135 0 103 188 138 0 148 253 118 87 0 
7.571 185 41 126 90 111 68 0 0 163 145 0 98 172 135 0 103 188 138 0 148 253 118 87 0 
7.581 185 41 126 95 111 68 0 0 163 145 0 93 172 140 0 103 188 138 0 148 253 118 87 0 
7.591 181 41 126 95 111 61 0 0 163 145 0 93 172 140 0 103 188 138 0 148 253 118 87 0 
7.601 181 41 122 95 111 61 0 0 163 145 0 87 172 140 0 103 188 143 0 148 253 118 87 0 
7.611 181 41 122 95 106 57 0 0 163 145 0 87 172 140 0 103 188 143 0 148 253 118 87 0 
7.621 181 41 122 99 106 57 0 0 163 145 0 87 172 140 0 103 188 143 0 148 253 118 87 0 
7.636 181 46 122 99 106 57 0 0 163 150 0 87 172 140 0 103 188 143 0 148 253 118 87 0 
7.641 181 46 122 99 106 52 0 0 163 150 0 81 172 140 0 103 188 143 0 148 253 118 87 0 
7.651 181 52 122 99 106 52 0 0 163 150 0 81 172 140 0 103 188 143 0 148 253 118 87 0 
7.661 181 52 122 99 106 52 0 0 163 150 0 81 172 140 0 103 188 143 0 148 253 118 87 0 
7.671 181 52 122 99 106 52 0 0 163 150 0 81 172 140 0 103 188 143 0 148 253 118 87 0 
7.681 181 58 122 99 106 52 0 0 163 150 0 81 172 140 0 103 188 143 0 148 253 118 87 0 
7.691 181 58 122 99 101 52 0 0 163 150 0 81 172 140 0 103 188 143 0 148 253 118 83 0 
7.701 176 64 122 104 101 52 0 0 163 150 0 81 172 140 0 103 188 143 0 148 253 118 83 0 
7.711 176 64 122 104 101 52 0 0 163 150 0 81 172 140 0 103 188 143 0 148 253 118 83 0 
7.721 176 64 122 104 101 52 0 0 163 150 0 81 172 140 0 99 188 143 0 148 253 118 83 0 
7.731 176 64 122 104 101 52 0 0 163 150 0 76 172 140 0 99 188 143 0 148 253 118 83 0 
7.741 176 64 122 104 101 52 0 0 163 150 0 76 172 140 0 99 193 143 0 148 253 118 83 0 
7.751 176 64 122 99 101 52 0 0 163 150 0 76 172 140 0 99 193 143 0 148 253 118 83 0 
7.761 176 64 122 99 101 52 0 0 163 150 0 76 172 140 0 99 193 143 0 148 253 118 83 0 
7.771 176 64 122 95 101 52 0 0 163 150 0 76 172 140 0 99 193 143 0 148 253 118 83 0 
7.781 176 64 122 95 101 52 0 0 163 150 0 76 176 140 0 99 193 143 0 148 253 118 83 0 
7.791 176 64 122 89 101 52 0 0 163 150 0 80 176 140 0 99 193 143 0 148 253 118 83 0 
7.801 176 68 126 89 105 52 0 0 163 150 0 84 176 140 0 99 193 143 0 148 253 118 83 0 
7.811 176 68 126 85 105 52 0 0 163 145 0 89 176 140 0 99 193 143 0 148 253 118 83 0 
7.821 176 68 128 85 110 52 0 0 167 145 0 89 176 140 0 99 193 143 0 148 253 114 83 0 
7.831 176 68 128 85 110 52 0 0 167 145 0 89 176 140 0 99 193 143 0 148 253 114 83 0 
7.841 176 68 128 85 110 52 0 0 167 145 0 89 176 140 0 99 193 143 0 148 253 114 83 0 
7.851 176 68 128 79 115 56 0 0 167 145 0 100 176 140 0 99 193 143 0 148 253 114 83 0 
7.861 176 68 128 79 115 56 0 0 167 145 0 100 176 140 0 99 193 143 0 148 253 114 83 0 
7.871 180 68 128 79 115 56 0 0 167 145 0 100 176 140 0 99 193 143 0 148 253 114 83 0 
7.881 180 68 133 79 115 56 0 0 167 145 0 104 176 140 0 99 193 143 0 148 253 110 83 0 
7.891 180 68 133 79 115 56 0 0 167 145 0 104 176 140 0 99 193 143 0 148 253 110 83 0 
7.901 180 68 133 74 121 56 0 0 167 145 0 104 176 140 0 99 193 143 0 148 253 110 83 0 
7.911 180 68 133 74 121 56 0 0 167 145 0 109 176 140 0 99 193 143 0 148 253 110 83 0 
7.921 180 68 133 74 125 56 0 0 167 145 0 109 176 140 0 99 193 143 0 148 253 110 83 0 
7.931 180 68 133 74 128 56 0 0 167 145 0 115 176 140 0 99 193 143 0 148 253 110 83 0 
7.941 180 68 133 74 128 56 0 0 167 145 0 119 176 140 0 99 193 143 0 148 253 110 83 0 
7.951 180 68 133 74 133 56 0 0 167 145 0 123 176 140 0 99 193 143 0 148 253 110 83 0 
7.961 180 68 133 74 133 56 0 0 167 145 0 127 176 140 0 99 193 143 0 148 253 110 83 0 
7.971 180 68 133 74 133 56 0 0 167 145 0 127 176 140 0 99 193 143 0 148 253 110 83 0 
7.981 180 68 133 74 138 56 0 0 167 145 0 130 176 140 0 99 193 143 0 148 253 110 83 0 
7.991 180 68 133 74 138 56 0 0 167 140 0 130 176 140 0 99 193 143 0 148 253 110 83 0 
8.001 180 68 133 74 138 56 0 0 162 140 0 130 176 140 0 93 193 143 0 148 253 110 83 0 
8.011 180 68 133 74 143 56 0 0 162 140 0 135 176 140 0 89 193 143 0 148 253 110 83 0 
8.021 180 64 133 74 143 56 0 0 158 140 0 135 176 140 0 89 193 143 0 148 253 105 83 0 
8.031 180 64 133 74 143 56 0 0 158 140 0 135 176 140 0 84 193 143 0 148 253 105 78 0 
8.041 180 64 133 70 143 56 0 0 158 140 0 135 176 140 0 84 193 143 0 148 253 105 78 0 
8.051 180 64 133 70 148 56 0 0 153 140 0 135 176 140 0 84 193 143 0 148 253 105 78 0 
8.061 180 64 133 70 148 56 0 0 153 140 0 135 176 140 0 79 193 143 0 148 253 105 78 0 
8.071 180 64 133 70 148 56 0 0 153 140 0 135 176 140 0 79 193 143 0 148 253 100 78 0 
8.081 180 64 133 70 148 56 0 0 153 140 0 135 172 140 0 79 193 143 0 148 253 100 78 0 
8.091 180 64 133 70 148 62 0 0 153 140 0 135 172 140 0 79 193 143 0 148 253 100 78 0 
8.101 180 64 133 70 148 62 0 0 149 140 0 135 172 144 0 79 193 143 0 148 253 100 78 0 
8.111 180 64 133 70 148 62 0 0 149 140 0 135 172 144 0 79 193 143 0 148 253 100 78 0 
8.121 180 64 133 70 148 62 0 0 149 140 0 135 172 144 0 74 193 143 0 148 253 100 78 0 
8.131 185 64 133 70 148 62 0 0 149 140 0 135 172 144 0 74 193 143 0 148 253 100 78 0 
8.141 185 64 133 70 148 62 0 0 149 140 0 135 172 144 0 74 193 143 0 148 253 100 78 0 
8.151 185 64 133 70 148 62 0 0 149 140 0 135 172 144 0 74 193 143 0 148 253 100 78 0 
8.161 185 64 133 70 148 62 0 0 149 140 0 135 168 144 0 74 193 143 0 148 253 100 78 0 
8.171 185 64 133 70 148 62 0 0 149 140 0 135 168 144 0 74 193 143 0 148 253 100 78 0 
8.181 185 64 133 70 148 62 0 0 149 140 0 135 168 144 0 74 193 143 0 148 253 100 78 0 
8.191 185 64 133 70 153 62 0 0 149 140 0 135 168 149 0 74 193 147 0 148 253 100 78 0 
8.201 185 64 133 70 153 67 0 0 149 140 0 135 168 149 0 74 193 147 0 148 253 100 78 0 
8.211 185 64 133 70 153 67 0 0 143 140 0 135 162 149 0 74 193 147 0 148 253 100 78 0 
8.221 185 69 133 70 153 67 0 0 143 144 0 135 162 149 0 74 193 147 0 148 253 100 78 0 
8.231 185 69 133 70 153 67 0 0 143 144 0 135 162 149 0 74 193 147 0 148 253 100 78 0 
8.241 185 69 133 70 153 67 0 0 143 144 0 135 162 149 0 74 193 147 0 148 253 100 78 0 
8.251 185 69 133 70 153 67 0 0 143 144 0 135 162 149 0 74 193 147 0 148 253 100 78 0 
8.261 185 69 133 70 153 67 0 0 143 144 0 135 162 153 0 74 193 147 0 148 253 100 78 0 
8.271 185 69 133 70 153 67 0 0 143 144 0 135 162 153 0 74 193 147 0 148 253 100 78 0 
8.281 185 69 133 70 153 67 0 0 143 144 0 135 162 153 0 74 193 147 0 148 253 100 78 0 
8.291 185 69 133 70 153 67 0 0 143 144 0 135 162 153 0 74 193 147 0 148 253 100 78 0 
8.301 185 69 133 70 153 67 0 0 143 144 0 135 162 153 0 74 193 147 0 148 253 100 78 0 
8.311 185 69 133 70 153 67 0 0 143 144 0 135 162 153 0 74 193 147 0 148 253 100 78 0 
8.321 185 69 133 70 153 67 0 0 143 144 0 135 162 153 0 74 193 147 0 148 253 100 78 0 
8.331 185 69 133 70 153 67 0 0 143 144 0 135 162 153 0 74 193 147 0 148 253 100 78 0 
8.341 185 69 133 70 153 67 0 0 143 144 0 135 162 153 0 74 193 147 0 148 253 100 78 0 
8.351 185 69 133 70 153 67 0 0 143 144 0 135 162 153 0 74 193 147 0 148 253 95 78 0 
8.361 185 69 133 70 153 67 0 0 143 144 0 135 162 153 0 74 193 147 0 148 253 95 78 0 
8.371 185 69 133 70 153 67 0 0 143 144 0 135 162 153 0 74 193 147 0 148 253 95 78 0 
8.381 185 69 133 74 149 67 0 0 143 144 0 135 162 153 0 74 193 147 0 148 253 95 78 0 
8.391 185 69 133 74 149 67 0 0 143 144 0 135 162 153 0 74 193 147 0 148 253 95 78 0 
8.401 185 69 133 78 145 67 0 0 143 144 0 135 162 149 0 78 193 147 0 144 253 95 78 0 
8.411 185 69 133 78 145 67 0 0 143 144 0 141 162 149 0 78 187 147 0 144 253 95 78 0 
8.421 178 69 133 82 140 67 0 0 143 144 0 141 162 144 0 78 187 147 0 144 253 95 78 0 
8.431 178 69 133 82 140 67 0 0 143 139 0 141 162 144 0 78 187 147 0 144 253 95 78 0 
8.441 178 69 133 82 140 67 0 0 143 139 0 147 162 144 0 78 187 142 0 144 253 90 78 0 
8.451 178 69 133 82 135 72 0 0 143 139 0 147 162 144 0 78 187 142 0 144 253 90 78 0 
8.461 178 69 133 82 135 72 0 0 143 139 0 147 162 144 0 78 187 142 0 144 253 90 78 0 
8.471 173 69 133 88 135 72 0 0 143 139 0 147 162 144 0 78 187 142 0 144 253 90 78 0 
8.481 173 69 133 88 135 72 0 0 143 139 0 147 162 144 0 78 187 142 0 144 253 90 78 0 
8.491 173 69 133 88 135 72 0 0 143 139 0 147 162 144 0 78 187 142 0 144 253 90 78 0 
8.501 173 69 133 88 135 72 0 0 143 139 0 147 162 144 0 78 187 142 0 144 253 90 78 0 
8.511 173 69 133 93 135 77 0 0 143 139 0 147 162 144 0 78 187 142 0 144 253 90 78 0 
8.521 173 69 133 93 135 77 0 0 143 139 0 147 162 144 0 78 187 142 0 144 253 90 78 0 
8.531 168 69 133 93 135 77 0 0 143 139 0 147 162 144 0 83 187 142 0 144 253 90 78 0 
8.541 168 69 133 93 135 77 0 0 143 139 0 147 162 144 0 83 187 142 0 144 253 90 78 0 
8.551 168 74 133 93 135 77 0 0 143 139 0 147 162 144 0 83 187 142 0 144 253 90 78 0 
8.561 168 74 138 93 135 83 0 0 143 139 0 147 162 144 0 83 187 142 0 144 253 90 78 0 
8.571 168 74 138 93 135 83 0 0 143 139 0 147 162 144 0 83 187 142 0 144 253 90 78 0 
8.581 168 74 138 93 135 83 0 0 143 139 0 152 162 140 0 83 187 142 0 144 253 90 78 0 
8.591 168 74 138 93 135 83 0 0 143 139 0 152 162 140 0 89 187 142 0 144 253 90 78 0 
8.601 168 74 138 93 135 83 0 0 143 139 0 152 162 140 0 89 187 142 0 144 253 90 78 0 
8.611 168 74 138 93 135 83 0 0 143 139 0 152 162 140 0 89 187 142 0 144 253 90 78 0 
8.621 168 74 138 93 135 83 0 0 143 139 0 152 162 140 0 89 187 142 0 144 253 90 78 0 
8.631 168 74 138 93 135 83 0 0 143 139 0 152 162 140 0 89 187 142 0 144 253 90 78 0 
8.641 168 74 138 93 135 83 0 0 143 139 0 152 162 140 0 89 187 142 0 144 253 90 78 0 
8.651 168 78 138 93 135 83 0 0 143 139 0 152 162 140 0 89 187 142 0 144 253 90 78 0 
8.661 168 78 138 93 135 83 0 0 143 139 0 152 162 140 0 89 187 142 0 144 253 90 78 0 
8.671 168 78 138 93 135 83 0 0 143 139 0 152 162 140 0 89 187 142 0 144 253 90 78 0 
8.681 168 78 138 93 135 87 0 0 143 139 0 152 162 140 0 89 187 142 0 144 253 90 78 0 
8.691 168 78 138 93 135 87 0 0 143 139 0 152 167 140 0 93 187 142 0 144 253 90 78 0 
8.701 168 78 138 93 135 87 0 0 143 139 0 152 167 140 0 93 187 142 0 144 253 90 78 0 
8.711 168 78 138 93 135 87 0 0 143 139 0 152 167 140 0 93 187 142 0 144 253 90 78 0 
8.721 168 78 138 93 135 87 0 0 143 139 0 152 167 140 0 93 187 142 0 144 253 90 78 0 
8.731 168 78 138 93 135 87 0 0 143 139 0 152 167 140 0 93 187 142 0 144 253 90 78 0 
8.741 168 78 138 93 135 87 0 0 143 139 0 152 167 140 0 93 187 142 0 144 253 90 78 0 
8.751 168 78 138 93 135 87 0 0 143 139 0 152 167 140 0 93 187 142 0 144 253 90 78 0 
8.761 168 78 138 93 135 87 0 0 143 139 0 152 167 140 0 93 187 142 0 144 253 90 78 0 
8.771 168 78 138 93 135 87 0 0 143 139 0 152 167 140 0 93 187 142 0 144 253 90 78 0 
8.782 168 78 138 93 135 87 0 0 143 139 0 152 167 140 0 98 187 142 0 144 253 90 78 0 
8.791 168 78 138 93 135 87 0 0 143 139 0 152 167 140 0 98 187 142 0 144 253 90 78 0 
8.801 168 78 138 93 135 87 0 0 147 139 0 152 167 140 0 98 187 142 0 144 253 90 78 0 
8.811 168 78 138 93 135 87 0 0 147 139 0 152 167 140 0 98 187 142 0 144 253 90 78 0 
8.821 168 78 138 93 139 87 0 0 147 139 0 152 167 140 0 98 187 142 0 144 253 90 78 0 
8.831 168 78 138 93 139 87 0 0 147 139 0 152 167 140 0 98 187 142 0 144 253 90 78 0 
8.841 168 78 138 93 139 92 0 0 147 139 0 152 167 140 0 98 187 142 0 144 253 90 78 0 
8.851 168 78 138 93 139 92 0 0 147 139 0 156 167 140 0 98 187 138 0 144 253 90 78 0 
8.861 168 78 138 93 139 92 0 0 147 139 0 156 167 140 0 98 187 138 0 144 253 90 83 0 
8.871 168 78 138 93 139 92 0 0 147 139 0 156 167 136 0 98 187 138 0 144 253 94 83 0 
8.881 168 78 138 93 139 92 0 0 152 134 0 156 167 136 0 103 187 138 0 144 253 94 83 0 
8.891 168 78 138 93 139 99 0 0 152 134 0 156 167 136 0 103 187 138 0 144 253 94 83 0 
8.901 168 78 138 93 139 99 0 0 152 134 0 156 167 136 0 103 187 138 0 144 253 94 83 0 
8.911 168 78 138 93 139 99 0 0 152 134 0 156 167 136 0 103 187 138 0 144 253 94 83 0 
8.921 168 83 138 93 144 104 0 0 152 134 0 156 167 136 0 103 187 138 0 144 253 94 83 0 
8.931 168 83 138 93 144 104 0 0 157 134 0 156 167 136 0 103 187 138 0 144 253 94 83 0 
8.941 168 83 138 93 144 104 0 0 157 134 0 156 167 136 0 103 187 138 0 144 253 94 83 0 
8.951 168 83 138 93 144 104 0 0 157 134 0 156 167 136 0 103 187 138 0 144 253 94 83 0 
8.961 168 83 138 93 144 109 0 0 157 134 0 156 167 136 0 108 187 138 0 144 253 99 83 0 
8.971 168 83 138 93 144 109 0 0 157 134 0 156 167 136 0 108 187 138 0 144 253 99 83 0 
8.981 168 83 142 93 144 109 0 0 157 134 0 156 167 136 0 108 187 138 0 144 253 99 83 0 
8.991 168 83 142 93 144 109 0 0 157 134 0 156 167 136 0 108 187 138 0 144 253 99 83 0 
9.001 168 87 142 93 144 114 0 0 162 134 0 156 167 136 0 108 187 138 0 144 253 99 83 0 
9.011 168 87 142 93 144 114 0 0 162 134 0 156 167 136 0 108 187 133 0 144 253 99 87 0 
9.021 168 87 142 93 144 114 0 0 162 134 0 156 167 136 0 114 187 133 0 144 253 104 87 0 
9.031 168 87 142 93 144 114 0 0 162 134 0 156 167 136 0 114 187 133 0 144 253 104 87 0 
9.041 168 87 142 93 144 114 0 0 166 134 0 156 167 131 0 114 183 133 0 144 253 104 87 0 
9.051 168 87 142 93 144 114 0 0 166 134 0 156 167 131 0 114 183 133 0 144 253 104 87 0 
9.061 168 87 142 93 144 114 0 0 166 134 0 156 167 131 0 114 183 133 0 144 253 104 87 0 
9.071 168 87 142 93 144 114 0 0 166 134 0 156 167 131 0 114 183 133 0 144 253 104 87 0 
9.081 168 87 142 93 144 114 0 0 166 134 0 156 167 131 0 119 183 133 0 144 253 110 87 0 
9.091 168 87 142 93 144 114 0 0 166 130 0 156 162 131 0 119 177 133 0 144 253 110 91 0 
9.101 168 87 142 93 144 114 0 0 166 130 0 156 162 131 0 119 177 129 0 144 253 110 91 0 
9.111 164 87 142 93 144 114 0 0 166 130 0 156 158 124 0 124 177 129 0 144 253 115 91 0 
9.121 164 87 142 97 144 114 0 0 166 126 0 156 158 124 0 124 171 126 0 144 253 115 91 0 
9.131 164 87 142 97 144 114 0 0 166 126 0 156 154 124 0 124 171 126 0 144 253 115 91 0 
9.141 164 87 142 97 139 114 0 0 166 126 0 156 154 119 0 129 166 126 0 144 253 115 91 0 
9.151 164 87 142 97 139 114 0 0 161 126 0 156 148 119 0 129 166 126 0 144 253 121 91 0 
9.161 164 87 142 97 139 114 0 0 157 126 0 156 148 119 0 129 160 121 0 144 253 121 91 0 
9.171 164 87 142 97 139 114 0 0 157 126 0 156 148 119 0 129 160 121 0 144 253 121 91 0 
9.181 164 87 142 97 139 114 0 0 157 126 0 156 143 113 0 129 160 121 0 144 253 121 91 0 
9.191 164 87 142 97 133 114 0 0 151 122 0 156 143 113 0 129 155 121 0 148 253 121 91 0 
9.201 164 87 142 97 133 114 0 0 151 122 0 156 137 107 0 129 155 121 0 148 253 121 91 0 
9.211 164 87 142 97 129 108 0 0 145 115 0 156 137 107 0 129 149 115 0 148 253 121 91 0 
9.221 164 82 142 97 126 108 0 0 140 110 0 156 131 101 0 129 149 115 0 148 249 121 91 0 
9.231 164 82 142 97 126 108 0 0 135 110 0 156 131 101 0 129 144 115 0 148 249 126 91 0 
9.241 164 82 142 97 126 108 0 0 131 110 0 156 126 101 0 129 144 115 0 148 243 126 91 0 
9.251 164 82 142 97 121 102 0 0 131 104 0 156 126 96 0 129 140 111 0 148 239 126 91 0 
9.261 164 82 142 97 121 102 0 0 131 104 0 156 126 96 0 129 140 111 0 148 239 126 91 0 
9.271 164 82 142 101 121 102 0 0 131 104 0 156 126 92 0 134 140 111 0 148 239 126 91 0 
9.281 164 82 142 101 121 102 0 0 126 104 0 156 126 92 0 134 140 111 0 148 239 126 91 0 
9.291 164 82 142 101 121 102 0 0 126 104 0 156 126 92 0 134 140 111 0 148 234 128 91 0 
9.301 164 82 142 101 121 98 0 0 126 98 0 156 126 92 0 134 140 111 0 152 234 128 91 0 
9.311 164 82 142 101 121 98 0 0 126 98 0 156 126 92 0 134 140 111 0 152 234 128 91 0 
9.321 159 82 142 105 121 98 0 0 129 98 0 156 126 87 0 134 140 111 0 152 234 128 91 0 
9.331 159 82 142 105 121 98 0 0 129 98 0 156 126 87 0 134 140 106 0 152 234 128 91 0 
9.341 159 82 142 105 121 98 0 0 129 98 0 156 126 87 0 134 140 106 0 152 239 128 91 0 
9.351 159 82 142 105 121 98 0 0 129 93 0 156 126 87 0 134 140 106 0 152 244 128 91 0 
9.361 159 82 142 105 121 98 0 0 133 93 0 156 126 87 0 134 140 106 0 152 249 128 91 0 
9.371 159 82 142 105 121 98 0 0 133 93 0 156 126 87 0 134 140 106 0 152 249 128 91 0 
9.381 164 82 142 105 121 98 0 0 133 93 0 156 129 87 0 138 140 106 0 152 254 128 91 0 
9.391 164 82 142 105 121 98 0 0 133 93 0 156 129 87 0 138 140 106 0 152 254 128 91 0 
9.401 169 82 142 101 121 98 0 0 133 93 0 156 129 87 0 138 140 106 0 152 254 126 91 0 
9.411 169 82 142 101 121 98 0 0 133 93 0 156 129 87 0 138 140 106 0 152 254 126 91 0 
9.421 169 82 142 101 121 98 0 0 133 93 0 156 129 87 0 138 140 106 0 152 254 126 91 0 
9.431 169 82 142 101 121 98 0 0 133 93 0 156 129 87 0 138 140 106 0 152 254 126 91 0 
9.441 169 82 142 101 121 98 0 0 133 93 0 156 129 87 0 138 140 106 0 152 254 126 91 0 
9.451 169 82 142 101 121 98 0 0 133 93 0 156 129 87 0 138 140 106 0 152 254 126 91 0 
9.461 169 82 142 101 121 98 0 0 133 93 0 156 129 87 0 138 140 106 0 152 254 126 91 0 
9.471 169 82 142 101 121 98 0 0 133 93 0 156 129 87 0 138 140 106 0 152 254 126 91 0 
9.481 169 82 142 101 121 98 0 0 133 93 0 156 129 87 0 138 140 106 0 152 254 126 91 0 
9.491 169 82 142 101 121 98 0 0 133 93 0 156 129 87 0 138 140 106 0 152 254 126 91 0 
9.501 169 82 142 101 121 98 0 0 133 93 0 156 129 87 0 138 140 106 0 152 254 126 91 0 
9.511 169 82 142 101 121 98 0 0 133 93 0 156 129 87 0 138 140 106 0 152 254 126 91 0 
9.521 169 82 142 101 121 98 0 0 133 93 0 156 129 87 0 138 140 106 0 152 254 126 91 0 
9.531 169 82 142 101 121 98 0 0 133 93 0 156 129 87 0 138 140 106 0 152 254 126 91 0 
9.541 169 82 142 101 121 98 0 0 133 93 0 156 129 87 0 138 140 106 0 152 254 126 91 0 
9.551 169 82 142 101 121 98 0 0 133 93 0 156 129 87 0 138 140 106 0 152 254 126 91 0 
9.561 169 82 142 101 121 98 0 0 133 93 0 156 129 87 0 138 140 106 0 152 254 126 91 0 
9.571 169 82 142 101 121 98 0 0 133 93 0 156 129 87 0 138 140 106 0 152 254 126 91 0 
9.581 169 82 142 101 121 98 0 0 133 93 0 156 129 87 0 138 140 106 0 152 254 126 91 0 
9.591 169 82 142 101 121 98 0 0 133 93 0 156 129 87 0 138 140 106 0 152 254 126 91 0 
9.601 164 82 142 101 121 98 0 0 133 93 0 156 129 87 0 138 140 106 0 152 254 126 91 0 
9.611 164 82 142 101 121 98 0 0 133 93 0 156 129 87 0 138 140 106 0 152 254 126 91 0 
9.621 164 82 142 101 121 98 0 0 133 93 0 156 129 87 0 138 140 106 0 152 254 126 91 0 
9.631 164 82 142 101 121 98 0 0 133 93 0 156 129 87 0 138 140 106 0 152 254 126 91 0 
9.641 164 82 142 101 121 98 0 0 133 93 0 156 129 87 0 138 140 106 0 152 254 126 91 0 
9.651 164 82 142 101 121 98 0 0 133 93 0 156 129 87 0 138 140 106 0 152 254 126 91 0 
9.661 164 82 142 101 121 98 0 0 133 93 0 156 129 87 0 138 140 106 0 152 254 126 91 0 
9.671 164 82 142 101 121 98 0 0 133 93 0 156 129 87 0 138 140 106 0 152 254 126 91 0 
9.681 164 82 142 101 121 98 0 0 133 93 0 156 129 87 0 138 140 106 0 152 254 126 91 0 
9.691 164 82 142 101 121 98 0 0 133 93 0 156 129 87 0 138 140 106 0 152 254 126 91 0 
9.701 164 82 142 101 121 98 0 0 133 93 0 156 129 87 0 138 140 106 0 152 254 126 91 0 
9.711 164 82 142 101 121 98 0 0 133 93 0 156 129 87 0 138 140 106 0 152 254 126 91 0 
9.721 164 82 142 101 121 98 0 0 133 93 0 156 129 87 0 138 140 106 0 152 254 126 91 0 
9.731 164 82 142 101 121 98 0 0 133 93 0 156 129 87 0 138 140 106 0 152 254 126 91 0 
9.741 164 82 142 101 121 98 0 0 133 93 0 156 129 87 0 138 140 106 0 152 254 126 91 0 
9.751 164 82 142 101 121 98 0 0 133 93 0 156 129 87 0 138 140 106 0 152 254 126 91 0 
9.761 164 82 142 101 121 98 0 0 133 93 0 156 129 87 0 138 140 106 0 152 254 126 91 0 
9.771 164 82 142 101 121 98 0 0 133 93 0 156 129 87 0 138 140 106 0 152 254 126 91 0 
9.781 164 82 142 101 121 98 0 0 133 93 0 156 129 87 0 138 140 106 0 152 254 126 91 0 
9.791 164 82 142 101 121 98 0 0 133 93 0 156 129 87 0 138 140 106 0 152 254 126 91 0 
9.801 164 82 142 101 121 98 0 0 133 93 0 156 129 87 0 138 140 106 0 152 254 126 91 0 
9.811 164 82 142 101 121 98 0 0 133 93 0 156 129 87 0 138 140 106 0 152 254 126 91 0 
9.821 164 82 142 101 121 98 0 0 133 93 0 156 129 87 0 138 140 106 0 152 254 126 91 0 
9.831 164 82 142 101 121 98 0 0 133 93 0 156 129 87 0 138 140 106 0 152 254 126 91 0 
9.841 164 82 142 101 121 98 0 0 133 93 0 156 129 87 0 138 140 106 0 152 254 126 91 0 
9.851 164 82 142 101 121 98 0 0 133 93 0 156 129 87 0 138 140 106 0 152 254 126 91 0 
9.861 164 82 142 101 121 98 0 0 133 93 0 156 129 87 0 138 140 106 0 152 254 126 91 0 
9.871 164 82 142 101 121 98 0 0 133 93 0 156 129 87 0 138 140 106 0 152 254 126 91 0 
9.881 164 82 142 101 121 98 0 0 133 93 0 156 129 87 0 138 140 106 0 152 254 126 91 0 
9.891 164 82 142 101 121 98 0 0 133 93 0 156 129 87 0 138 140 106 0 152 254 126 91 0 
9.901 164 82 142 101 121 98 0 0 133 93 0 156 129 87 0 138 140 106 0 152 254 126 91 0 
9.911 164 82 142 101 121 98 0 0 133 93 0 156 127 87 0 138 140 106 0 152 254 126 91 0 
9.921 164 82 142 101 121 98 0 0 133 93 0 156 127 87 0 138 140 106 0 152 254 126 91 0 
9.931 164 82 142 101 121 98 0 0 133 93 0 156 127 87 0 138 140 106 0 152 254 126 91 0 
9.941 164 82 142 101 121 98 0 0 133 93 0 156 127 87 0 138 140 106 0 152 254 126 91 0 
9.951 164 82 142 101 121 98 0 0 133 93 0 156 127 87 0 138 140 106 0 152 254 126 91 0 
9.961 164 82 142 101 121 98 0 0 133 93 0 156 127 87 0 138 140 106 0 152 254 126 91 0 
9.971 164 82 142 101 121 98 0 0 133 93 0 156 127 87 0 138 140 106 0 152 254 126 91 0 
