Hora de inicio de la toma de datos: 10:35:33
AT(s)	F1.1	F1.2	F2.1	F2.2	F3.1	F3.2	F4.1	F4.2	F5.1	F5.2	ABD1	ABD2	ABD3	ABD4	PA	TCO	P1	P2	P3	P4	P5	P6	P7	P8	P9	P10	HRoll	HPitch	HYaw	WRoll	WPitch	WYaw	
0.01	3.6	0	14	48.3	57.1	43.3	78.8	57.6	62	69.2	0	19.1	8	13.55	22	28.7	100	99.9	99.9	99.9	99.9	99.1	99.9	99.9	99.9	99.4	-15.5164	29.0091	101.562	6.97719	9.4106	140.25	
0.02	3.6	0	14	48.3	57.1	43.3	78.8	57.6	62	69.2	0	19.1	8	13.55	22	28.7	100	99.9	99.9	99.9	99.9	99.1	99.9	99.9	99.9	99.4	-15.5164	29.0091	101.562	6.97719	9.4106	140.25	
0.03	3.6	0	14	48.3	57.1	43.3	78.8	57.6	62	69.2	0	19.1	8	13.55	22	28.7	100	99.9	99.9	99.9	99.9	99.1	99.9	99.9	99.9	99.4	-15.5164	29.0091	101.562	6.97719	9.4106	140.25	
0.04	3.6	0	14	48.3	57.1	43.3	78.8	57.6	62	69.2	0	19.1	8	13.55	22	28.7	100	99.9	99.9	99.9	99.9	99.1	99.9	99.9	99.9	99.4	-15.5164	29.0091	101.562	6.97719	9.4106	140.25	
0.05	3.6	0	14	48.3	57.1	43.3	78.8	57.6	62	69.2	0	19.1	8	13.55	22	28.7	100	99.9	99.9	99.9	99.9	99.1	99.9	99.9	99.9	99.4	-15.5164	29.0091	101.562	6.97719	9.4106	140.25	
0.06	3.6	0	14	48.3	57.1	43.3	78.8	57.6	62	69.2	0	19.1	8	13.55	22	28.7	100	99.9	99.9	99.9	99.9	99.1	99.9	99.9	99.9	99.4	-15.5164	29.0091	101.562	6.97719	9.4106	140.25	
0.07	3.6	0	14	48.3	57.1	43.3	78.8	57.6	62	69.2	0	19.1	8	13.55	22	28.7	100	99.9	99.9	99.9	99.9	99.1	99.9	99.9	99.9	99.4	-15.5164	29.0091	101.562	6.97719	9.4106	140.25	
0.08	3.6	0	14	48.3	57.1	43.3	78.8	57.6	62	69.2	0	19.1	8	13.55	22	28.7	100	99.9	99.9	99.9	99.9	99.1	99.9	99.9	99.9	99.4	-15.5164	29.0091	101.562	6.97719	9.4106	140.25	
0.09	3.6	0	14	48.3	57.1	43.3	78.8	57.6	62	69.2	0	19.1	8	13.55	22	28.7	100	99.9	99.9	99.9	99.9	99.1	99.9	99.9	99.9	99.4	-15.5164	29.0091	101.562	6.97719	9.4106	140.25	
0.1	3.6	0	14	48.3	57.1	43.3	78.8	57.6	62	69.2	0	19.1	8	13.55	22	28.7	100	99.9	99.9	99.9	99.9	99.1	99.9	99.9	99.9	99.4	-15.5164	29.0091	101.562	6.97719	9.4106	140.25	
0.11	3.6	0	13.8	47.8	56.8	43.2	78.3	57.3	61.4	68.4	0	19.5	7.9	13.7	22	28.8	100	99.9	99.9	99.8	99.9	98.4	99.6	99.9	99.9	99.9	-15.8464	28.7044	101.43	6.70206	9.3256	140.306	
0.12	3.6	0	13.8	47.8	56.8	43.2	78.3	57.3	61.4	68.4	0	19.5	7.9	13.7	22	28.8	100	99.9	99.9	99.8	99.9	98.4	99.6	99.9	99.9	99.9	-15.8464	28.7044	101.43	6.70206	9.3256	140.306	
0.13	3.6	0	13.8	47.8	56.8	43.2	78.3	57.3	61.4	68.4	0	19.5	7.9	13.7	22	28.8	100	99.9	99.9	99.8	99.9	98.4	99.6	99.9	99.9	99.9	-15.8464	28.7044	101.43	6.70206	9.3256	140.306	
0.14	3.6	0	13.8	47.8	56.8	43.2	78.3	57.3	61.4	68.4	0	19.5	7.9	13.7	22	28.8	100	99.9	99.9	99.8	99.9	98.4	99.6	99.9	99.9	99.9	-15.8464	28.7044	101.43	6.70206	9.3256	140.306	
0.15	3.6	0	13.8	47.8	56.8	43.2	78.3	57.3	61.4	68.4	0	19.5	7.9	13.7	22	28.8	100	99.9	99.9	99.8	99.9	98.4	99.6	99.9	99.9	99.9	-15.8464	28.7044	101.43	6.70206	9.3256	140.306	
0.16	3.6	0	13.8	47.8	56.8	43.2	78.3	57.3	61.4	68.4	0	19.5	7.9	13.7	22	28.8	100	99.9	99.9	99.8	99.9	98.4	99.6	99.9	99.9	99.9	-15.8464	28.7044	101.43	6.70206	9.3256	140.306	
0.171	3.6	0	13.8	47.8	56.8	43.2	78.3	57.3	61.4	68.4	0	19.5	7.9	13.7	22	28.8	100	99.9	99.9	99.8	99.9	98.4	99.6	99.9	99.9	99.9	-15.8464	28.7044	101.43	6.70206	9.3256	140.306	
0.181	3.6	0	13.8	47.8	56.8	43.2	78.3	57.3	61.4	68.4	0	19.5	7.9	13.7	22	28.8	100	99.9	99.9	99.8	99.9	98.4	99.6	99.9	99.9	99.9	-15.8464	28.7044	101.43	6.70206	9.3256	140.306	
0.191	3.6	0	13.8	47.8	56.8	43.2	78.3	57.3	61.4	68.4	0	19.5	7.9	13.7	22	28.8	100	99.9	99.9	99.8	99.9	98.4	99.6	99.9	99.9	99.9	-15.8464	28.7044	101.43	6.70206	9.3256	140.306	
0.201	3.6	0	13.8	47.8	56.8	43.2	78.3	57.3	61.4	68.4	0	19.5	7.9	13.7	22	28.8	100	99.9	99.9	99.8	99.9	98.4	99.6	99.9	99.9	99.9	-15.8464	28.7044	101.43	6.70206	9.3256	140.306	
0.211	3.6	0	13.8	47.8	56.8	43.2	78.3	57.3	61.4	68.4	0	19.5	7.9	13.7	22	28.8	100	99.9	99.9	99.8	99.9	98.4	99.6	99.9	99.9	99.9	-15.8464	28.7044	101.43	6.70206	9.3256	140.306	
0.221	3.6	0	13.8	47.8	56.8	43.2	78.3	57.3	61.4	68.4	0	19.5	7.9	13.7	22	28.8	100	99.9	99.9	99.8	99.9	98.4	99.6	99.9	99.9	99.9	-15.8464	28.7044	101.43	6.70206	9.3256	140.306	
0.231	3.6	0	13.8	47.8	56.8	43.2	78.3	57.3	61.4	68.4	0	19.5	7.9	13.7	22	28.8	100	99.9	99.9	99.8	99.9	98.4	99.6	99.9	99.9	99.9	-15.8464	28.7044	101.43	6.70206	9.3256	140.306	
0.241	3.6	0	13.8	47.8	56.8	43.2	78.3	57.3	61.4	68.4	0	19.5	7.9	13.7	22	28.8	100	99.9	99.9	99.8	99.9	98.4	99.6	99.9	99.9	99.9	-15.8464	28.7044	101.43	6.70206	9.3256	140.306	
0.251	3.6	0	13.8	47.8	56.8	43.2	78.3	57.3	61.4	68.4	0	19.5	7.9	13.7	22	28.8	100	99.9	99.9	99.8	99.9	98.4	99.6	99.9	99.9	99.9	-15.8464	28.7044	101.43	6.70206	9.3256	140.306	
0.261	3.6	0	13.8	47.8	56.8	43.2	78.3	57.3	61.4	68.4	0	19.5	7.9	13.7	22	28.8	100	99.9	99.9	99.8	99.9	98.4	99.6	99.9	99.9	99.9	-15.8464	28.7044	101.43	6.70206	9.3256	140.306	
0.271	3.6	0	13.8	47.8	56.8	43.2	78.3	57.3	61.4	68.4	0	19.5	7.9	13.7	22	28.8	100	99.9	99.9	99.8	99.9	98.4	99.6	99.9	99.9	99.9	-15.8464	28.7044	101.43	6.70206	9.3256	140.306	
0.281	3.6	0	13.8	47.8	56.8	43.2	78.3	57.3	61.4	68.4	0	19.5	7.9	13.7	22	28.8	100	99.9	99.9	99.8	99.9	98.4	99.6	99.9	99.9	99.9	-15.8464	28.7044	101.43	6.70206	9.3256	140.306	
0.29	3.6	0	13.8	47.8	56.8	43.2	78.3	57.3	61.4	68.4	0	19.5	7.9	13.7	22	28.8	100	99.9	99.9	99.8	99.9	98.4	99.6	99.9	99.9	99.9	-15.8464	28.7044	101.43	6.70206	9.3256	140.306	
0.3	3.6	0	13.8	47.8	56.8	43.2	78.3	57.3	61.4	68.4	0	19.5	7.9	13.7	22	28.8	100	99.9	99.9	99.8	99.9	98.4	99.6	99.9	99.9	99.9	-15.8464	28.7044	101.43	6.70206	9.3256	140.306	
0.31	3.6	0	13.8	47.8	56.8	43.2	78.3	57.3	61.4	68.4	0	19.5	7.9	13.7	22	28.8	100	99.9	99.9	99.8	99.9	98.4	99.6	99.9	99.9	99.9	-15.8464	28.7044	101.43	6.70206	9.3256	140.306	
0.32	3.6	0	13.8	47.8	56.8	43.2	78.3	57.3	61.4	68.4	0	19.5	7.9	13.7	22	28.8	100	99.9	99.9	99.8	99.9	98.4	99.6	99.9	99.9	99.9	-15.8464	28.7044	101.43	6.70206	9.3256	140.306	
0.33	3.6	0	13.8	47.8	56.8	43.2	78.3	57.3	61.4	68.4	0	19.5	7.9	13.7	22	28.8	100	99.9	99.9	99.8	99.9	98.4	99.6	99.9	99.9	99.9	-15.8464	28.7044	101.43	6.70206	9.3256	140.306	
0.34	3.6	0	13.8	47.8	56.8	43.2	78.3	57.3	61.4	68.4	0	19.5	7.9	13.7	22	28.8	100	99.9	99.9	99.8	99.9	98.4	99.6	99.9	99.9	99.9	-15.8464	28.7044	101.43	6.70206	9.3256	140.306	
0.35	3.6	0	13.8	47.8	56.8	43.2	78.3	57.3	61.4	68.4	0	19.5	7.9	13.7	22	28.8	100	99.9	99.9	99.8	99.9	98.4	99.6	99.9	99.9	99.9	-15.8464	28.7044	101.43	6.70206	9.3256	140.306	
0.36	3.6	0	13.8	47.8	56.8	43.2	78.3	57.3	61.4	68.4	0	19.5	7.9	13.7	22	28.8	100	99.9	99.9	99.8	99.9	98.4	99.6	99.9	99.9	99.9	-15.8464	28.7044	101.43	6.70206	9.3256	140.306	
0.37	3.6	0	13.8	47.8	56.8	43.2	78.3	57.3	61.4	68.4	0	19.5	7.9	13.7	22	28.8	100	99.9	99.9	99.8	99.9	98.4	99.6	99.9	99.9	99.9	-15.8464	28.7044	101.43	6.70206	9.3256	140.306	
0.38	3.6	0	13.8	47.8	56.8	43.2	78.3	57.3	61.4	68.4	0	19.5	7.9	13.7	22	28.8	100	99.9	99.9	99.8	99.9	98.4	99.6	99.9	99.9	99.9	-15.8464	28.7044	101.43	6.70206	9.3256	140.306	
0.39	3.6	0	13.8	47.8	56.8	43.2	78.3	57.3	61.4	68.4	0	19.5	7.9	13.7	22	28.8	100	99.9	99.9	99.8	99.9	98.4	99.6	99.9	99.9	99.9	-15.8464	28.7044	101.43	6.70206	9.3256	140.306	
0.4	3.6	0	13.8	47.8	56.8	43.2	78.3	57.3	61.4	68.4	0	19.5	7.9	13.7	22	28.8	100	99.9	99.9	99.8	99.9	98.4	99.6	99.9	99.9	99.9	-15.8464	28.7044	101.43	6.70206	9.3256	140.306	
0.41	3.6	0	13.8	47.8	56.8	43.2	78.3	57.3	61.4	68.4	0	19.5	7.9	13.7	22	28.8	100	99.9	99.9	99.8	99.9	98.4	99.6	99.9	99.9	99.9	-15.8464	28.7044	101.43	6.70206	9.3256	140.306	
0.42	3.6	0	13.8	47.8	56.8	43.2	78.3	57.3	61.4	68.4	0	19.5	7.9	13.7	22	28.8	100	99.9	99.9	99.8	99.9	98.4	99.6	99.9	99.9	99.9	-15.8464	28.7044	101.43	6.70206	9.3256	140.306	
0.43	3.6	0	13.8	47.8	56.8	43.2	78.3	57.3	61.4	68.4	0	19.5	7.9	13.7	22	28.8	100	99.9	99.9	99.8	99.9	98.4	99.6	99.9	99.9	99.9	-15.8464	28.7044	101.43	6.70206	9.3256	140.306	
0.44	3.6	0	13.8	47.8	56.8	43.2	78.3	57.3	61.4	68.4	0	19.5	7.9	13.7	22	28.8	100	99.9	99.9	99.8	99.9	98.4	99.6	99.9	99.9	99.9	-15.8464	28.7044	101.43	6.70206	9.3256	140.306	
0.45	3.6	0	13.8	47.8	56.8	43.2	78.3	57.3	61.4	68.4	0	19.5	7.9	13.7	22	28.8	100	99.9	99.9	99.8	99.9	98.4	99.6	99.9	99.9	99.9	-15.8464	28.7044	101.43	6.70206	9.3256	140.306	
0.46	3.6	0	13.8	47.8	56.8	43.2	78.3	57.3	61.4	68.4	0	19.5	7.9	13.7	22	28.8	100	99.9	99.9	99.8	99.9	98.4	99.6	99.9	99.9	99.9	-15.8464	28.7044	101.43	6.70206	9.3256	140.306	
0.47	3.6	0	13.8	47.8	56.8	43.2	78.3	57.3	61.4	68.4	0	19.5	7.9	13.7	22	28.8	100	99.9	99.9	99.8	99.9	98.4	99.6	99.9	99.9	99.9	-15.8464	28.7044	101.43	6.70206	9.3256	140.306	
0.48	3.4	0	13.9	47.6	56.5	42.9	78.2	56.7	60.9	68	0	19.2	7.9	13.55	21.9	28.7	100	99.9	99.9	99.8	99.9	99.6	99.9	99.7	99.4	99	-15.4446	29.1455	101.605	7.09136	9.35381	140.348	
0.49	3.4	0	13.9	47.6	56.5	42.9	78.2	56.7	60.9	68	0	19.2	7.9	13.55	21.9	28.7	100	99.9	99.9	99.8	99.9	99.6	99.9	99.7	99.4	99	-15.4446	29.1455	101.605	7.09136	9.35381	140.348	
0.5	3.4	0	13.9	47.6	56.5	42.9	78.2	56.7	60.9	68	0	19.2	7.9	13.55	21.9	28.7	100	99.9	99.9	99.8	99.9	99.6	99.9	99.7	99.4	99	-15.4446	29.1455	101.605	7.09136	9.35381	140.348	
0.51	3.4	0	13.9	47.6	56.5	42.9	78.2	56.7	60.9	68	0	19.2	7.9	13.55	21.9	28.7	100	99.9	99.9	99.8	99.9	99.6	99.9	99.7	99.4	99	-15.4446	29.1455	101.605	7.09136	9.35381	140.348	
0.52	3.4	0	13.9	47.6	56.5	42.9	78.2	56.7	60.9	68	0	19.2	7.9	13.55	21.9	28.7	100	99.9	99.9	99.8	99.9	99.6	99.9	99.7	99.4	99	-15.4446	29.1455	101.605	7.09136	9.35381	140.348	
0.53	3.4	0	13.9	47.6	56.5	42.9	78.2	56.7	60.9	68	0	19.2	7.9	13.55	21.9	28.7	100	99.9	99.9	99.8	99.9	99.6	99.9	99.7	99.4	99	-15.4446	29.1455	101.605	7.09136	9.35381	140.348	
0.54	3.4	0	13.9	47.6	56.5	42.9	78.2	56.7	60.9	68	0	19.2	7.9	13.55	21.9	28.7	100	99.9	99.9	99.8	99.9	99.6	99.9	99.7	99.4	99	-15.4446	29.1455	101.605	7.09136	9.35381	140.348	
0.55	3.4	0	13.9	47.6	56.5	42.9	78.2	56.7	60.9	68	0	19.2	7.9	13.55	21.9	28.7	100	99.9	99.9	99.8	99.9	99.6	99.9	99.7	99.4	99	-15.4446	29.1455	101.605	7.09136	9.35381	140.348	
0.56	3.4	0	13.9	47.6	56.5	42.9	78.2	56.7	60.9	68	0	19.2	7.9	13.55	21.9	28.7	100	99.9	99.9	99.8	99.9	99.6	99.9	99.7	99.4	99	-15.4446	29.1455	101.605	7.09136	9.35381	140.348	
0.57	3.4	0	13.9	47.6	56.5	42.9	78.2	56.7	60.9	68	0	19.2	7.9	13.55	21.9	28.7	100	99.9	99.9	99.8	99.9	99.6	99.9	99.7	99.4	99	-15.4446	29.1455	101.605	7.09136	9.35381	140.348	
0.58	3.4	0	13.9	47.6	56.5	42.9	78.2	56.7	60.9	68	0	19.2	7.9	13.55	21.9	28.7	100	99.9	99.9	99.8	99.9	99.6	99.9	99.7	99.4	99	-15.4446	29.1455	101.605	7.09136	9.35381	140.348	
0.59	3.4	0	13.9	47.6	56.5	42.9	78.2	56.7	60.9	68	0	19.2	7.9	13.55	21.9	28.7	100	99.9	99.9	99.8	99.9	99.6	99.9	99.7	99.4	99	-15.4446	29.1455	101.605	7.09136	9.35381	140.348	
0.6	3.4	0	13.9	47.6	56.5	42.9	78.2	56.7	60.9	68	0	19.2	7.9	13.55	21.9	28.7	100	99.9	99.9	99.8	99.9	99.6	99.9	99.7	99.4	99	-15.4446	29.1455	101.605	7.09136	9.35381	140.348	
0.61	3.4	0	13.9	47.6	56.5	42.9	78.2	56.7	60.9	68	0	19.2	7.9	13.55	21.9	28.7	100	99.9	99.9	99.8	99.9	99.6	99.9	99.7	99.4	99	-15.4446	29.1455	101.605	7.09136	9.35381	140.348	
0.62	3.4	0	13.9	47.6	56.5	42.9	78.2	56.7	60.9	68	0	19.2	7.9	13.55	21.9	28.7	100	99.9	99.9	99.8	99.9	99.6	99.9	99.7	99.4	99	-15.4446	29.1455	101.605	7.09136	9.35381	140.348	
0.63	3.4	0	13.9	47.6	56.5	42.9	78.2	56.7	60.9	68	0	19.2	7.9	13.55	21.9	28.7	100	99.9	99.9	99.8	99.9	99.6	99.9	99.7	99.4	99	-15.4446	29.1455	101.605	7.09136	9.35381	140.348	
0.64	3.4	0	13.9	47.6	56.5	42.9	78.2	56.7	60.9	68	0	19.2	7.9	13.55	21.9	28.7	100	99.9	99.9	99.8	99.9	99.6	99.9	99.7	99.4	99	-15.4446	29.1455	101.605	7.09136	9.35381	140.348	
0.65	3.4	0	13.9	47.6	56.5	42.9	78.2	56.7	60.9	68	0	19.2	7.9	13.55	21.9	28.7	100	99.9	99.9	99.8	99.9	99.6	99.9	99.7	99.4	99	-15.4446	29.1455	101.605	7.09136	9.35381	140.348	
0.66	3.4	0	13.9	47.6	56.5	42.9	78.2	56.7	60.9	68	0	19.2	7.9	13.55	21.9	28.7	100	99.9	99.9	99.8	99.9	99.6	99.9	99.7	99.4	99	-15.4446	29.1455	101.605	7.09136	9.35381	140.348	
0.67	3.4	0	13.9	47.6	56.5	42.9	78.2	56.7	60.9	68	0	19.2	7.9	13.55	21.9	28.7	100	99.9	99.9	99.8	99.9	99.6	99.9	99.7	99.4	99	-15.4446	29.1455	101.605	7.09136	9.35381	140.348	
0.68	3.4	0	13.9	47.6	56.5	42.9	78.2	56.7	60.9	68	0	19.2	7.9	13.55	21.9	28.7	100	99.9	99.9	99.8	99.9	99.6	99.9	99.7	99.4	99	-15.4446	29.1455	101.605	7.09136	9.35381	140.348	
0.69	3.4	0	13.9	47.6	56.5	42.9	78.2	56.7	60.9	68	0	19.2	7.9	13.55	21.9	28.7	100	99.9	99.9	99.8	99.9	99.6	99.9	99.7	99.4	99	-15.4446	29.1455	101.605	7.09136	9.35381	140.348	
0.7	3.4	0	13.9	47.6	56.5	42.9	78.2	56.7	60.9	68	0	19.2	7.9	13.55	21.9	28.7	100	99.9	99.9	99.8	99.9	99.6	99.9	99.7	99.4	99	-15.4446	29.1455	101.605	7.09136	9.35381	140.348	
0.71	3.4	0	13.9	47.6	56.5	42.9	78.2	56.7	60.9	68	0	19.2	7.9	13.55	21.9	28.7	100	99.9	99.9	99.8	99.9	99.6	99.9	99.7	99.4	99	-15.4446	29.1455	101.605	7.09136	9.35381	140.348	
0.72	3.4	0	13.9	47.6	56.5	42.9	78.2	56.7	60.9	68	0	19.2	7.9	13.55	21.9	28.7	100	99.9	99.9	99.8	99.9	99.6	99.9	99.7	99.4	99	-15.4446	29.1455	101.605	7.09136	9.35381	140.348	
0.73	3.4	0	13.9	47.6	56.5	42.9	78.2	56.7	60.9	68	0	19.2	7.9	13.55	21.9	28.7	100	99.9	99.9	99.8	99.9	99.6	99.9	99.7	99.4	99	-15.4446	29.1455	101.605	7.09136	9.35381	140.348	
0.74	3.4	0	13.9	47.6	56.5	42.9	78.2	56.7	60.9	68	0	19.2	7.9	13.55	21.9	28.7	100	99.9	99.9	99.8	99.9	99.6	99.9	99.7	99.4	99	-15.4446	29.1455	101.605	7.09136	9.35381	140.348	
0.75	3.4	0	13.9	47.6	56.5	42.9	78.2	56.7	60.9	68	0	19.2	7.9	13.55	21.9	28.7	100	99.9	99.9	99.8	99.9	99.6	99.9	99.7	99.4	99	-15.4446	29.1455	101.605	7.09136	9.35381	140.348	
0.76	3.4	0	13.9	47.6	56.5	42.9	78.2	56.7	60.9	68	0	19.2	7.9	13.55	21.9	28.7	100	99.9	99.9	99.8	99.9	99.6	99.9	99.7	99.4	99	-15.4446	29.1455	101.605	7.09136	9.35381	140.348	
0.77	3.4	0	13.9	47.6	56.5	42.9	78.2	56.7	60.9	68	0	19.2	7.9	13.55	21.9	28.7	100	99.9	99.9	99.8	99.9	99.6	99.9	99.7	99.4	99	-15.4446	29.1455	101.605	7.09136	9.35381	140.348	
0.78	3.4	0	13.9	47.6	56.5	42.9	78.2	56.7	60.9	68	0	19.2	7.9	13.55	21.9	28.7	100	99.9	99.9	99.8	99.9	99.6	99.9	99.7	99.4	99	-15.4446	29.1455	101.605	7.09136	9.35381	140.348	
0.79	3.4	0	13.9	47.6	56.5	42.9	78.2	56.7	60.9	68	0	19.2	7.9	13.55	21.9	28.7	100	99.9	99.9	99.8	99.9	99.6	99.9	99.7	99.4	99	-15.4446	29.1455	101.605	7.09136	9.35381	140.348	
0.8	3.4	0	13.9	47.6	56.5	42.9	78.2	56.7	60.9	68	0	19.2	7.9	13.55	21.9	28.7	100	99.9	99.9	99.8	99.9	99.6	99.9	99.7	99.4	99	-15.4446	29.1455	101.605	7.09136	9.35381	140.348	
0.81	3.4	0	13.9	47.6	56.5	42.9	78.2	56.7	60.9	68	0	19.2	7.9	13.55	21.9	28.7	100	99.9	99.9	99.8	99.9	99.6	99.9	99.7	99.4	99	-15.4446	29.1455	101.605	7.09136	9.35381	140.348	
0.82	3.4	0	13.9	47.6	56.5	42.9	78.2	56.7	60.9	68	0	19.2	7.9	13.55	21.9	28.7	100	99.9	99.9	99.8	99.9	99.6	99.9	99.7	99.4	99	-15.4446	29.1455	101.605	7.09136	9.35381	140.348	
0.83	3.4	0	13.9	47.6	56.5	42.9	78.2	56.7	60.9	68	0	19.2	7.9	13.55	21.9	28.7	100	99.9	99.9	99.8	99.9	99.6	99.9	99.7	99.4	99	-15.4446	29.1455	101.605	7.09136	9.35381	140.348	
0.84	3.4	0	13.9	47.6	56.5	42.9	78.2	56.7	60.9	68	0	19.2	7.9	13.55	21.9	28.7	100	99.9	99.9	99.8	99.9	99.6	99.9	99.7	99.4	99	-15.4446	29.1455	101.605	7.09136	9.35381	140.348	
0.85	3.4	0	13.7	46.9	56.4	42.4	78	56.4	60.5	67.6	0	19.2	7.9	13.55	21.9	28.7	100	99.9	99.9	99.8	99.9	98.8	99.4	99.4	99.7	99.6	-15.4694	29	101.563	7.43415	9.47168	140.269	
0.86	3.4	0	13.7	46.9	56.4	42.4	78	56.4	60.5	67.6	0	19.2	7.9	13.55	21.9	28.7	100	99.9	99.9	99.8	99.9	98.8	99.4	99.4	99.7	99.6	-15.4694	29	101.563	7.43415	9.47168	140.269	
0.87	3.4	0	13.7	46.9	56.4	42.4	78	56.4	60.5	67.6	0	19.2	7.9	13.55	21.9	28.7	100	99.9	99.9	99.8	99.9	98.8	99.4	99.4	99.7	99.6	-15.4694	29	101.563	7.43415	9.47168	140.269	
0.88	3.4	0	13.7	46.9	56.4	42.4	78	56.4	60.5	67.6	0	19.2	7.9	13.55	21.9	28.7	100	99.9	99.9	99.8	99.9	98.8	99.4	99.4	99.7	99.6	-15.4694	29	101.563	7.43415	9.47168	140.269	
0.89	3.4	0	13.7	46.9	56.4	42.4	78	56.4	60.5	67.6	0	19.2	7.9	13.55	21.9	28.7	100	99.9	99.9	99.8	99.9	98.8	99.4	99.4	99.7	99.6	-15.4694	29	101.563	7.43415	9.47168	140.269	
0.9	3.4	0	13.7	46.9	56.4	42.4	78	56.4	60.5	67.6	0	19.2	7.9	13.55	21.9	28.7	100	99.9	99.9	99.8	99.9	98.8	99.4	99.4	99.7	99.6	-15.4694	29	101.563	7.43415	9.47168	140.269	
0.91	3.4	0	13.7	46.9	56.4	42.4	78	56.4	60.5	67.6	0	19.2	7.9	13.55	21.9	28.7	100	99.9	99.9	99.8	99.9	98.8	99.4	99.4	99.7	99.6	-15.4694	29	101.563	7.43415	9.47168	140.269	
0.92	3.4	0	13.7	46.9	56.4	42.4	78	56.4	60.5	67.6	0	19.2	7.9	13.55	21.9	28.7	100	99.9	99.9	99.8	99.9	98.8	99.4	99.4	99.7	99.6	-15.4694	29	101.563	7.43415	9.47168	140.269	
0.93	3.4	0	13.7	46.9	56.4	42.4	78	56.4	60.5	67.6	0	19.2	7.9	13.55	21.9	28.7	100	99.9	99.9	99.8	99.9	98.8	99.4	99.4	99.7	99.6	-15.4694	29	101.563	7.43415	9.47168	140.269	
0.94	3.4	0	13.7	46.9	56.4	42.4	78	56.4	60.5	67.6	0	19.2	7.9	13.55	21.9	28.7	100	99.9	99.9	99.8	99.9	98.8	99.4	99.4	99.7	99.6	-15.4694	29	101.563	7.43415	9.47168	140.269	
0.95	3.4	0	13.7	46.9	56.4	42.4	78	56.4	60.5	67.6	0	19.2	7.9	13.55	21.9	28.7	100	99.9	99.9	99.8	99.9	98.8	99.4	99.4	99.7	99.6	-15.4694	29	101.563	7.43415	9.47168	140.269	
0.96	3.4	0	13.7	46.9	56.4	42.4	78	56.4	60.5	67.6	0	19.2	7.9	13.55	21.9	28.7	100	99.9	99.9	99.8	99.9	98.8	99.4	99.4	99.7	99.6	-15.4694	29	101.563	7.43415	9.47168	140.269	
0.97	3.4	0	13.7	46.9	56.4	42.4	78	56.4	60.5	67.6	0	19.2	7.9	13.55	21.9	28.7	100	99.9	99.9	99.8	99.9	98.8	99.4	99.4	99.7	99.6	-15.4694	29	101.563	7.43415	9.47168	140.269	
0.98	3.4	0	13.7	46.9	56.4	42.4	78	56.4	60.5	67.6	0	19.2	7.9	13.55	21.9	28.7	100	99.9	99.9	99.8	99.9	98.8	99.4	99.4	99.7	99.6	-15.4694	29	101.563	7.43415	9.47168	140.269	
0.99	3.4	0	13.7	46.9	56.4	42.4	78	56.4	60.5	67.6	0	19.2	7.9	13.55	21.9	28.7	100	99.9	99.9	99.8	99.9	98.8	99.4	99.4	99.7	99.6	-15.4694	29	101.563	7.43415	9.47168	140.269	
1	3.4	0	13.7	46.9	56.4	42.4	78	56.4	60.5	67.6	0	19.2	7.9	13.55	21.9	28.7	100	99.9	99.9	99.8	99.9	98.8	99.4	99.4	99.7	99.6	-15.4694	29	101.563	7.43415	9.47168	140.269	
1.01	3.4	0	13.7	46.9	56.4	42.4	78	56.4	60.5	67.6	0	19.2	7.9	13.55	21.9	28.7	100	99.9	99.9	99.8	99.9	98.8	99.4	99.4	99.7	99.6	-15.4694	29	101.563	7.43415	9.47168	140.269	
1.02	3.4	0	13.7	46.9	56.4	42.4	78	56.4	60.5	67.6	0	19.2	7.9	13.55	21.9	28.7	100	99.9	99.9	99.8	99.9	98.8	99.4	99.4	99.7	99.6	-15.4694	29	101.563	7.43415	9.47168	140.269	
1.03	3.4	0	13.7	46.9	56.4	42.4	78	56.4	60.5	67.6	0	19.2	7.9	13.55	21.9	28.7	100	99.9	99.9	99.8	99.9	98.8	99.4	99.4	99.7	99.6	-15.4694	29	101.563	7.43415	9.47168	140.269	
1.04	3.4	0	13.7	46.9	56.4	42.4	78	56.4	60.5	67.6	0	19.2	7.9	13.55	21.9	28.7	100	99.9	99.9	99.8	99.9	98.8	99.4	99.4	99.7	99.6	-15.4694	29	101.563	7.43415	9.47168	140.269	
1.05	3.4	0	13.7	46.9	56.4	42.4	78	56.4	60.5	67.6	0	19.2	7.9	13.55	21.9	28.7	100	99.9	99.9	99.8	99.9	98.8	99.4	99.4	99.7	99.6	-15.4694	29	101.563	7.43415	9.47168	140.269	
1.06	3.4	0	13.7	46.9	56.4	42.4	78	56.4	60.5	67.6	0	19.2	7.9	13.55	21.9	28.7	100	99.9	99.9	99.8	99.9	98.8	99.4	99.4	99.7	99.6	-15.4694	29	101.563	7.43415	9.47168	140.269	
1.07	3.4	0	13.7	46.9	56.4	42.4	78	56.4	60.5	67.6	0	19.2	7.9	13.55	21.9	28.7	100	99.9	99.9	99.8	99.9	98.8	99.4	99.4	99.7	99.6	-15.4694	29	101.563	7.43415	9.47168	140.269	
1.08	3.4	0	13.7	46.9	56.4	42.4	78	56.4	60.5	67.6	0	19.2	7.9	13.55	21.9	28.7	100	99.9	99.9	99.8	99.9	98.8	99.4	99.4	99.7	99.6	-15.4694	29	101.563	7.43415	9.47168	140.269	
1.09	3.4	0	13.7	46.9	56.4	42.4	78	56.4	60.5	67.6	0	19.2	7.9	13.55	21.9	28.7	100	99.9	99.9	99.8	99.9	98.8	99.4	99.4	99.7	99.6	-15.4694	29	101.563	7.43415	9.47168	140.269	
1.1	3.4	0	13.7	46.9	56.4	42.4	78	56.4	60.5	67.6	0	19.2	7.9	13.55	21.9	28.7	100	99.9	99.9	99.8	99.9	98.8	99.4	99.4	99.7	99.6	-15.4694	29	101.563	7.43415	9.47168	140.269	
1.11	3.4	0	13.7	46.9	56.4	42.4	78	56.4	60.5	67.6	0	19.2	7.9	13.55	21.9	28.7	100	99.9	99.9	99.8	99.9	98.8	99.4	99.4	99.7	99.6	-15.4694	29	101.563	7.43415	9.47168	140.269	
1.12	3.4	0	13.7	46.9	56.4	42.4	78	56.4	60.5	67.6	0	19.2	7.9	13.55	21.9	28.7	100	99.9	99.9	99.8	99.9	98.8	99.4	99.4	99.7	99.6	-15.4694	29	101.563	7.43415	9.47168	140.269	
1.13	3.4	0	13.7	46.9	56.4	42.4	78	56.4	60.5	67.6	0	19.2	7.9	13.55	21.9	28.7	100	99.9	99.9	99.8	99.9	98.8	99.4	99.4	99.7	99.6	-15.4694	29	101.563	7.43415	9.47168	140.269	
1.14	3.4	0	13.7	46.9	56.4	42.4	78	56.4	60.5	67.6	0	19.2	7.9	13.55	21.9	28.7	100	99.9	99.9	99.8	99.9	98.8	99.4	99.4	99.7	99.6	-15.4694	29	101.563	7.43415	9.47168	140.269	
1.15	3.4	0	13.7	46.9	56.4	42.4	78	56.4	60.5	67.6	0	19.2	7.9	13.55	21.9	28.7	100	99.9	99.9	99.8	99.9	98.8	99.4	99.4	99.7	99.6	-15.4694	29	101.563	7.43415	9.47168	140.269	
1.16	3.4	0	13.7	46.9	56.4	42.4	78	56.4	60.5	67.6	0	19.2	7.9	13.55	21.9	28.7	100	99.9	99.9	99.8	99.9	98.8	99.4	99.4	99.7	99.6	-15.4694	29	101.563	7.43415	9.47168	140.269	
1.17	3.4	0	13.7	46.9	56.4	42.4	78	56.4	60.5	67.6	0	19.2	7.9	13.55	21.9	28.7	100	99.9	99.9	99.8	99.9	98.8	99.4	99.4	99.7	99.6	-15.4694	29	101.563	7.43415	9.47168	140.269	
1.18	3.4	0	13.7	46.9	56.4	42.4	78	56.4	60.5	67.6	0	19.2	7.9	13.55	21.9	28.7	100	99.9	99.9	99.8	99.9	98.8	99.4	99.4	99.7	99.6	-15.4694	29	101.563	7.43415	9.47168	140.269	
1.19	3.4	0	13.7	46.9	56.4	42.4	78	56.4	60.5	67.6	0	19.2	7.9	13.55	21.9	28.7	100	99.9	99.9	99.8	99.9	98.8	99.4	99.4	99.7	99.6	-15.4694	29	101.563	7.43415	9.47168	140.269	
1.2	3.4	0	13.7	46.9	56.4	42.4	78	56.4	60.5	67.6	0	19.2	7.9	13.55	21.9	28.7	100	99.9	99.9	99.8	99.9	98.8	99.4	99.4	99.7	99.6	-15.4694	29	101.563	7.43415	9.47168	140.269	
1.21	3.4	0	13.7	46.9	56.4	42.4	78	56.4	60.5	67.6	0	19.2	7.9	13.55	21.9	28.7	100	99.9	99.9	99.8	99.9	98.8	99.4	99.4	99.7	99.6	-15.4694	29	101.563	7.43415	9.47168	140.269	
1.22	3.4	0	13.7	46.7	56.3	42.3	78.3	55.7	60.1	67.1	0	19.4	7.9	13.65	22	28.8	100	99.9	99.9	99.9	99.9	98.4	99.5	99.9	99.9	99.9	-15.9633	28.8801	101.648	7.05475	9.36459	140.269	
1.23	3.4	0	13.7	46.7	56.3	42.3	78.3	55.7	60.1	67.1	0	19.4	7.9	13.65	22	28.8	100	99.9	99.9	99.9	99.9	98.4	99.5	99.9	99.9	99.9	-15.9633	28.8801	101.648	7.05475	9.36459	140.269	
1.24	3.4	0	13.7	46.7	56.3	42.3	78.3	55.7	60.1	67.1	0	19.4	7.9	13.65	22	28.8	100	99.9	99.9	99.9	99.9	98.4	99.5	99.9	99.9	99.9	-15.9633	28.8801	101.648	7.05475	9.36459	140.269	
1.25	3.4	0	13.7	46.7	56.3	42.3	78.3	55.7	60.1	67.1	0	19.4	7.9	13.65	22	28.8	100	99.9	99.9	99.9	99.9	98.4	99.5	99.9	99.9	99.9	-15.9633	28.8801	101.648	7.05475	9.36459	140.269	
1.26	3.4	0	13.7	46.7	56.3	42.3	78.3	55.7	60.1	67.1	0	19.4	7.9	13.65	22	28.8	100	99.9	99.9	99.9	99.9	98.4	99.5	99.9	99.9	99.9	-15.9633	28.8801	101.648	7.05475	9.36459	140.269	
1.27	3.4	0	13.7	46.7	56.3	42.3	78.3	55.7	60.1	67.1	0	19.4	7.9	13.65	22	28.8	100	99.9	99.9	99.9	99.9	98.4	99.5	99.9	99.9	99.9	-15.9633	28.8801	101.648	7.05475	9.36459	140.269	
1.28	3.4	0	13.7	46.7	56.3	42.3	78.3	55.7	60.1	67.1	0	19.4	7.9	13.65	22	28.8	100	99.9	99.9	99.9	99.9	98.4	99.5	99.9	99.9	99.9	-15.9633	28.8801	101.648	7.05475	9.36459	140.269	
1.29	3.4	0	13.7	46.7	56.3	42.3	78.3	55.7	60.1	67.1	0	19.4	7.9	13.65	22	28.8	100	99.9	99.9	99.9	99.9	98.4	99.5	99.9	99.9	99.9	-15.9633	28.8801	101.648	7.05475	9.36459	140.269	
1.3	3.4	0	13.7	46.7	56.3	42.3	78.3	55.7	60.1	67.1	0	19.4	7.9	13.65	22	28.8	100	99.9	99.9	99.9	99.9	98.4	99.5	99.9	99.9	99.9	-15.9633	28.8801	101.648	7.05475	9.36459	140.269	
1.31	3.4	0	13.7	46.7	56.3	42.3	78.3	55.7	60.1	67.1	0	19.4	7.9	13.65	22	28.8	100	99.9	99.9	99.9	99.9	98.4	99.5	99.9	99.9	99.9	-15.9633	28.8801	101.648	7.05475	9.36459	140.269	
1.32	3.4	0	13.7	46.7	56.3	42.3	78.3	55.7	60.1	67.1	0	19.4	7.9	13.65	22	28.8	100	99.9	99.9	99.9	99.9	98.4	99.5	99.9	99.9	99.9	-15.9633	28.8801	101.648	7.05475	9.36459	140.269	
1.33	3.4	0	13.7	46.7	56.3	42.3	78.3	55.7	60.1	67.1	0	19.4	7.9	13.65	22	28.8	100	99.9	99.9	99.9	99.9	98.4	99.5	99.9	99.9	99.9	-15.9633	28.8801	101.648	7.05475	9.36459	140.269	
1.34	3.4	0	13.7	46.7	56.3	42.3	78.3	55.7	60.1	67.1	0	19.4	7.9	13.65	22	28.8	100	99.9	99.9	99.9	99.9	98.4	99.5	99.9	99.9	99.9	-15.9633	28.8801	101.648	7.05475	9.36459	140.269	
1.35	3.4	0	13.7	46.7	56.3	42.3	78.3	55.7	60.1	67.1	0	19.4	7.9	13.65	22	28.8	100	99.9	99.9	99.9	99.9	98.4	99.5	99.9	99.9	99.9	-15.9633	28.8801	101.648	7.05475	9.36459	140.269	
1.36	3.4	0	13.7	46.7	56.3	42.3	78.3	55.7	60.1	67.1	0	19.4	7.9	13.65	22	28.8	100	99.9	99.9	99.9	99.9	98.4	99.5	99.9	99.9	99.9	-15.9633	28.8801	101.648	7.05475	9.36459	140.269	
1.37	3.4	0	13.7	46.7	56.3	42.3	78.3	55.7	60.1	67.1	0	19.4	7.9	13.65	22	28.8	100	99.9	99.9	99.9	99.9	98.4	99.5	99.9	99.9	99.9	-15.9633	28.8801	101.648	7.05475	9.36459	140.269	
1.38	3.4	0	13.7	46.7	56.3	42.3	78.3	55.7	60.1	67.1	0	19.4	7.9	13.65	22	28.8	100	99.9	99.9	99.9	99.9	98.4	99.5	99.9	99.9	99.9	-15.9633	28.8801	101.648	7.05475	9.36459	140.269	
1.39	3.4	0	13.7	46.7	56.3	42.3	78.3	55.7	60.1	67.1	0	19.4	7.9	13.65	22	28.8	100	99.9	99.9	99.9	99.9	98.4	99.5	99.9	99.9	99.9	-15.9633	28.8801	101.648	7.05475	9.36459	140.269	
1.4	3.4	0	13.7	46.7	56.3	42.3	78.3	55.7	60.1	67.1	0	19.4	7.9	13.65	22	28.8	100	99.9	99.9	99.9	99.9	98.4	99.5	99.9	99.9	99.9	-15.9633	28.8801	101.648	7.05475	9.36459	140.269	
1.41	3.4	0	13.7	46.7	56.3	42.3	78.3	55.7	60.1	67.1	0	19.4	7.9	13.65	22	28.8	100	99.9	99.9	99.9	99.9	98.4	99.5	99.9	99.9	99.9	-15.9633	28.8801	101.648	7.05475	9.36459	140.269	
1.42	3.4	0	13.7	46.7	56.3	42.3	78.3	55.7	60.1	67.1	0	19.4	7.9	13.65	22	28.8	100	99.9	99.9	99.9	99.9	98.4	99.5	99.9	99.9	99.9	-15.9633	28.8801	101.648	7.05475	9.36459	140.269	
1.43	3.4	0	13.7	46.7	56.3	42.3	78.3	55.7	60.1	67.1	0	19.4	7.9	13.65	22	28.8	100	99.9	99.9	99.9	99.9	98.4	99.5	99.9	99.9	99.9	-15.9633	28.8801	101.648	7.05475	9.36459	140.269	
1.44	3.4	0	13.7	46.7	56.3	42.3	78.3	55.7	60.1	67.1	0	19.4	7.9	13.65	22	28.8	100	99.9	99.9	99.9	99.9	98.4	99.5	99.9	99.9	99.9	-15.9633	28.8801	101.648	7.05475	9.36459	140.269	
1.45	3.4	0	13.7	46.7	56.3	42.3	78.3	55.7	60.1	67.1	0	19.4	7.9	13.65	22	28.8	100	99.9	99.9	99.9	99.9	98.4	99.5	99.9	99.9	99.9	-15.9633	28.8801	101.648	7.05475	9.36459	140.269	
1.46	3.4	0	13.7	46.7	56.3	42.3	78.3	55.7	60.1	67.1	0	19.4	7.9	13.65	22	28.8	100	99.9	99.9	99.9	99.9	98.4	99.5	99.9	99.9	99.9	-15.9633	28.8801	101.648	7.05475	9.36459	140.269	
1.47	3.4	0	13.7	46.7	56.3	42.3	78.3	55.7	60.1	67.1	0	19.4	7.9	13.65	22	28.8	100	99.9	99.9	99.9	99.9	98.4	99.5	99.9	99.9	99.9	-15.9633	28.8801	101.648	7.05475	9.36459	140.269	
1.48	3.4	0	13.7	46.7	56.3	42.3	78.3	55.7	60.1	67.1	0	19.4	7.9	13.65	22	28.8	100	99.9	99.9	99.9	99.9	98.4	99.5	99.9	99.9	99.9	-15.9633	28.8801	101.648	7.05475	9.36459	140.269	
1.49	3.4	0	13.7	46.7	56.3	42.3	78.3	55.7	60.1	67.1	0	19.4	7.9	13.65	22	28.8	100	99.9	99.9	99.9	99.9	98.4	99.5	99.9	99.9	99.9	-15.9633	28.8801	101.648	7.05475	9.36459	140.269	
1.5	3.4	0	13.7	46.7	56.3	42.3	78.3	55.7	60.1	67.1	0	19.4	7.9	13.65	22	28.8	100	99.9	99.9	99.9	99.9	98.4	99.5	99.9	99.9	99.9	-15.9633	28.8801	101.648	7.05475	9.36459	140.269	
1.51	3.4	0	13.7	46.7	56.3	42.3	78.3	55.7	60.1	67.1	0	19.4	7.9	13.65	22	28.8	100	99.9	99.9	99.9	99.9	98.4	99.5	99.9	99.9	99.9	-15.9633	28.8801	101.648	7.05475	9.36459	140.269	
1.52	3.4	0	13.7	46.7	56.3	42.3	78.3	55.7	60.1	67.1	0	19.4	7.9	13.65	22	28.8	100	99.9	99.9	99.9	99.9	98.4	99.5	99.9	99.9	99.9	-15.9633	28.8801	101.648	7.05475	9.36459	140.269	
1.53	3.4	0	13.7	46.7	56.3	42.3	78.3	55.7	60.1	67.1	0	19.4	7.9	13.65	22	28.8	100	99.9	99.9	99.9	99.9	98.4	99.5	99.9	99.9	99.9	-15.9633	28.8801	101.648	7.05475	9.36459	140.269	
1.54	3.4	0	13.7	46.7	56.3	42.3	78.3	55.7	60.1	67.1	0	19.4	7.9	13.65	22	28.8	100	99.9	99.9	99.9	99.9	98.4	99.5	99.9	99.9	99.9	-15.9633	28.8801	101.648	7.05475	9.36459	140.269	
1.55	3.4	0	13.7	46.7	56.3	42.3	78.3	55.7	60.1	67.1	0	19.4	7.9	13.65	22	28.8	100	99.9	99.9	99.9	99.9	98.4	99.5	99.9	99.9	99.9	-15.9633	28.8801	101.648	7.05475	9.36459	140.269	
1.56	3.4	0	13.7	46.7	56.3	42.3	78.3	55.7	60.1	67.1	0	19.4	7.9	13.65	22	28.8	100	99.9	99.9	99.9	99.9	98.4	99.5	99.9	99.9	99.9	-15.9633	28.8801	101.648	7.05475	9.36459	140.269	
1.57	3.4	0	13.7	46.7	56.3	42.3	78.3	55.7	60.1	67.1	0	19.4	7.9	13.65	22	28.8	100	99.9	99.9	99.9	99.9	98.4	99.5	99.9	99.9	99.9	-15.9633	28.8801	101.648	7.05475	9.36459	140.269	
1.58	3.4	0	13.7	46.7	56.3	42.3	78.3	55.7	60.1	67.1	0	19.4	7.9	13.65	22	28.8	100	99.9	99.9	99.9	99.9	98.4	99.5	99.9	99.9	99.9	-15.9633	28.8801	101.648	7.05475	9.36459	140.269	
1.59	3.3	0	13.7	46.6	56.1	41.9	77.8	55.3	59.8	67	0	19.1	7.8	13.45	21.9	28.9	99.9	99.9	99.9	99.9	99.9	98.9	99.8	99.9	99.9	99.9	-16.1152	28.8785	101.598	7.0022	9.34134	140.253	
1.6	3.3	0	13.7	46.6	56.1	41.9	77.8	55.3	59.8	67	0	19.1	7.8	13.45	21.9	28.9	99.9	99.9	99.9	99.9	99.9	98.9	99.8	99.9	99.9	99.9	-16.1152	28.8785	101.598	7.0022	9.34134	140.253	
1.61	3.3	0	13.7	46.6	56.1	41.9	77.8	55.3	59.8	67	0	19.1	7.8	13.45	21.9	28.9	99.9	99.9	99.9	99.9	99.9	98.9	99.8	99.9	99.9	99.9	-16.1152	28.8785	101.598	7.0022	9.34134	140.253	
1.62	3.3	0	13.7	46.6	56.1	41.9	77.8	55.3	59.8	67	0	19.1	7.8	13.45	21.9	28.9	99.9	99.9	99.9	99.9	99.9	98.9	99.8	99.9	99.9	99.9	-16.1152	28.8785	101.598	7.0022	9.34134	140.253	
1.63	3.3	0	13.7	46.6	56.1	41.9	77.8	55.3	59.8	67	0	19.1	7.8	13.45	21.9	28.9	99.9	99.9	99.9	99.9	99.9	98.9	99.8	99.9	99.9	99.9	-16.1152	28.8785	101.598	7.0022	9.34134	140.253	
1.64	3.3	0	13.7	46.6	56.1	41.9	77.8	55.3	59.8	67	0	19.1	7.8	13.45	21.9	28.9	99.9	99.9	99.9	99.9	99.9	98.9	99.8	99.9	99.9	99.9	-16.1152	28.8785	101.598	7.0022	9.34134	140.253	
1.65	3.3	0	13.7	46.6	56.1	41.9	77.8	55.3	59.8	67	0	19.1	7.8	13.45	21.9	28.9	99.9	99.9	99.9	99.9	99.9	98.9	99.8	99.9	99.9	99.9	-16.1152	28.8785	101.598	7.0022	9.34134	140.253	
1.66	3.3	0	13.7	46.6	56.1	41.9	77.8	55.3	59.8	67	0	19.1	7.8	13.45	21.9	28.9	99.9	99.9	99.9	99.9	99.9	98.9	99.8	99.9	99.9	99.9	-16.1152	28.8785	101.598	7.0022	9.34134	140.253	
1.67	3.3	0	13.7	46.6	56.1	41.9	77.8	55.3	59.8	67	0	19.1	7.8	13.45	21.9	28.9	99.9	99.9	99.9	99.9	99.9	98.9	99.8	99.9	99.9	99.9	-16.1152	28.8785	101.598	7.0022	9.34134	140.253	
1.68	3.3	0	13.7	46.6	56.1	41.9	77.8	55.3	59.8	67	0	19.1	7.8	13.45	21.9	28.9	99.9	99.9	99.9	99.9	99.9	98.9	99.8	99.9	99.9	99.9	-16.1152	28.8785	101.598	7.0022	9.34134	140.253	
1.69	3.3	0	13.7	46.6	56.1	41.9	77.8	55.3	59.8	67	0	19.1	7.8	13.45	21.9	28.9	99.9	99.9	99.9	99.9	99.9	98.9	99.8	99.9	99.9	99.9	-16.1152	28.8785	101.598	7.0022	9.34134	140.253	
1.7	3.3	0	13.7	46.6	56.1	41.9	77.8	55.3	59.8	67	0	19.1	7.8	13.45	21.9	28.9	99.9	99.9	99.9	99.9	99.9	98.9	99.8	99.9	99.9	99.9	-16.1152	28.8785	101.598	7.0022	9.34134	140.253	
1.71	3.3	0	13.7	46.6	56.1	41.9	77.8	55.3	59.8	67	0	19.1	7.8	13.45	21.9	28.9	99.9	99.9	99.9	99.9	99.9	98.9	99.8	99.9	99.9	99.9	-16.1152	28.8785	101.598	7.0022	9.34134	140.253	
1.72	3.3	0	13.7	46.6	56.1	41.9	77.8	55.3	59.8	67	0	19.1	7.8	13.45	21.9	28.9	99.9	99.9	99.9	99.9	99.9	98.9	99.8	99.9	99.9	99.9	-16.1152	28.8785	101.598	7.0022	9.34134	140.253	
1.73	3.3	0	13.7	46.6	56.1	41.9	77.8	55.3	59.8	67	0	19.1	7.8	13.45	21.9	28.9	99.9	99.9	99.9	99.9	99.9	98.9	99.8	99.9	99.9	99.9	-16.1152	28.8785	101.598	7.0022	9.34134	140.253	
1.74	3.3	0	13.7	46.6	56.1	41.9	77.8	55.3	59.8	67	0	19.1	7.8	13.45	21.9	28.9	99.9	99.9	99.9	99.9	99.9	98.9	99.8	99.9	99.9	99.9	-16.1152	28.8785	101.598	7.0022	9.34134	140.253	
1.75	3.3	0	13.7	46.6	56.1	41.9	77.8	55.3	59.8	67	0	19.1	7.8	13.45	21.9	28.9	99.9	99.9	99.9	99.9	99.9	98.9	99.8	99.9	99.9	99.9	-16.1152	28.8785	101.598	7.0022	9.34134	140.253	
1.76	3.3	0	13.7	46.6	56.1	41.9	77.8	55.3	59.8	67	0	19.1	7.8	13.45	21.9	28.9	99.9	99.9	99.9	99.9	99.9	98.9	99.8	99.9	99.9	99.9	-16.1152	28.8785	101.598	7.0022	9.34134	140.253	
1.77	3.3	0	13.7	46.6	56.1	41.9	77.8	55.3	59.8	67	0	19.1	7.8	13.45	21.9	28.9	99.9	99.9	99.9	99.9	99.9	98.9	99.8	99.9	99.9	99.9	-16.1152	28.8785	101.598	7.0022	9.34134	140.253	
1.78	3.3	0	13.7	46.6	56.1	41.9	77.8	55.3	59.8	67	0	19.1	7.8	13.45	21.9	28.9	99.9	99.9	99.9	99.9	99.9	98.9	99.8	99.9	99.9	99.9	-16.1152	28.8785	101.598	7.0022	9.34134	140.253	
1.79	3.3	0	13.7	46.6	56.1	41.9	77.8	55.3	59.8	67	0	19.1	7.8	13.45	21.9	28.9	99.9	99.9	99.9	99.9	99.9	98.9	99.8	99.9	99.9	99.9	-16.1152	28.8785	101.598	7.0022	9.34134	140.253	
1.8	3.3	0	13.7	46.6	56.1	41.9	77.8	55.3	59.8	67	0	19.1	7.8	13.45	21.9	28.9	99.9	99.9	99.9	99.9	99.9	98.9	99.8	99.9	99.9	99.9	-16.1152	28.8785	101.598	7.0022	9.34134	140.253	
1.81	3.3	0	13.7	46.6	56.1	41.9	77.8	55.3	59.8	67	0	19.1	7.8	13.45	21.9	28.9	99.9	99.9	99.9	99.9	99.9	98.9	99.8	99.9	99.9	99.9	-16.1152	28.8785	101.598	7.0022	9.34134	140.253	
1.82	3.3	0	13.7	46.6	56.1	41.9	77.8	55.3	59.8	67	0	19.1	7.8	13.45	21.9	28.9	99.9	99.9	99.9	99.9	99.9	98.9	99.8	99.9	99.9	99.9	-16.1152	28.8785	101.598	7.0022	9.34134	140.253	
1.83	3.3	0	13.7	46.6	56.1	41.9	77.8	55.3	59.8	67	0	19.1	7.8	13.45	21.9	28.9	99.9	99.9	99.9	99.9	99.9	98.9	99.8	99.9	99.9	99.9	-16.1152	28.8785	101.598	7.0022	9.34134	140.253	
1.84	3.3	0	13.7	46.6	56.1	41.9	77.8	55.3	59.8	67	0	19.1	7.8	13.45	21.9	28.9	99.9	99.9	99.9	99.9	99.9	98.9	99.8	99.9	99.9	99.9	-16.1152	28.8785	101.598	7.0022	9.34134	140.253	
1.85	3.3	0	13.7	46.6	56.1	41.9	77.8	55.3	59.8	67	0	19.1	7.8	13.45	21.9	28.9	99.9	99.9	99.9	99.9	99.9	98.9	99.8	99.9	99.9	99.9	-16.1152	28.8785	101.598	7.0022	9.34134	140.253	
1.86	3.3	0	13.7	46.6	56.1	41.9	77.8	55.3	59.8	67	0	19.1	7.8	13.45	21.9	28.9	99.9	99.9	99.9	99.9	99.9	98.9	99.8	99.9	99.9	99.9	-16.1152	28.8785	101.598	7.0022	9.34134	140.253	
1.87	3.3	0	13.7	46.6	56.1	41.9	77.8	55.3	59.8	67	0	19.1	7.8	13.45	21.9	28.9	99.9	99.9	99.9	99.9	99.9	98.9	99.8	99.9	99.9	99.9	-16.1152	28.8785	101.598	7.0022	9.34134	140.253	
1.88	3.3	0	13.7	46.6	56.1	41.9	77.8	55.3	59.8	67	0	19.1	7.8	13.45	21.9	28.9	99.9	99.9	99.9	99.9	99.9	98.9	99.8	99.9	99.9	99.9	-16.1152	28.8785	101.598	7.0022	9.34134	140.253	
1.89	3.3	0	13.7	46.6	56.1	41.9	77.8	55.3	59.8	67	0	19.1	7.8	13.45	21.9	28.9	99.9	99.9	99.9	99.9	99.9	98.9	99.8	99.9	99.9	99.9	-16.1152	28.8785	101.598	7.0022	9.34134	140.253	
1.9	3.3	0	13.7	46.6	56.1	41.9	77.8	55.3	59.8	67	0	19.1	7.8	13.45	21.9	28.9	99.9	99.9	99.9	99.9	99.9	98.9	99.8	99.9	99.9	99.9	-16.1152	28.8785	101.598	7.0022	9.34134	140.253	
1.91	3.3	0	13.7	46.6	56.1	41.9	77.8	55.3	59.8	67	0	19.1	7.8	13.45	21.9	28.9	99.9	99.9	99.9	99.9	99.9	98.9	99.8	99.9	99.9	99.9	-16.1152	28.8785	101.598	7.0022	9.34134	140.253	
1.92	3.3	0	13.7	46.6	56.1	41.9	77.8	55.3	59.8	67	0	19.1	7.8	13.45	21.9	28.9	99.9	99.9	99.9	99.9	99.9	98.9	99.8	99.9	99.9	99.9	-16.1152	28.8785	101.598	7.0022	9.34134	140.253	
1.93	3.3	0	13.7	46.6	56.1	41.9	77.8	55.3	59.8	67	0	19.1	7.8	13.45	21.9	28.9	99.9	99.9	99.9	99.9	99.9	98.9	99.8	99.9	99.9	99.9	-16.1152	28.8785	101.598	7.0022	9.34134	140.253	
1.94	3.3	0	13.7	46.6	56.1	41.9	77.8	55.3	59.8	67	0	19.1	7.8	13.45	21.9	28.9	99.9	99.9	99.9	99.9	99.9	98.9	99.8	99.9	99.9	99.9	-16.1152	28.8785	101.598	7.0022	9.34134	140.253	
1.95	3.3	0	13.7	46.6	56.1	41.9	77.8	55.3	59.8	67	0	19.1	7.8	13.45	21.9	28.9	99.9	99.9	99.9	99.9	99.9	98.9	99.8	99.9	99.9	99.9	-16.1152	28.8785	101.598	7.0022	9.34134	140.253	
1.96	3.7	0	13.5	46	56.3	41.8	77.8	55.3	59.3	66.5	0	19.3	7.7	13.5	22	28.9	100	99.9	99.9	99.8	99.9	99.6	99.9	99.9	99.7	99.2	-15.9268	28.8093	101.671	6.66411	9.30426	140.201	
1.97	3.7	0	13.5	46	56.3	41.8	77.8	55.3	59.3	66.5	0	19.3	7.7	13.5	22	28.9	100	99.9	99.9	99.8	99.9	99.6	99.9	99.9	99.7	99.2	-15.9268	28.8093	101.671	6.66411	9.30426	140.201	
1.98	3.7	0	13.5	46	56.3	41.8	77.8	55.3	59.3	66.5	0	19.3	7.7	13.5	22	28.9	100	99.9	99.9	99.8	99.9	99.6	99.9	99.9	99.7	99.2	-15.9268	28.8093	101.671	6.66411	9.30426	140.201	
1.99	3.7	0	13.5	46	56.3	41.8	77.8	55.3	59.3	66.5	0	19.3	7.7	13.5	22	28.9	100	99.9	99.9	99.8	99.9	99.6	99.9	99.9	99.7	99.2	-15.9268	28.8093	101.671	6.66411	9.30426	140.201	
2	3.7	0	13.5	46	56.3	41.8	77.8	55.3	59.3	66.5	0	19.3	7.7	13.5	22	28.9	100	99.9	99.9	99.8	99.9	99.6	99.9	99.9	99.7	99.2	-15.9268	28.8093	101.671	6.66411	9.30426	140.201	
2.01	3.7	0	13.5	46	56.3	41.8	77.8	55.3	59.3	66.5	0	19.3	7.7	13.5	22	28.9	100	99.9	99.9	99.8	99.9	99.6	99.9	99.9	99.7	99.2	-15.9268	28.8093	101.671	6.66411	9.30426	140.201	
2.02	3.7	0	13.5	46	56.3	41.8	77.8	55.3	59.3	66.5	0	19.3	7.7	13.5	22	28.9	100	99.9	99.9	99.8	99.9	99.6	99.9	99.9	99.7	99.2	-15.9268	28.8093	101.671	6.66411	9.30426	140.201	
2.03	3.7	0	13.5	46	56.3	41.8	77.8	55.3	59.3	66.5	0	19.3	7.7	13.5	22	28.9	100	99.9	99.9	99.8	99.9	99.6	99.9	99.9	99.7	99.2	-15.9268	28.8093	101.671	6.66411	9.30426	140.201	
2.04	3.7	0	13.5	46	56.3	41.8	77.8	55.3	59.3	66.5	0	19.3	7.7	13.5	22	28.9	100	99.9	99.9	99.8	99.9	99.6	99.9	99.9	99.7	99.2	-15.9268	28.8093	101.671	6.66411	9.30426	140.201	
2.05	3.7	0	13.5	46	56.3	41.8	77.8	55.3	59.3	66.5	0	19.3	7.7	13.5	22	28.9	100	99.9	99.9	99.8	99.9	99.6	99.9	99.9	99.7	99.2	-15.9268	28.8093	101.671	6.66411	9.30426	140.201	
2.06	3.7	0	13.5	46	56.3	41.8	77.8	55.3	59.3	66.5	0	19.3	7.7	13.5	22	28.9	100	99.9	99.9	99.8	99.9	99.6	99.9	99.9	99.7	99.2	-15.9268	28.8093	101.671	6.66411	9.30426	140.201	
2.07	3.7	0	13.5	46	56.3	41.8	77.8	55.3	59.3	66.5	0	19.3	7.7	13.5	22	28.9	100	99.9	99.9	99.8	99.9	99.6	99.9	99.9	99.7	99.2	-15.9268	28.8093	101.671	6.66411	9.30426	140.201	
2.08	3.7	0	13.5	46	56.3	41.8	77.8	55.3	59.3	66.5	0	19.3	7.7	13.5	22	28.9	100	99.9	99.9	99.8	99.9	99.6	99.9	99.9	99.7	99.2	-15.9268	28.8093	101.671	6.66411	9.30426	140.201	
2.09	3.7	0	13.5	46	56.3	41.8	77.8	55.3	59.3	66.5	0	19.3	7.7	13.5	22	28.9	100	99.9	99.9	99.8	99.9	99.6	99.9	99.9	99.7	99.2	-15.9268	28.8093	101.671	6.66411	9.30426	140.201	
2.1	3.7	0	13.5	46	56.3	41.8	77.8	55.3	59.3	66.5	0	19.3	7.7	13.5	22	28.9	100	99.9	99.9	99.8	99.9	99.6	99.9	99.9	99.7	99.2	-15.9268	28.8093	101.671	6.66411	9.30426	140.201	
2.11	3.7	0	13.5	46	56.3	41.8	77.8	55.3	59.3	66.5	0	19.3	7.7	13.5	22	28.9	100	99.9	99.9	99.8	99.9	99.6	99.9	99.9	99.7	99.2	-15.9268	28.8093	101.671	6.66411	9.30426	140.201	
2.12	3.7	0	13.5	46	56.3	41.8	77.8	55.3	59.3	66.5	0	19.3	7.7	13.5	22	28.9	100	99.9	99.9	99.8	99.9	99.6	99.9	99.9	99.7	99.2	-15.9268	28.8093	101.671	6.66411	9.30426	140.201	
2.13	3.7	0	13.5	46	56.3	41.8	77.8	55.3	59.3	66.5	0	19.3	7.7	13.5	22	28.9	100	99.9	99.9	99.8	99.9	99.6	99.9	99.9	99.7	99.2	-15.9268	28.8093	101.671	6.66411	9.30426	140.201	
2.14	3.7	0	13.5	46	56.3	41.8	77.8	55.3	59.3	66.5	0	19.3	7.7	13.5	22	28.9	100	99.9	99.9	99.8	99.9	99.6	99.9	99.9	99.7	99.2	-15.9268	28.8093	101.671	6.66411	9.30426	140.201	
2.15	3.7	0	13.5	46	56.3	41.8	77.8	55.3	59.3	66.5	0	19.3	7.7	13.5	22	28.9	100	99.9	99.9	99.8	99.9	99.6	99.9	99.9	99.7	99.2	-15.9268	28.8093	101.671	6.66411	9.30426	140.201	
2.16	3.7	0	13.5	46	56.3	41.8	77.8	55.3	59.3	66.5	0	19.3	7.7	13.5	22	28.9	100	99.9	99.9	99.8	99.9	99.6	99.9	99.9	99.7	99.2	-15.9268	28.8093	101.671	6.66411	9.30426	140.201	
2.17	3.7	0	13.5	46	56.3	41.8	77.8	55.3	59.3	66.5	0	19.3	7.7	13.5	22	28.9	100	99.9	99.9	99.8	99.9	99.6	99.9	99.9	99.7	99.2	-15.9268	28.8093	101.671	6.66411	9.30426	140.201	
2.18	3.7	0	13.5	46	56.3	41.8	77.8	55.3	59.3	66.5	0	19.3	7.7	13.5	22	28.9	100	99.9	99.9	99.8	99.9	99.6	99.9	99.9	99.7	99.2	-15.9268	28.8093	101.671	6.66411	9.30426	140.201	
2.19	3.7	0	13.5	46	56.3	41.8	77.8	55.3	59.3	66.5	0	19.3	7.7	13.5	22	28.9	100	99.9	99.9	99.8	99.9	99.6	99.9	99.9	99.7	99.2	-15.9268	28.8093	101.671	6.66411	9.30426	140.201	
2.2	3.7	0	13.5	46	56.3	41.8	77.8	55.3	59.3	66.5	0	19.3	7.7	13.5	22	28.9	100	99.9	99.9	99.8	99.9	99.6	99.9	99.9	99.7	99.2	-15.9268	28.8093	101.671	6.66411	9.30426	140.201	
2.21	3.7	0	13.5	46	56.3	41.8	77.8	55.3	59.3	66.5	0	19.3	7.7	13.5	22	28.9	100	99.9	99.9	99.8	99.9	99.6	99.9	99.9	99.7	99.2	-15.9268	28.8093	101.671	6.66411	9.30426	140.201	
2.22	3.7	0	13.5	46	56.3	41.8	77.8	55.3	59.3	66.5	0	19.3	7.7	13.5	22	28.9	100	99.9	99.9	99.8	99.9	99.6	99.9	99.9	99.7	99.2	-15.9268	28.8093	101.671	6.66411	9.30426	140.201	
2.23	3.7	0	13.5	46	56.3	41.8	77.8	55.3	59.3	66.5	0	19.3	7.7	13.5	22	28.9	100	99.9	99.9	99.8	99.9	99.6	99.9	99.9	99.7	99.2	-15.9268	28.8093	101.671	6.66411	9.30426	140.201	
2.24	3.7	0	13.5	46	56.3	41.8	77.8	55.3	59.3	66.5	0	19.3	7.7	13.5	22	28.9	100	99.9	99.9	99.8	99.9	99.6	99.9	99.9	99.7	99.2	-15.9268	28.8093	101.671	6.66411	9.30426	140.201	
2.25	3.7	0	13.5	46	56.3	41.8	77.8	55.3	59.3	66.5	0	19.3	7.7	13.5	22	28.9	100	99.9	99.9	99.8	99.9	99.6	99.9	99.9	99.7	99.2	-15.9268	28.8093	101.671	6.66411	9.30426	140.201	
2.26	3.7	0	13.5	46	56.3	41.8	77.8	55.3	59.3	66.5	0	19.3	7.7	13.5	22	28.9	100	99.9	99.9	99.8	99.9	99.6	99.9	99.9	99.7	99.2	-15.9268	28.8093	101.671	6.66411	9.30426	140.201	
2.27	3.7	0	13.5	46	56.3	41.8	77.8	55.3	59.3	66.5	0	19.3	7.7	13.5	22	28.9	100	99.9	99.9	99.8	99.9	99.6	99.9	99.9	99.7	99.2	-15.9268	28.8093	101.671	6.66411	9.30426	140.201	
2.28	3.7	0	13.5	46	56.3	41.8	77.8	55.3	59.3	66.5	0	19.3	7.7	13.5	22	28.9	100	99.9	99.9	99.8	99.9	99.6	99.9	99.9	99.7	99.2	-15.9268	28.8093	101.671	6.66411	9.30426	140.201	
2.29	3.7	0	13.5	46	56.3	41.8	77.8	55.3	59.3	66.5	0	19.3	7.7	13.5	22	28.9	100	99.9	99.9	99.8	99.9	99.6	99.9	99.9	99.7	99.2	-15.9268	28.8093	101.671	6.66411	9.30426	140.201	
2.3	3.7	0	13.5	46	56.3	41.8	77.8	55.3	59.3	66.5	0	19.3	7.7	13.5	22	28.9	100	99.9	99.9	99.8	99.9	99.6	99.9	99.9	99.7	99.2	-15.9268	28.8093	101.671	6.66411	9.30426	140.201	
2.31	3.7	0	13.5	46	56.3	41.8	77.8	55.3	59.3	66.5	0	19.3	7.7	13.5	22	28.9	100	99.9	99.9	99.8	99.9	99.6	99.9	99.9	99.7	99.2	-15.9268	28.8093	101.671	6.66411	9.30426	140.201	
2.32	3.5	0	13.6	45.8	56.1	41.5	77.6	54.9	59.3	66.2	0	19.2	7.7	13.45	22	29	100	99.9	99.9	99.8	99.9	99	99.4	99.3	99.7	99.6	-15.9731	28.8391	101.673	6.63125	9.22265	140.228	
2.33	3.5	0	13.6	45.8	56.1	41.5	77.6	54.9	59.3	66.2	0	19.2	7.7	13.45	22	29	100	99.9	99.9	99.8	99.9	99	99.4	99.3	99.7	99.6	-15.9731	28.8391	101.673	6.63125	9.22265	140.228	
2.34	3.5	0	13.6	45.8	56.1	41.5	77.6	54.9	59.3	66.2	0	19.2	7.7	13.45	22	29	100	99.9	99.9	99.8	99.9	99	99.4	99.3	99.7	99.6	-15.9731	28.8391	101.673	6.63125	9.22265	140.228	
2.35	3.5	0	13.6	45.8	56.1	41.5	77.6	54.9	59.3	66.2	0	19.2	7.7	13.45	22	29	100	99.9	99.9	99.8	99.9	99	99.4	99.3	99.7	99.6	-15.9731	28.8391	101.673	6.63125	9.22265	140.228	
2.36	3.5	0	13.6	45.8	56.1	41.5	77.6	54.9	59.3	66.2	0	19.2	7.7	13.45	22	29	100	99.9	99.9	99.8	99.9	99	99.4	99.3	99.7	99.6	-15.9731	28.8391	101.673	6.63125	9.22265	140.228	
2.37	3.5	0	13.6	45.8	56.1	41.5	77.6	54.9	59.3	66.2	0	19.2	7.7	13.45	22	29	100	99.9	99.9	99.8	99.9	99	99.4	99.3	99.7	99.6	-15.9731	28.8391	101.673	6.63125	9.22265	140.228	
2.38	3.5	0	13.6	45.8	56.1	41.5	77.6	54.9	59.3	66.2	0	19.2	7.7	13.45	22	29	100	99.9	99.9	99.8	99.9	99	99.4	99.3	99.7	99.6	-15.9731	28.8391	101.673	6.63125	9.22265	140.228	
2.39	3.5	0	13.6	45.8	56.1	41.5	77.6	54.9	59.3	66.2	0	19.2	7.7	13.45	22	29	100	99.9	99.9	99.8	99.9	99	99.4	99.3	99.7	99.6	-15.9731	28.8391	101.673	6.63125	9.22265	140.228	
2.4	3.5	0	13.6	45.8	56.1	41.5	77.6	54.9	59.3	66.2	0	19.2	7.7	13.45	22	29	100	99.9	99.9	99.8	99.9	99	99.4	99.3	99.7	99.6	-15.9731	28.8391	101.673	6.63125	9.22265	140.228	
2.41	3.5	0	13.6	45.8	56.1	41.5	77.6	54.9	59.3	66.2	0	19.2	7.7	13.45	22	29	100	99.9	99.9	99.8	99.9	99	99.4	99.3	99.7	99.6	-15.9731	28.8391	101.673	6.63125	9.22265	140.228	
2.42	3.5	0	13.6	45.8	56.1	41.5	77.6	54.9	59.3	66.2	0	19.2	7.7	13.45	22	29	100	99.9	99.9	99.8	99.9	99	99.4	99.3	99.7	99.6	-15.9731	28.8391	101.673	6.63125	9.22265	140.228	
2.43	3.5	0	13.6	45.8	56.1	41.5	77.6	54.9	59.3	66.2	0	19.2	7.7	13.45	22	29	100	99.9	99.9	99.8	99.9	99	99.4	99.3	99.7	99.6	-15.9731	28.8391	101.673	6.63125	9.22265	140.228	
2.44	3.5	0	13.6	45.8	56.1	41.5	77.6	54.9	59.3	66.2	0	19.2	7.7	13.45	22	29	100	99.9	99.9	99.8	99.9	99	99.4	99.3	99.7	99.6	-15.9731	28.8391	101.673	6.63125	9.22265	140.228	
2.45	3.5	0	13.6	45.8	56.1	41.5	77.6	54.9	59.3	66.2	0	19.2	7.7	13.45	22	29	100	99.9	99.9	99.8	99.9	99	99.4	99.3	99.7	99.6	-15.9731	28.8391	101.673	6.63125	9.22265	140.228	
2.46	3.5	0	13.6	45.8	56.1	41.5	77.6	54.9	59.3	66.2	0	19.2	7.7	13.45	22	29	100	99.9	99.9	99.8	99.9	99	99.4	99.3	99.7	99.6	-15.9731	28.8391	101.673	6.63125	9.22265	140.228	
2.47	3.5	0	13.6	45.8	56.1	41.5	77.6	54.9	59.3	66.2	0	19.2	7.7	13.45	22	29	100	99.9	99.9	99.8	99.9	99	99.4	99.3	99.7	99.6	-15.9731	28.8391	101.673	6.63125	9.22265	140.228	
2.48	3.5	0	13.6	45.8	56.1	41.5	77.6	54.9	59.3	66.2	0	19.2	7.7	13.45	22	29	100	99.9	99.9	99.8	99.9	99	99.4	99.3	99.7	99.6	-15.9731	28.8391	101.673	6.63125	9.22265	140.228	
2.49	3.5	0	13.6	45.8	56.1	41.5	77.6	54.9	59.3	66.2	0	19.2	7.7	13.45	22	29	100	99.9	99.9	99.8	99.9	99	99.4	99.3	99.7	99.6	-15.9731	28.8391	101.673	6.63125	9.22265	140.228	
2.5	3.5	0	13.6	45.8	56.1	41.5	77.6	54.9	59.3	66.2	0	19.2	7.7	13.45	22	29	100	99.9	99.9	99.8	99.9	99	99.4	99.3	99.7	99.6	-15.9731	28.8391	101.673	6.63125	9.22265	140.228	
2.51	3.5	0	13.6	45.8	56.1	41.5	77.6	54.9	59.3	66.2	0	19.2	7.7	13.45	22	29	100	99.9	99.9	99.8	99.9	99	99.4	99.3	99.7	99.6	-15.9731	28.8391	101.673	6.63125	9.22265	140.228	
2.52	3.5	0	13.6	45.8	56.1	41.5	77.6	54.9	59.3	66.2	0	19.2	7.7	13.45	22	29	100	99.9	99.9	99.8	99.9	99	99.4	99.3	99.7	99.6	-15.9731	28.8391	101.673	6.63125	9.22265	140.228	
2.53	3.5	0	13.6	45.8	56.1	41.5	77.6	54.9	59.3	66.2	0	19.2	7.7	13.45	22	29	100	99.9	99.9	99.8	99.9	99	99.4	99.3	99.7	99.6	-15.9731	28.8391	101.673	6.63125	9.22265	140.228	
2.54	3.5	0	13.6	45.8	56.1	41.5	77.6	54.9	59.3	66.2	0	19.2	7.7	13.45	22	29	100	99.9	99.9	99.8	99.9	99	99.4	99.3	99.7	99.6	-15.9731	28.8391	101.673	6.63125	9.22265	140.228	
2.55	3.5	0	13.6	45.8	56.1	41.5	77.6	54.9	59.3	66.2	0	19.2	7.7	13.45	22	29	100	99.9	99.9	99.8	99.9	99	99.4	99.3	99.7	99.6	-15.9731	28.8391	101.673	6.63125	9.22265	140.228	
2.56	3.5	0	13.6	45.8	56.1	41.5	77.6	54.9	59.3	66.2	0	19.2	7.7	13.45	22	29	100	99.9	99.9	99.8	99.9	99	99.4	99.3	99.7	99.6	-15.9731	28.8391	101.673	6.63125	9.22265	140.228	
2.57	3.5	0	13.6	45.8	56.1	41.5	77.6	54.9	59.3	66.2	0	19.2	7.7	13.45	22	29	100	99.9	99.9	99.8	99.9	99	99.4	99.3	99.7	99.6	-15.9731	28.8391	101.673	6.63125	9.22265	140.228	
2.58	3.5	0	13.6	45.8	56.1	41.5	77.6	54.9	59.3	66.2	0	19.2	7.7	13.45	22	29	100	99.9	99.9	99.8	99.9	99	99.4	99.3	99.7	99.6	-15.9731	28.8391	101.673	6.63125	9.22265	140.228	
2.59	3.5	0	13.6	45.8	56.1	41.5	77.6	54.9	59.3	66.2	0	19.2	7.7	13.45	22	29	100	99.9	99.9	99.8	99.9	99	99.4	99.3	99.7	99.6	-15.9731	28.8391	101.673	6.63125	9.22265	140.228	
2.6	3.5	0	13.6	45.8	56.1	41.5	77.6	54.9	59.3	66.2	0	19.2	7.7	13.45	22	29	100	99.9	99.9	99.8	99.9	99	99.4	99.3	99.7	99.6	-15.9731	28.8391	101.673	6.63125	9.22265	140.228	
2.61	3.5	0	13.6	45.8	56.1	41.5	77.6	54.9	59.3	66.2	0	19.2	7.7	13.45	22	29	100	99.9	99.9	99.8	99.9	99	99.4	99.3	99.7	99.6	-15.9731	28.8391	101.673	6.63125	9.22265	140.228	
2.62	3.5	0	13.6	45.8	56.1	41.5	77.6	54.9	59.3	66.2	0	19.2	7.7	13.45	22	29	100	99.9	99.9	99.8	99.9	99	99.4	99.3	99.7	99.6	-15.9731	28.8391	101.673	6.63125	9.22265	140.228	
2.63	3.5	0	13.6	45.8	56.1	41.5	77.6	54.9	59.3	66.2	0	19.2	7.7	13.45	22	29	100	99.9	99.9	99.8	99.9	99	99.4	99.3	99.7	99.6	-15.9731	28.8391	101.673	6.63125	9.22265	140.228	
