Hora de inicio de la toma de datos: 10:34:46
AT(s)	F1.1	F1.2	F2.1	F2.2	F3.1	F3.2	F4.1	F4.2	F5.1	F5.2	ABD1	ABD2	ABD3	ABD4	PA	TCO	P1	P2	P3	P4	P5	P6	P7	P8	P9	P10	HRoll	HPitch	HYaw	WRoll	WPitch	WYaw	
0.01	19.2	21.6	95.1	82.1	88	83.7	42.9	52.9	14.6	61.8	0	71.4	1.4	36.4	23.1	49.2	100	99.9	99.9	97.1	99.9	97.6	99.6	14.5	99.9	88.2	-15.5942	18.4949	120.698	-5.71652	11.3453	126.979	
0.02	19.2	21.6	95.1	82.1	88	83.7	42.9	52.9	14.6	61.8	0	71.4	1.4	36.4	23.1	49.2	100	99.9	99.9	97.1	99.9	97.6	99.6	14.5	99.9	88.2	-15.5942	18.4949	120.698	-5.71652	11.3453	126.979	
0.03	19.2	21.6	95.1	82.1	88	83.7	42.9	52.9	14.6	61.8	0	71.4	1.4	36.4	23.1	49.2	100	99.9	99.9	97.1	99.9	97.6	99.6	14.5	99.9	88.2	-15.5942	18.4949	120.698	-5.71652	11.3453	126.979	
0.04	19.2	21.6	95.1	82.1	88	83.7	42.9	52.9	14.6	61.8	0	71.4	1.4	36.4	23.1	49.2	100	99.9	99.9	97.1	99.9	97.6	99.6	14.5	99.9	88.2	-15.5942	18.4949	120.698	-5.71652	11.3453	126.979	
0.05	19.2	21.6	95.1	82.1	88	83.7	42.9	52.9	14.6	61.8	0	71.4	1.4	36.4	23.1	49.2	100	99.9	99.9	97.1	99.9	97.6	99.6	14.5	99.9	88.2	-15.5942	18.4949	120.698	-5.71652	11.3453	126.979	
0.06	19.2	21.6	95.1	82.1	88	83.7	42.9	52.9	14.6	61.8	0	71.4	1.4	36.4	23.1	49.2	100	99.9	99.9	97.1	99.9	97.6	99.6	14.5	99.9	88.2	-15.5942	18.4949	120.698	-5.71652	11.3453	126.979	
0.07	19.2	21.6	95.1	82.1	88	83.7	42.9	52.9	14.6	61.8	0	71.4	1.4	36.4	23.1	49.2	100	99.9	99.9	97.1	99.9	97.6	99.6	14.5	99.9	88.2	-15.5942	18.4949	120.698	-5.71652	11.3453	126.979	
0.08	19.2	21.6	95.1	82.1	88	83.7	42.9	52.9	14.6	61.8	0	71.4	1.4	36.4	23.1	49.2	100	99.9	99.9	97.1	99.9	97.6	99.6	14.5	99.9	88.2	-15.5942	18.4949	120.698	-5.71652	11.3453	126.979	
0.09	19.2	21.6	95.1	82.1	88	83.7	42.9	52.9	14.6	61.8	0	71.4	1.4	36.4	23.1	49.2	100	99.9	99.9	97.1	99.9	97.6	99.6	14.5	99.9	88.2	-15.5942	18.4949	120.698	-5.71652	11.3453	126.979	
0.1	19.2	21.6	95.1	82.1	88	83.7	42.9	52.9	14.6	61.8	0	71.4	1.4	36.4	23.1	49.2	100	99.9	99.9	97.1	99.9	97.6	99.6	14.5	99.9	88.2	-15.5942	18.4949	120.698	-5.71652	11.3453	126.979	
0.11	19.2	21.6	95.1	82.1	88	83.7	42.9	52.9	14.6	61.8	0	71.4	1.4	36.4	23.1	49.2	100	99.9	99.9	97.1	99.9	97.6	99.6	14.5	99.9	88.2	-15.5942	18.4949	120.698	-5.71652	11.3453	126.979	
0.12	19.2	21.6	95.1	82.1	88	83.7	42.9	52.9	14.6	61.8	0	71.4	1.4	36.4	23.1	49.2	100	99.9	99.9	97.1	99.9	97.6	99.6	14.5	99.9	88.2	-15.5942	18.4949	120.698	-5.71652	11.3453	126.979	
0.13	19.2	21.6	95.1	82.1	88	83.7	42.9	52.9	14.6	61.8	0	71.4	1.4	36.4	23.1	49.2	100	99.9	99.9	97.1	99.9	97.6	99.6	14.5	99.9	88.2	-15.5942	18.4949	120.698	-5.71652	11.3453	126.979	
0.14	19.2	21.6	95.1	82.1	88	83.7	42.9	52.9	14.6	61.8	0	71.4	1.4	36.4	23.1	49.2	100	99.9	99.9	97.1	99.9	97.6	99.6	14.5	99.9	88.2	-15.5942	18.4949	120.698	-5.71652	11.3453	126.979	
0.15	19.2	21.6	95.1	82.1	88	83.7	42.9	52.9	14.6	61.8	0	71.4	1.4	36.4	23.1	49.2	100	99.9	99.9	97.1	99.9	97.6	99.6	14.5	99.9	88.2	-15.5942	18.4949	120.698	-5.71652	11.3453	126.979	
0.16	19.2	21.6	95.1	82.1	88	83.7	42.9	52.9	14.6	61.8	0	71.4	1.4	36.4	23.1	49.2	100	99.9	99.9	97.1	99.9	97.6	99.6	14.5	99.9	88.2	-15.5942	18.4949	120.698	-5.71652	11.3453	126.979	
0.171	19.2	21.6	95.1	82.1	88	83.7	42.9	52.9	14.6	61.8	0	71.4	1.4	36.4	23.1	49.2	100	99.9	99.9	97.1	99.9	97.6	99.6	14.5	99.9	88.2	-15.5942	18.4949	120.698	-5.71652	11.3453	126.979	
0.181	19.2	21.6	95.1	82.1	88	83.7	42.9	52.9	14.6	61.8	0	71.4	1.4	36.4	23.1	49.2	100	99.9	99.9	97.1	99.9	97.6	99.6	14.5	99.9	88.2	-15.5942	18.4949	120.698	-5.71652	11.3453	126.979	
0.191	19.2	21.6	95.1	82.1	88	83.7	42.9	52.9	14.6	61.8	0	71.4	1.4	36.4	23.1	49.2	100	99.9	99.9	97.1	99.9	97.6	99.6	14.5	99.9	88.2	-15.5942	18.4949	120.698	-5.71652	11.3453	126.979	
0.201	19.2	21.6	95.1	82.1	88	83.7	42.9	52.9	14.6	61.8	0	71.4	1.4	36.4	23.1	49.2	100	99.9	99.9	97.1	99.9	97.6	99.6	14.5	99.9	88.2	-15.5942	18.4949	120.698	-5.71652	11.3453	126.979	
0.211	19.2	21.6	95.1	82.1	88	83.7	42.9	52.9	14.6	61.8	0	71.4	1.4	36.4	23.1	49.2	100	99.9	99.9	97.1	99.9	97.6	99.6	14.5	99.9	88.2	-15.5942	18.4949	120.698	-5.71652	11.3453	126.979	
0.221	19.2	21.6	95.1	82.1	88	83.7	42.9	52.9	14.6	61.8	0	71.4	1.4	36.4	23.1	49.2	100	99.9	99.9	97.1	99.9	97.6	99.6	14.5	99.9	88.2	-15.5942	18.4949	120.698	-5.71652	11.3453	126.979	
0.231	19.2	21.6	95.1	82.1	88	83.7	42.9	52.9	14.6	61.8	0	71.4	1.4	36.4	23.1	49.2	100	99.9	99.9	97.1	99.9	97.6	99.6	14.5	99.9	88.2	-15.5942	18.4949	120.698	-5.71652	11.3453	126.979	
0.241	19.2	21.6	95.1	82.1	88	83.7	42.9	52.9	14.6	61.8	0	71.4	1.4	36.4	23.1	49.2	100	99.9	99.9	97.1	99.9	97.6	99.6	14.5	99.9	88.2	-15.5942	18.4949	120.698	-5.71652	11.3453	126.979	
0.251	19.2	21.6	95.1	82.1	88	83.7	42.9	52.9	14.6	61.8	0	71.4	1.4	36.4	23.1	49.2	100	99.9	99.9	97.1	99.9	97.6	99.6	14.5	99.9	88.2	-15.5942	18.4949	120.698	-5.71652	11.3453	126.979	
0.261	19.2	21.6	95.1	82.1	88	83.7	42.9	52.9	14.6	61.8	0	71.4	1.4	36.4	23.1	49.2	100	99.9	99.9	97.1	99.9	97.6	99.6	14.5	99.9	88.2	-15.5942	18.4949	120.698	-5.71652	11.3453	126.979	
0.271	19.2	21.6	95.1	82.1	88	83.7	42.9	52.9	14.6	61.8	0	71.4	1.4	36.4	23.1	49.2	100	99.9	99.9	97.1	99.9	97.6	99.6	14.5	99.9	88.2	-15.5942	18.4949	120.698	-5.71652	11.3453	126.979	
0.281	19.2	21.6	95.1	82.1	88	83.7	42.9	52.9	14.6	61.8	0	71.4	1.4	36.4	23.1	49.2	100	99.9	99.9	97.1	99.9	97.6	99.6	14.5	99.9	88.2	-15.5942	18.4949	120.698	-5.71652	11.3453	126.979	
0.29	19.2	21.6	95.1	82.1	88	83.7	42.9	52.9	14.6	61.8	0	71.4	1.4	36.4	23.1	49.2	100	99.9	99.9	97.1	99.9	97.6	99.6	14.5	99.9	88.2	-15.5942	18.4949	120.698	-5.71652	11.3453	126.979	
0.3	19.2	21.6	95.1	82.1	88	83.7	42.9	52.9	14.6	61.8	0	71.4	1.4	36.4	23.1	49.2	100	99.9	99.9	97.1	99.9	97.6	99.6	14.5	99.9	88.2	-15.5942	18.4949	120.698	-5.71652	11.3453	126.979	
0.31	19.7	20.4	94.9	81.8	87.7	83.4	42.7	52.4	14.6	60.9	0	71.5	1.4	36.45	23	48.3	99.9	99.9	99.9	97.3	99.9	97.7	99.3	14.7	99.9	86.4	-15.3815	18.4667	120.745	-5.43151	11.2894	126.947	
0.32	19.7	20.4	94.9	81.8	87.7	83.4	42.7	52.4	14.6	60.9	0	71.5	1.4	36.45	23	48.3	99.9	99.9	99.9	97.3	99.9	97.7	99.3	14.7	99.9	86.4	-15.3815	18.4667	120.745	-5.43151	11.2894	126.947	
0.33	19.7	20.4	94.9	81.8	87.7	83.4	42.7	52.4	14.6	60.9	0	71.5	1.4	36.45	23	48.3	99.9	99.9	99.9	97.3	99.9	97.7	99.3	14.7	99.9	86.4	-15.3815	18.4667	120.745	-5.43151	11.2894	126.947	
0.34	19.7	20.4	94.9	81.8	87.7	83.4	42.7	52.4	14.6	60.9	0	71.5	1.4	36.45	23	48.3	99.9	99.9	99.9	97.3	99.9	97.7	99.3	14.7	99.9	86.4	-15.3815	18.4667	120.745	-5.43151	11.2894	126.947	
0.35	19.7	20.4	94.9	81.8	87.7	83.4	42.7	52.4	14.6	60.9	0	71.5	1.4	36.45	23	48.3	99.9	99.9	99.9	97.3	99.9	97.7	99.3	14.7	99.9	86.4	-15.3815	18.4667	120.745	-5.43151	11.2894	126.947	
0.36	19.7	20.4	94.9	81.8	87.7	83.4	42.7	52.4	14.6	60.9	0	71.5	1.4	36.45	23	48.3	99.9	99.9	99.9	97.3	99.9	97.7	99.3	14.7	99.9	86.4	-15.3815	18.4667	120.745	-5.43151	11.2894	126.947	
0.37	19.7	20.4	94.9	81.8	87.7	83.4	42.7	52.4	14.6	60.9	0	71.5	1.4	36.45	23	48.3	99.9	99.9	99.9	97.3	99.9	97.7	99.3	14.7	99.9	86.4	-15.3815	18.4667	120.745	-5.43151	11.2894	126.947	
0.38	19.7	20.4	94.9	81.8	87.7	83.4	42.7	52.4	14.6	60.9	0	71.5	1.4	36.45	23	48.3	99.9	99.9	99.9	97.3	99.9	97.7	99.3	14.7	99.9	86.4	-15.3815	18.4667	120.745	-5.43151	11.2894	126.947	
0.39	19.7	20.4	94.9	81.8	87.7	83.4	42.7	52.4	14.6	60.9	0	71.5	1.4	36.45	23	48.3	99.9	99.9	99.9	97.3	99.9	97.7	99.3	14.7	99.9	86.4	-15.3815	18.4667	120.745	-5.43151	11.2894	126.947	
0.4	19.7	20.4	94.9	81.8	87.7	83.4	42.7	52.4	14.6	60.9	0	71.5	1.4	36.45	23	48.3	99.9	99.9	99.9	97.3	99.9	97.7	99.3	14.7	99.9	86.4	-15.3815	18.4667	120.745	-5.43151	11.2894	126.947	
0.41	19.7	20.4	94.9	81.8	87.7	83.4	42.7	52.4	14.6	60.9	0	71.5	1.4	36.45	23	48.3	99.9	99.9	99.9	97.3	99.9	97.7	99.3	14.7	99.9	86.4	-15.3815	18.4667	120.745	-5.43151	11.2894	126.947	
0.42	19.7	20.4	94.9	81.8	87.7	83.4	42.7	52.4	14.6	60.9	0	71.5	1.4	36.45	23	48.3	99.9	99.9	99.9	97.3	99.9	97.7	99.3	14.7	99.9	86.4	-15.3815	18.4667	120.745	-5.43151	11.2894	126.947	
0.43	19.7	20.4	94.9	81.8	87.7	83.4	42.7	52.4	14.6	60.9	0	71.5	1.4	36.45	23	48.3	99.9	99.9	99.9	97.3	99.9	97.7	99.3	14.7	99.9	86.4	-15.3815	18.4667	120.745	-5.43151	11.2894	126.947	
0.44	19.7	20.4	94.9	81.8	87.7	83.4	42.7	52.4	14.6	60.9	0	71.5	1.4	36.45	23	48.3	99.9	99.9	99.9	97.3	99.9	97.7	99.3	14.7	99.9	86.4	-15.3815	18.4667	120.745	-5.43151	11.2894	126.947	
0.45	19.7	20.4	94.9	81.8	87.7	83.4	42.7	52.4	14.6	60.9	0	71.5	1.4	36.45	23	48.3	99.9	99.9	99.9	97.3	99.9	97.7	99.3	14.7	99.9	86.4	-15.3815	18.4667	120.745	-5.43151	11.2894	126.947	
0.46	19.7	20.4	94.9	81.8	87.7	83.4	42.7	52.4	14.6	60.9	0	71.5	1.4	36.45	23	48.3	99.9	99.9	99.9	97.3	99.9	97.7	99.3	14.7	99.9	86.4	-15.3815	18.4667	120.745	-5.43151	11.2894	126.947	
0.47	19.7	20.4	94.9	81.8	87.7	83.4	42.7	52.4	14.6	60.9	0	71.5	1.4	36.45	23	48.3	99.9	99.9	99.9	97.3	99.9	97.7	99.3	14.7	99.9	86.4	-15.3815	18.4667	120.745	-5.43151	11.2894	126.947	
0.48	19.7	20.4	94.9	81.8	87.7	83.4	42.7	52.4	14.6	60.9	0	71.5	1.4	36.45	23	48.3	99.9	99.9	99.9	97.3	99.9	97.7	99.3	14.7	99.9	86.4	-15.3815	18.4667	120.745	-5.43151	11.2894	126.947	
0.49	19.7	20.4	94.9	81.8	87.7	83.4	42.7	52.4	14.6	60.9	0	71.5	1.4	36.45	23	48.3	99.9	99.9	99.9	97.3	99.9	97.7	99.3	14.7	99.9	86.4	-15.3815	18.4667	120.745	-5.43151	11.2894	126.947	
0.5	19.7	20.4	94.9	81.8	87.7	83.4	42.7	52.4	14.6	60.9	0	71.5	1.4	36.45	23	48.3	99.9	99.9	99.9	97.3	99.9	97.7	99.3	14.7	99.9	86.4	-15.3815	18.4667	120.745	-5.43151	11.2894	126.947	
0.51	19.7	20.4	94.9	81.8	87.7	83.4	42.7	52.4	14.6	60.9	0	71.5	1.4	36.45	23	48.3	99.9	99.9	99.9	97.3	99.9	97.7	99.3	14.7	99.9	86.4	-15.3815	18.4667	120.745	-5.43151	11.2894	126.947	
0.52	19.7	20.4	94.9	81.8	87.7	83.4	42.7	52.4	14.6	60.9	0	71.5	1.4	36.45	23	48.3	99.9	99.9	99.9	97.3	99.9	97.7	99.3	14.7	99.9	86.4	-15.3815	18.4667	120.745	-5.43151	11.2894	126.947	
0.53	19.7	20.4	94.9	81.8	87.7	83.4	42.7	52.4	14.6	60.9	0	71.5	1.4	36.45	23	48.3	99.9	99.9	99.9	97.3	99.9	97.7	99.3	14.7	99.9	86.4	-15.3815	18.4667	120.745	-5.43151	11.2894	126.947	
0.54	19.7	20.4	94.9	81.8	87.7	83.4	42.7	52.4	14.6	60.9	0	71.5	1.4	36.45	23	48.3	99.9	99.9	99.9	97.3	99.9	97.7	99.3	14.7	99.9	86.4	-15.3815	18.4667	120.745	-5.43151	11.2894	126.947	
0.55	19.7	20.4	94.9	81.8	87.7	83.4	42.7	52.4	14.6	60.9	0	71.5	1.4	36.45	23	48.3	99.9	99.9	99.9	97.3	99.9	97.7	99.3	14.7	99.9	86.4	-15.3815	18.4667	120.745	-5.43151	11.2894	126.947	
0.56	19.7	20.4	94.9	81.8	87.7	83.4	42.7	52.4	14.6	60.9	0	71.5	1.4	36.45	23	48.3	99.9	99.9	99.9	97.3	99.9	97.7	99.3	14.7	99.9	86.4	-15.3815	18.4667	120.745	-5.43151	11.2894	126.947	
0.57	19.7	20.4	94.9	81.8	87.7	83.4	42.7	52.4	14.6	60.9	0	71.5	1.4	36.45	23	48.3	99.9	99.9	99.9	97.3	99.9	97.7	99.3	14.7	99.9	86.4	-15.3815	18.4667	120.745	-5.43151	11.2894	126.947	
0.58	19.7	20.4	94.9	81.8	87.7	83.4	42.7	52.4	14.6	60.9	0	71.5	1.4	36.45	23	48.3	99.9	99.9	99.9	97.3	99.9	97.7	99.3	14.7	99.9	86.4	-15.3815	18.4667	120.745	-5.43151	11.2894	126.947	
0.59	19.7	20.4	94.9	81.8	87.7	83.4	42.7	52.4	14.6	60.9	0	71.5	1.4	36.45	23	48.3	99.9	99.9	99.9	97.3	99.9	97.7	99.3	14.7	99.9	86.4	-15.3815	18.4667	120.745	-5.43151	11.2894	126.947	
0.6	19.7	20.4	94.9	81.8	87.7	83.4	42.7	52.4	14.6	60.9	0	71.5	1.4	36.45	23	48.3	99.9	99.9	99.9	97.3	99.9	97.7	99.3	14.7	99.9	86.4	-15.3815	18.4667	120.745	-5.43151	11.2894	126.947	
0.61	19.7	20.4	94.9	81.8	87.7	83.4	42.7	52.4	14.6	60.9	0	71.5	1.4	36.45	23	48.3	99.9	99.9	99.9	97.3	99.9	97.7	99.3	14.7	99.9	86.4	-15.3815	18.4667	120.745	-5.43151	11.2894	126.947	
0.62	19.7	20.4	94.9	81.8	87.7	83.4	42.7	52.4	14.6	60.9	0	71.5	1.4	36.45	23	48.3	99.9	99.9	99.9	97.3	99.9	97.7	99.3	14.7	99.9	86.4	-15.3815	18.4667	120.745	-5.43151	11.2894	126.947	
0.63	19.7	20.4	94.9	81.8	87.7	83.4	42.7	52.4	14.6	60.9	0	71.5	1.4	36.45	23	48.3	99.9	99.9	99.9	97.3	99.9	97.7	99.3	14.7	99.9	86.4	-15.3815	18.4667	120.745	-5.43151	11.2894	126.947	
0.64	19.7	20.4	94.9	81.8	87.7	83.4	42.7	52.4	14.6	60.9	0	71.5	1.4	36.45	23	48.3	99.9	99.9	99.9	97.3	99.9	97.7	99.3	14.7	99.9	86.4	-15.3815	18.4667	120.745	-5.43151	11.2894	126.947	
0.65	19.7	20.4	94.9	81.8	87.7	83.4	42.7	52.4	14.6	60.9	0	71.5	1.4	36.45	23	48.3	99.9	99.9	99.9	97.3	99.9	97.7	99.3	14.7	99.9	86.4	-15.3815	18.4667	120.745	-5.43151	11.2894	126.947	
0.66	19.7	20.4	94.9	81.8	87.7	83.4	42.7	52.4	14.6	60.9	0	71.5	1.4	36.45	23	48.3	99.9	99.9	99.9	97.3	99.9	97.7	99.3	14.7	99.9	86.4	-15.3815	18.4667	120.745	-5.43151	11.2894	126.947	
0.67	19.7	20.4	94.9	81.8	87.7	83.4	42.7	52.4	14.6	60.9	0	71.5	1.4	36.45	23	48.3	99.9	99.9	99.9	97.3	99.9	97.7	99.3	14.7	99.9	86.4	-15.3815	18.4667	120.745	-5.43151	11.2894	126.947	
0.68	19.8	19.8	94.7	81.8	87.5	82.8	42.4	52.3	14.2	58.4	0	71.2	1.4	36.3	23.1	48.6	99.9	99.9	99.9	97.5	99.9	98.8	99.9	15.4	98.2	87.8	-15.8978	18.5146	120.658	-5.59768	11.3413	126.909	
0.69	19.8	19.8	94.7	81.8	87.5	82.8	42.4	52.3	14.2	58.4	0	71.2	1.4	36.3	23.1	48.6	99.9	99.9	99.9	97.5	99.9	98.8	99.9	15.4	98.2	87.8	-15.8978	18.5146	120.658	-5.59768	11.3413	126.909	
0.7	19.8	19.8	94.7	81.8	87.5	82.8	42.4	52.3	14.2	58.4	0	71.2	1.4	36.3	23.1	48.6	99.9	99.9	99.9	97.5	99.9	98.8	99.9	15.4	98.2	87.8	-15.8978	18.5146	120.658	-5.59768	11.3413	126.909	
0.71	19.8	19.8	94.7	81.8	87.5	82.8	42.4	52.3	14.2	58.4	0	71.2	1.4	36.3	23.1	48.6	99.9	99.9	99.9	97.5	99.9	98.8	99.9	15.4	98.2	87.8	-15.8978	18.5146	120.658	-5.59768	11.3413	126.909	
0.72	19.8	19.8	94.7	81.8	87.5	82.8	42.4	52.3	14.2	58.4	0	71.2	1.4	36.3	23.1	48.6	99.9	99.9	99.9	97.5	99.9	98.8	99.9	15.4	98.2	87.8	-15.8978	18.5146	120.658	-5.59768	11.3413	126.909	
0.73	19.8	19.8	94.7	81.8	87.5	82.8	42.4	52.3	14.2	58.4	0	71.2	1.4	36.3	23.1	48.6	99.9	99.9	99.9	97.5	99.9	98.8	99.9	15.4	98.2	87.8	-15.8978	18.5146	120.658	-5.59768	11.3413	126.909	
0.74	19.8	19.8	94.7	81.8	87.5	82.8	42.4	52.3	14.2	58.4	0	71.2	1.4	36.3	23.1	48.6	99.9	99.9	99.9	97.5	99.9	98.8	99.9	15.4	98.2	87.8	-15.8978	18.5146	120.658	-5.59768	11.3413	126.909	
0.75	19.8	19.8	94.7	81.8	87.5	82.8	42.4	52.3	14.2	58.4	0	71.2	1.4	36.3	23.1	48.6	99.9	99.9	99.9	97.5	99.9	98.8	99.9	15.4	98.2	87.8	-15.8978	18.5146	120.658	-5.59768	11.3413	126.909	
0.76	19.8	19.8	94.7	81.8	87.5	82.8	42.4	52.3	14.2	58.4	0	71.2	1.4	36.3	23.1	48.6	99.9	99.9	99.9	97.5	99.9	98.8	99.9	15.4	98.2	87.8	-15.8978	18.5146	120.658	-5.59768	11.3413	126.909	
0.77	19.8	19.8	94.7	81.8	87.5	82.8	42.4	52.3	14.2	58.4	0	71.2	1.4	36.3	23.1	48.6	99.9	99.9	99.9	97.5	99.9	98.8	99.9	15.4	98.2	87.8	-15.8978	18.5146	120.658	-5.59768	11.3413	126.909	
0.78	19.8	19.8	94.7	81.8	87.5	82.8	42.4	52.3	14.2	58.4	0	71.2	1.4	36.3	23.1	48.6	99.9	99.9	99.9	97.5	99.9	98.8	99.9	15.4	98.2	87.8	-15.8978	18.5146	120.658	-5.59768	11.3413	126.909	
0.79	19.8	19.8	94.7	81.8	87.5	82.8	42.4	52.3	14.2	58.4	0	71.2	1.4	36.3	23.1	48.6	99.9	99.9	99.9	97.5	99.9	98.8	99.9	15.4	98.2	87.8	-15.8978	18.5146	120.658	-5.59768	11.3413	126.909	
0.8	19.8	19.8	94.7	81.8	87.5	82.8	42.4	52.3	14.2	58.4	0	71.2	1.4	36.3	23.1	48.6	99.9	99.9	99.9	97.5	99.9	98.8	99.9	15.4	98.2	87.8	-15.8978	18.5146	120.658	-5.59768	11.3413	126.909	
0.81	19.8	19.8	94.7	81.8	87.5	82.8	42.4	52.3	14.2	58.4	0	71.2	1.4	36.3	23.1	48.6	99.9	99.9	99.9	97.5	99.9	98.8	99.9	15.4	98.2	87.8	-15.8978	18.5146	120.658	-5.59768	11.3413	126.909	
0.82	19.8	19.8	94.7	81.8	87.5	82.8	42.4	52.3	14.2	58.4	0	71.2	1.4	36.3	23.1	48.6	99.9	99.9	99.9	97.5	99.9	98.8	99.9	15.4	98.2	87.8	-15.8978	18.5146	120.658	-5.59768	11.3413	126.909	
0.83	19.8	19.8	94.7	81.8	87.5	82.8	42.4	52.3	14.2	58.4	0	71.2	1.4	36.3	23.1	48.6	99.9	99.9	99.9	97.5	99.9	98.8	99.9	15.4	98.2	87.8	-15.8978	18.5146	120.658	-5.59768	11.3413	126.909	
0.84	19.8	19.8	94.7	81.8	87.5	82.8	42.4	52.3	14.2	58.4	0	71.2	1.4	36.3	23.1	48.6	99.9	99.9	99.9	97.5	99.9	98.8	99.9	15.4	98.2	87.8	-15.8978	18.5146	120.658	-5.59768	11.3413	126.909	
0.85	19.8	19.8	94.7	81.8	87.5	82.8	42.4	52.3	14.2	58.4	0	71.2	1.4	36.3	23.1	48.6	99.9	99.9	99.9	97.5	99.9	98.8	99.9	15.4	98.2	87.8	-15.8978	18.5146	120.658	-5.59768	11.3413	126.909	
0.86	19.8	19.8	94.7	81.8	87.5	82.8	42.4	52.3	14.2	58.4	0	71.2	1.4	36.3	23.1	48.6	99.9	99.9	99.9	97.5	99.9	98.8	99.9	15.4	98.2	87.8	-15.8978	18.5146	120.658	-5.59768	11.3413	126.909	
0.87	19.8	19.8	94.7	81.8	87.5	82.8	42.4	52.3	14.2	58.4	0	71.2	1.4	36.3	23.1	48.6	99.9	99.9	99.9	97.5	99.9	98.8	99.9	15.4	98.2	87.8	-15.8978	18.5146	120.658	-5.59768	11.3413	126.909	
0.88	19.8	19.8	94.7	81.8	87.5	82.8	42.4	52.3	14.2	58.4	0	71.2	1.4	36.3	23.1	48.6	99.9	99.9	99.9	97.5	99.9	98.8	99.9	15.4	98.2	87.8	-15.8978	18.5146	120.658	-5.59768	11.3413	126.909	
0.89	19.8	19.8	94.7	81.8	87.5	82.8	42.4	52.3	14.2	58.4	0	71.2	1.4	36.3	23.1	48.6	99.9	99.9	99.9	97.5	99.9	98.8	99.9	15.4	98.2	87.8	-15.8978	18.5146	120.658	-5.59768	11.3413	126.909	
0.9	19.8	19.8	94.7	81.8	87.5	82.8	42.4	52.3	14.2	58.4	0	71.2	1.4	36.3	23.1	48.6	99.9	99.9	99.9	97.5	99.9	98.8	99.9	15.4	98.2	87.8	-15.8978	18.5146	120.658	-5.59768	11.3413	126.909	
0.91	19.8	19.8	94.7	81.8	87.5	82.8	42.4	52.3	14.2	58.4	0	71.2	1.4	36.3	23.1	48.6	99.9	99.9	99.9	97.5	99.9	98.8	99.9	15.4	98.2	87.8	-15.8978	18.5146	120.658	-5.59768	11.3413	126.909	
0.92	19.8	19.8	94.7	81.8	87.5	82.8	42.4	52.3	14.2	58.4	0	71.2	1.4	36.3	23.1	48.6	99.9	99.9	99.9	97.5	99.9	98.8	99.9	15.4	98.2	87.8	-15.8978	18.5146	120.658	-5.59768	11.3413	126.909	
0.93	19.8	19.8	94.7	81.8	87.5	82.8	42.4	52.3	14.2	58.4	0	71.2	1.4	36.3	23.1	48.6	99.9	99.9	99.9	97.5	99.9	98.8	99.9	15.4	98.2	87.8	-15.8978	18.5146	120.658	-5.59768	11.3413	126.909	
0.94	19.8	19.8	94.7	81.8	87.5	82.8	42.4	52.3	14.2	58.4	0	71.2	1.4	36.3	23.1	48.6	99.9	99.9	99.9	97.5	99.9	98.8	99.9	15.4	98.2	87.8	-15.8978	18.5146	120.658	-5.59768	11.3413	126.909	
0.95	19.8	19.8	94.7	81.8	87.5	82.8	42.4	52.3	14.2	58.4	0	71.2	1.4	36.3	23.1	48.6	99.9	99.9	99.9	97.5	99.9	98.8	99.9	15.4	98.2	87.8	-15.8978	18.5146	120.658	-5.59768	11.3413	126.909	
0.96	19.8	19.8	94.7	81.8	87.5	82.8	42.4	52.3	14.2	58.4	0	71.2	1.4	36.3	23.1	48.6	99.9	99.9	99.9	97.5	99.9	98.8	99.9	15.4	98.2	87.8	-15.8978	18.5146	120.658	-5.59768	11.3413	126.909	
0.97	19.8	19.8	94.7	81.8	87.5	82.8	42.4	52.3	14.2	58.4	0	71.2	1.4	36.3	23.1	48.6	99.9	99.9	99.9	97.5	99.9	98.8	99.9	15.4	98.2	87.8	-15.8978	18.5146	120.658	-5.59768	11.3413	126.909	
0.98	19.8	19.8	94.7	81.8	87.5	82.8	42.4	52.3	14.2	58.4	0	71.2	1.4	36.3	23.1	48.6	99.9	99.9	99.9	97.5	99.9	98.8	99.9	15.4	98.2	87.8	-15.8978	18.5146	120.658	-5.59768	11.3413	126.909	
0.99	19.8	19.8	94.7	81.8	87.5	82.8	42.4	52.3	14.2	58.4	0	71.2	1.4	36.3	23.1	48.6	99.9	99.9	99.9	97.5	99.9	98.8	99.9	15.4	98.2	87.8	-15.8978	18.5146	120.658	-5.59768	11.3413	126.909	
1	19.8	19.8	94.7	81.8	87.5	82.8	42.4	52.3	14.2	58.4	0	71.2	1.4	36.3	23.1	48.6	99.9	99.9	99.9	97.5	99.9	98.8	99.9	15.4	98.2	87.8	-15.8978	18.5146	120.658	-5.59768	11.3413	126.909	
1.01	19.8	19.8	94.7	81.8	87.5	82.8	42.4	52.3	14.2	58.4	0	71.2	1.4	36.3	23.1	48.6	99.9	99.9	99.9	97.5	99.9	98.8	99.9	15.4	98.2	87.8	-15.8978	18.5146	120.658	-5.59768	11.3413	126.909	
1.02	19.8	19.8	94.7	81.8	87.5	82.8	42.4	52.3	14.2	58.4	0	71.2	1.4	36.3	23.1	48.6	99.9	99.9	99.9	97.5	99.9	98.8	99.9	15.4	98.2	87.8	-15.8978	18.5146	120.658	-5.59768	11.3413	126.909	
1.03	19.8	19.8	94.7	81.8	87.5	82.8	42.4	52.3	14.2	58.4	0	71.2	1.4	36.3	23.1	48.6	99.9	99.9	99.9	97.5	99.9	98.8	99.9	15.4	98.2	87.8	-15.8978	18.5146	120.658	-5.59768	11.3413	126.909	
1.04	19.8	19.8	94.7	81.8	87.5	82.8	42.4	52.3	14.2	58.4	0	71.2	1.4	36.3	23.1	48.6	99.9	99.9	99.9	97.5	99.9	98.8	99.9	15.4	98.2	87.8	-15.8978	18.5146	120.658	-5.59768	11.3413	126.909	
1.05	19.7	18.8	94.2	81.5	87.1	82.7	42.4	52	14.1	57.2	0	71.2	1.3	36.25	22.9	48.7	100	99.9	99.9	97.6	99.9	98.8	99.6	16	97	89.5	-15.4208	18.086	120.817	-5.49376	11.3001	126.932	
1.06	19.7	18.8	94.2	81.5	87.1	82.7	42.4	52	14.1	57.2	0	71.2	1.3	36.25	22.9	48.7	100	99.9	99.9	97.6	99.9	98.8	99.6	16	97	89.5	-15.4208	18.086	120.817	-5.49376	11.3001	126.932	
1.07	19.7	18.8	94.2	81.5	87.1	82.7	42.4	52	14.1	57.2	0	71.2	1.3	36.25	22.9	48.7	100	99.9	99.9	97.6	99.9	98.8	99.6	16	97	89.5	-15.4208	18.086	120.817	-5.49376	11.3001	126.932	
1.08	19.7	18.8	94.2	81.5	87.1	82.7	42.4	52	14.1	57.2	0	71.2	1.3	36.25	22.9	48.7	100	99.9	99.9	97.6	99.9	98.8	99.6	16	97	89.5	-15.4208	18.086	120.817	-5.49376	11.3001	126.932	
1.09	19.7	18.8	94.2	81.5	87.1	82.7	42.4	52	14.1	57.2	0	71.2	1.3	36.25	22.9	48.7	100	99.9	99.9	97.6	99.9	98.8	99.6	16	97	89.5	-15.4208	18.086	120.817	-5.49376	11.3001	126.932	
1.1	19.7	18.8	94.2	81.5	87.1	82.7	42.4	52	14.1	57.2	0	71.2	1.3	36.25	22.9	48.7	100	99.9	99.9	97.6	99.9	98.8	99.6	16	97	89.5	-15.4208	18.086	120.817	-5.49376	11.3001	126.932	
1.11	19.7	18.8	94.2	81.5	87.1	82.7	42.4	52	14.1	57.2	0	71.2	1.3	36.25	22.9	48.7	100	99.9	99.9	97.6	99.9	98.8	99.6	16	97	89.5	-15.4208	18.086	120.817	-5.49376	11.3001	126.932	
1.12	19.7	18.8	94.2	81.5	87.1	82.7	42.4	52	14.1	57.2	0	71.2	1.3	36.25	22.9	48.7	100	99.9	99.9	97.6	99.9	98.8	99.6	16	97	89.5	-15.4208	18.086	120.817	-5.49376	11.3001	126.932	
1.13	19.7	18.8	94.2	81.5	87.1	82.7	42.4	52	14.1	57.2	0	71.2	1.3	36.25	22.9	48.7	100	99.9	99.9	97.6	99.9	98.8	99.6	16	97	89.5	-15.4208	18.086	120.817	-5.49376	11.3001	126.932	
1.14	19.7	18.8	94.2	81.5	87.1	82.7	42.4	52	14.1	57.2	0	71.2	1.3	36.25	22.9	48.7	100	99.9	99.9	97.6	99.9	98.8	99.6	16	97	89.5	-15.4208	18.086	120.817	-5.49376	11.3001	126.932	
1.15	19.7	18.8	94.2	81.5	87.1	82.7	42.4	52	14.1	57.2	0	71.2	1.3	36.25	22.9	48.7	100	99.9	99.9	97.6	99.9	98.8	99.6	16	97	89.5	-15.4208	18.086	120.817	-5.49376	11.3001	126.932	
1.16	19.7	18.8	94.2	81.5	87.1	82.7	42.4	52	14.1	57.2	0	71.2	1.3	36.25	22.9	48.7	100	99.9	99.9	97.6	99.9	98.8	99.6	16	97	89.5	-15.4208	18.086	120.817	-5.49376	11.3001	126.932	
1.17	19.7	18.8	94.2	81.5	87.1	82.7	42.4	52	14.1	57.2	0	71.2	1.3	36.25	22.9	48.7	100	99.9	99.9	97.6	99.9	98.8	99.6	16	97	89.5	-15.4208	18.086	120.817	-5.49376	11.3001	126.932	
1.18	19.7	18.8	94.2	81.5	87.1	82.7	42.4	52	14.1	57.2	0	71.2	1.3	36.25	22.9	48.7	100	99.9	99.9	97.6	99.9	98.8	99.6	16	97	89.5	-15.4208	18.086	120.817	-5.49376	11.3001	126.932	
1.19	19.7	18.8	94.2	81.5	87.1	82.7	42.4	52	14.1	57.2	0	71.2	1.3	36.25	22.9	48.7	100	99.9	99.9	97.6	99.9	98.8	99.6	16	97	89.5	-15.4208	18.086	120.817	-5.49376	11.3001	126.932	
1.2	19.7	18.8	94.2	81.5	87.1	82.7	42.4	52	14.1	57.2	0	71.2	1.3	36.25	22.9	48.7	100	99.9	99.9	97.6	99.9	98.8	99.6	16	97	89.5	-15.4208	18.086	120.817	-5.49376	11.3001	126.932	
1.21	19.7	18.8	94.2	81.5	87.1	82.7	42.4	52	14.1	57.2	0	71.2	1.3	36.25	22.9	48.7	100	99.9	99.9	97.6	99.9	98.8	99.6	16	97	89.5	-15.4208	18.086	120.817	-5.49376	11.3001	126.932	
1.22	19.7	18.8	94.2	81.5	87.1	82.7	42.4	52	14.1	57.2	0	71.2	1.3	36.25	22.9	48.7	100	99.9	99.9	97.6	99.9	98.8	99.6	16	97	89.5	-15.4208	18.086	120.817	-5.49376	11.3001	126.932	
1.23	19.7	18.8	94.2	81.5	87.1	82.7	42.4	52	14.1	57.2	0	71.2	1.3	36.25	22.9	48.7	100	99.9	99.9	97.6	99.9	98.8	99.6	16	97	89.5	-15.4208	18.086	120.817	-5.49376	11.3001	126.932	
1.24	19.7	18.8	94.2	81.5	87.1	82.7	42.4	52	14.1	57.2	0	71.2	1.3	36.25	22.9	48.7	100	99.9	99.9	97.6	99.9	98.8	99.6	16	97	89.5	-15.4208	18.086	120.817	-5.49376	11.3001	126.932	
1.25	19.7	18.8	94.2	81.5	87.1	82.7	42.4	52	14.1	57.2	0	71.2	1.3	36.25	22.9	48.7	100	99.9	99.9	97.6	99.9	98.8	99.6	16	97	89.5	-15.4208	18.086	120.817	-5.49376	11.3001	126.932	
1.26	19.7	18.8	94.2	81.5	87.1	82.7	42.4	52	14.1	57.2	0	71.2	1.3	36.25	22.9	48.7	100	99.9	99.9	97.6	99.9	98.8	99.6	16	97	89.5	-15.4208	18.086	120.817	-5.49376	11.3001	126.932	
1.27	19.7	18.8	94.2	81.5	87.1	82.7	42.4	52	14.1	57.2	0	71.2	1.3	36.25	22.9	48.7	100	99.9	99.9	97.6	99.9	98.8	99.6	16	97	89.5	-15.4208	18.086	120.817	-5.49376	11.3001	126.932	
1.28	19.7	18.8	94.2	81.5	87.1	82.7	42.4	52	14.1	57.2	0	71.2	1.3	36.25	22.9	48.7	100	99.9	99.9	97.6	99.9	98.8	99.6	16	97	89.5	-15.4208	18.086	120.817	-5.49376	11.3001	126.932	
1.29	19.7	18.8	94.2	81.5	87.1	82.7	42.4	52	14.1	57.2	0	71.2	1.3	36.25	22.9	48.7	100	99.9	99.9	97.6	99.9	98.8	99.6	16	97	89.5	-15.4208	18.086	120.817	-5.49376	11.3001	126.932	
1.3	19.7	18.8	94.2	81.5	87.1	82.7	42.4	52	14.1	57.2	0	71.2	1.3	36.25	22.9	48.7	100	99.9	99.9	97.6	99.9	98.8	99.6	16	97	89.5	-15.4208	18.086	120.817	-5.49376	11.3001	126.932	
1.31	19.7	18.8	94.2	81.5	87.1	82.7	42.4	52	14.1	57.2	0	71.2	1.3	36.25	22.9	48.7	100	99.9	99.9	97.6	99.9	98.8	99.6	16	97	89.5	-15.4208	18.086	120.817	-5.49376	11.3001	126.932	
1.32	19.7	18.8	94.2	81.5	87.1	82.7	42.4	52	14.1	57.2	0	71.2	1.3	36.25	22.9	48.7	100	99.9	99.9	97.6	99.9	98.8	99.6	16	97	89.5	-15.4208	18.086	120.817	-5.49376	11.3001	126.932	
1.33	19.7	18.8	94.2	81.5	87.1	82.7	42.4	52	14.1	57.2	0	71.2	1.3	36.25	22.9	48.7	100	99.9	99.9	97.6	99.9	98.8	99.6	16	97	89.5	-15.4208	18.086	120.817	-5.49376	11.3001	126.932	
1.34	19.7	18.8	94.2	81.5	87.1	82.7	42.4	52	14.1	57.2	0	71.2	1.3	36.25	22.9	48.7	100	99.9	99.9	97.6	99.9	98.8	99.6	16	97	89.5	-15.4208	18.086	120.817	-5.49376	11.3001	126.932	
1.35	19.7	18.8	94.2	81.5	87.1	82.7	42.4	52	14.1	57.2	0	71.2	1.3	36.25	22.9	48.7	100	99.9	99.9	97.6	99.9	98.8	99.6	16	97	89.5	-15.4208	18.086	120.817	-5.49376	11.3001	126.932	
1.36	19.7	18.8	94.2	81.5	87.1	82.7	42.4	52	14.1	57.2	0	71.2	1.3	36.25	22.9	48.7	100	99.9	99.9	97.6	99.9	98.8	99.6	16	97	89.5	-15.4208	18.086	120.817	-5.49376	11.3001	126.932	
1.37	19.7	18.8	94.2	81.5	87.1	82.7	42.4	52	14.1	57.2	0	71.2	1.3	36.25	22.9	48.7	100	99.9	99.9	97.6	99.9	98.8	99.6	16	97	89.5	-15.4208	18.086	120.817	-5.49376	11.3001	126.932	
1.38	19.7	18.8	94.2	81.5	87.1	82.7	42.4	52	14.1	57.2	0	71.2	1.3	36.25	22.9	48.7	100	99.9	99.9	97.6	99.9	98.8	99.6	16	97	89.5	-15.4208	18.086	120.817	-5.49376	11.3001	126.932	
1.39	19.7	18.8	94.2	81.5	87.1	82.7	42.4	52	14.1	57.2	0	71.2	1.3	36.25	22.9	48.7	100	99.9	99.9	97.6	99.9	98.8	99.6	16	97	89.5	-15.4208	18.086	120.817	-5.49376	11.3001	126.932	
1.4	19.7	18.8	94.2	81.5	87.1	82.7	42.4	52	14.1	57.2	0	71.2	1.3	36.25	22.9	48.7	100	99.9	99.9	97.6	99.9	98.8	99.6	16	97	89.5	-15.4208	18.086	120.817	-5.49376	11.3001	126.932	
1.41	19.7	18.8	94.2	81.5	87.1	82.7	42.4	52	14.1	57.2	0	71.2	1.3	36.25	22.9	48.7	100	99.9	99.9	97.6	99.9	98.8	99.6	16	97	89.5	-15.4208	18.086	120.817	-5.49376	11.3001	126.932	
1.42	19.2	17.9	93.1	81.3	86.9	82.4	42.4	51.2	13.6	56.6	0	71.5	1.3	36.4	23.1	49	100	99.9	99.9	97.3	99.9	98.9	99.9	17.4	98.1	88.3	-15.4775	18.2795	120.633	-4.75575	11.3031	126.98	
1.43	19.2	17.9	93.1	81.3	86.9	82.4	42.4	51.2	13.6	56.6	0	71.5	1.3	36.4	23.1	49	100	99.9	99.9	97.3	99.9	98.9	99.9	17.4	98.1	88.3	-15.4775	18.2795	120.633	-4.75575	11.3031	126.98	
1.44	19.2	17.9	93.1	81.3	86.9	82.4	42.4	51.2	13.6	56.6	0	71.5	1.3	36.4	23.1	49	100	99.9	99.9	97.3	99.9	98.9	99.9	17.4	98.1	88.3	-15.4775	18.2795	120.633	-4.75575	11.3031	126.98	
1.45	19.2	17.9	93.1	81.3	86.9	82.4	42.4	51.2	13.6	56.6	0	71.5	1.3	36.4	23.1	49	100	99.9	99.9	97.3	99.9	98.9	99.9	17.4	98.1	88.3	-15.4775	18.2795	120.633	-4.75575	11.3031	126.98	
1.46	19.2	17.9	93.1	81.3	86.9	82.4	42.4	51.2	13.6	56.6	0	71.5	1.3	36.4	23.1	49	100	99.9	99.9	97.3	99.9	98.9	99.9	17.4	98.1	88.3	-15.4775	18.2795	120.633	-4.75575	11.3031	126.98	
1.47	19.2	17.9	93.1	81.3	86.9	82.4	42.4	51.2	13.6	56.6	0	71.5	1.3	36.4	23.1	49	100	99.9	99.9	97.3	99.9	98.9	99.9	17.4	98.1	88.3	-15.4775	18.2795	120.633	-4.75575	11.3031	126.98	
1.48	19.2	17.9	93.1	81.3	86.9	82.4	42.4	51.2	13.6	56.6	0	71.5	1.3	36.4	23.1	49	100	99.9	99.9	97.3	99.9	98.9	99.9	17.4	98.1	88.3	-15.4775	18.2795	120.633	-4.75575	11.3031	126.98	
1.49	19.2	17.9	93.1	81.3	86.9	82.4	42.4	51.2	13.6	56.6	0	71.5	1.3	36.4	23.1	49	100	99.9	99.9	97.3	99.9	98.9	99.9	17.4	98.1	88.3	-15.4775	18.2795	120.633	-4.75575	11.3031	126.98	
1.5	19.2	17.9	93.1	81.3	86.9	82.4	42.4	51.2	13.6	56.6	0	71.5	1.3	36.4	23.1	49	100	99.9	99.9	97.3	99.9	98.9	99.9	17.4	98.1	88.3	-15.4775	18.2795	120.633	-4.75575	11.3031	126.98	
1.51	19.2	17.9	93.1	81.3	86.9	82.4	42.4	51.2	13.6	56.6	0	71.5	1.3	36.4	23.1	49	100	99.9	99.9	97.3	99.9	98.9	99.9	17.4	98.1	88.3	-15.4775	18.2795	120.633	-4.75575	11.3031	126.98	
1.52	19.2	17.9	93.1	81.3	86.9	82.4	42.4	51.2	13.6	56.6	0	71.5	1.3	36.4	23.1	49	100	99.9	99.9	97.3	99.9	98.9	99.9	17.4	98.1	88.3	-15.4775	18.2795	120.633	-4.75575	11.3031	126.98	
1.53	19.2	17.9	93.1	81.3	86.9	82.4	42.4	51.2	13.6	56.6	0	71.5	1.3	36.4	23.1	49	100	99.9	99.9	97.3	99.9	98.9	99.9	17.4	98.1	88.3	-15.4775	18.2795	120.633	-4.75575	11.3031	126.98	
1.54	19.2	17.9	93.1	81.3	86.9	82.4	42.4	51.2	13.6	56.6	0	71.5	1.3	36.4	23.1	49	100	99.9	99.9	97.3	99.9	98.9	99.9	17.4	98.1	88.3	-15.4775	18.2795	120.633	-4.75575	11.3031	126.98	
1.55	19.2	17.9	93.1	81.3	86.9	82.4	42.4	51.2	13.6	56.6	0	71.5	1.3	36.4	23.1	49	100	99.9	99.9	97.3	99.9	98.9	99.9	17.4	98.1	88.3	-15.4775	18.2795	120.633	-4.75575	11.3031	126.98	
1.56	19.2	17.9	93.1	81.3	86.9	82.4	42.4	51.2	13.6	56.6	0	71.5	1.3	36.4	23.1	49	100	99.9	99.9	97.3	99.9	98.9	99.9	17.4	98.1	88.3	-15.4775	18.2795	120.633	-4.75575	11.3031	126.98	
1.57	19.2	17.9	93.1	81.3	86.9	82.4	42.4	51.2	13.6	56.6	0	71.5	1.3	36.4	23.1	49	100	99.9	99.9	97.3	99.9	98.9	99.9	17.4	98.1	88.3	-15.4775	18.2795	120.633	-4.75575	11.3031	126.98	
1.58	19.2	17.9	93.1	81.3	86.9	82.4	42.4	51.2	13.6	56.6	0	71.5	1.3	36.4	23.1	49	100	99.9	99.9	97.3	99.9	98.9	99.9	17.4	98.1	88.3	-15.4775	18.2795	120.633	-4.75575	11.3031	126.98	
1.59	19.2	17.9	93.1	81.3	86.9	82.4	42.4	51.2	13.6	56.6	0	71.5	1.3	36.4	23.1	49	100	99.9	99.9	97.3	99.9	98.9	99.9	17.4	98.1	88.3	-15.4775	18.2795	120.633	-4.75575	11.3031	126.98	
1.6	19.2	17.9	93.1	81.3	86.9	82.4	42.4	51.2	13.6	56.6	0	71.5	1.3	36.4	23.1	49	100	99.9	99.9	97.3	99.9	98.9	99.9	17.4	98.1	88.3	-15.4775	18.2795	120.633	-4.75575	11.3031	126.98	
1.61	19.2	17.9	93.1	81.3	86.9	82.4	42.4	51.2	13.6	56.6	0	71.5	1.3	36.4	23.1	49	100	99.9	99.9	97.3	99.9	98.9	99.9	17.4	98.1	88.3	-15.4775	18.2795	120.633	-4.75575	11.3031	126.98	
1.62	19.2	17.9	93.1	81.3	86.9	82.4	42.4	51.2	13.6	56.6	0	71.5	1.3	36.4	23.1	49	100	99.9	99.9	97.3	99.9	98.9	99.9	17.4	98.1	88.3	-15.4775	18.2795	120.633	-4.75575	11.3031	126.98	
1.63	19.2	17.9	93.1	81.3	86.9	82.4	42.4	51.2	13.6	56.6	0	71.5	1.3	36.4	23.1	49	100	99.9	99.9	97.3	99.9	98.9	99.9	17.4	98.1	88.3	-15.4775	18.2795	120.633	-4.75575	11.3031	126.98	
1.64	19.2	17.9	93.1	81.3	86.9	82.4	42.4	51.2	13.6	56.6	0	71.5	1.3	36.4	23.1	49	100	99.9	99.9	97.3	99.9	98.9	99.9	17.4	98.1	88.3	-15.4775	18.2795	120.633	-4.75575	11.3031	126.98	
1.65	19.2	17.9	93.1	81.3	86.9	82.4	42.4	51.2	13.6	56.6	0	71.5	1.3	36.4	23.1	49	100	99.9	99.9	97.3	99.9	98.9	99.9	17.4	98.1	88.3	-15.4775	18.2795	120.633	-4.75575	11.3031	126.98	
1.66	19.2	17.9	93.1	81.3	86.9	82.4	42.4	51.2	13.6	56.6	0	71.5	1.3	36.4	23.1	49	100	99.9	99.9	97.3	99.9	98.9	99.9	17.4	98.1	88.3	-15.4775	18.2795	120.633	-4.75575	11.3031	126.98	
1.67	19.2	17.9	93.1	81.3	86.9	82.4	42.4	51.2	13.6	56.6	0	71.5	1.3	36.4	23.1	49	100	99.9	99.9	97.3	99.9	98.9	99.9	17.4	98.1	88.3	-15.4775	18.2795	120.633	-4.75575	11.3031	126.98	
1.68	19.2	17.9	93.1	81.3	86.9	82.4	42.4	51.2	13.6	56.6	0	71.5	1.3	36.4	23.1	49	100	99.9	99.9	97.3	99.9	98.9	99.9	17.4	98.1	88.3	-15.4775	18.2795	120.633	-4.75575	11.3031	126.98	
1.69	19.2	17.9	93.1	81.3	86.9	82.4	42.4	51.2	13.6	56.6	0	71.5	1.3	36.4	23.1	49	100	99.9	99.9	97.3	99.9	98.9	99.9	17.4	98.1	88.3	-15.4775	18.2795	120.633	-4.75575	11.3031	126.98	
1.7	19.2	17.9	93.1	81.3	86.9	82.4	42.4	51.2	13.6	56.6	0	71.5	1.3	36.4	23.1	49	100	99.9	99.9	97.3	99.9	98.9	99.9	17.4	98.1	88.3	-15.4775	18.2795	120.633	-4.75575	11.3031	126.98	
1.71	19.2	17.9	93.1	81.3	86.9	82.4	42.4	51.2	13.6	56.6	0	71.5	1.3	36.4	23.1	49	100	99.9	99.9	97.3	99.9	98.9	99.9	17.4	98.1	88.3	-15.4775	18.2795	120.633	-4.75575	11.3031	126.98	
1.72	19.2	17.9	93.1	81.3	86.9	82.4	42.4	51.2	13.6	56.6	0	71.5	1.3	36.4	23.1	49	100	99.9	99.9	97.3	99.9	98.9	99.9	17.4	98.1	88.3	-15.4775	18.2795	120.633	-4.75575	11.3031	126.98	
1.73	19.2	17.9	93.1	81.3	86.9	82.4	42.4	51.2	13.6	56.6	0	71.5	1.3	36.4	23.1	49	100	99.9	99.9	97.3	99.9	98.9	99.9	17.4	98.1	88.3	-15.4775	18.2795	120.633	-4.75575	11.3031	126.98	
1.74	19.2	17.9	93.1	81.3	86.9	82.4	42.4	51.2	13.6	56.6	0	71.5	1.3	36.4	23.1	49	100	99.9	99.9	97.3	99.9	98.9	99.9	17.4	98.1	88.3	-15.4775	18.2795	120.633	-4.75575	11.3031	126.98	
1.75	19.2	17.9	93.1	81.3	86.9	82.4	42.4	51.2	13.6	56.6	0	71.5	1.3	36.4	23.1	49	100	99.9	99.9	97.3	99.9	98.9	99.9	17.4	98.1	88.3	-15.4775	18.2795	120.633	-4.75575	11.3031	126.98	
1.76	19.2	17.9	93.1	81.3	86.9	82.4	42.4	51.2	13.6	56.6	0	71.5	1.3	36.4	23.1	49	100	99.9	99.9	97.3	99.9	98.9	99.9	17.4	98.1	88.3	-15.4775	18.2795	120.633	-4.75575	11.3031	126.98	
1.77	19.2	17.9	93.1	81.3	86.9	82.4	42.4	51.2	13.6	56.6	0	71.5	1.3	36.4	23.1	49	100	99.9	99.9	97.3	99.9	98.9	99.9	17.4	98.1	88.3	-15.4775	18.2795	120.633	-4.75575	11.3031	126.98	
1.78	19.3	17.9	93.5	81.2	86.8	82.3	42.3	51.2	13.8	56.8	0	71.3	1.2	36.25	22.9	48.5	99.9	99.9	99.9	97.7	99.9	97.6	99.5	17.5	98.2	87.4	-15.7162	18.1421	120.486	-5.71397	11.3841	126.809	
1.79	18.9	18.4	93.3	80.8	86.7	82.2	41.8	51.4	13.8	57.3	0	71.2	1.3	36.25	22.9	48.7	100	99.9	99.9	97.8	99.9	97.9	99.9	17.7	99.4	87.5	-16.1975	18.0948	120.27	-6.06767	11.1036	126.757	
1.8	18.9	18.4	93.3	80.8	86.7	82.2	41.8	51.4	13.8	57.3	0	71.2	1.3	36.25	22.9	48.7	100	99.9	99.9	97.8	99.9	97.9	99.9	17.7	99.4	87.5	-16.1975	18.0948	120.27	-6.06767	11.1036	126.757	
1.81	18.9	18.4	93.3	80.8	86.7	82.2	41.8	51.4	13.8	57.3	0	71.2	1.3	36.25	22.9	48.7	100	99.9	99.9	97.8	99.9	97.9	99.9	17.7	99.4	87.5	-16.1975	18.0948	120.27	-6.06767	11.1036	126.757	
1.82	18.9	18.4	93.3	80.8	86.7	82.2	41.8	51.4	13.8	57.3	0	71.2	1.3	36.25	22.9	48.7	100	99.9	99.9	97.8	99.9	97.9	99.9	17.7	99.4	87.5	-16.1975	18.0948	120.27	-6.06767	11.1036	126.757	
1.83	18.9	18.4	93.3	80.8	86.7	82.2	41.8	51.4	13.8	57.3	0	71.2	1.3	36.25	22.9	48.7	100	99.9	99.9	97.8	99.9	97.9	99.9	17.7	99.4	87.5	-16.1975	18.0948	120.27	-6.06767	11.1036	126.757	
1.84	18.9	18.4	93.3	80.8	86.7	82.2	41.8	51.4	13.8	57.3	0	71.2	1.3	36.25	22.9	48.7	100	99.9	99.9	97.8	99.9	97.9	99.9	17.7	99.4	87.5	-16.1975	18.0948	120.27	-6.06767	11.1036	126.757	
1.85	18.9	18.4	93.3	80.8	86.7	82.2	41.8	51.4	13.8	57.3	0	71.2	1.3	36.25	22.9	48.7	100	99.9	99.9	97.8	99.9	97.9	99.9	17.7	99.4	87.5	-16.1975	18.0948	120.27	-6.06767	11.1036	126.757	
1.86	18.9	18.4	93.3	80.8	86.7	82.2	41.8	51.4	13.8	57.3	0	71.2	1.3	36.25	22.9	48.7	100	99.9	99.9	97.8	99.9	97.9	99.9	17.7	99.4	87.5	-16.1975	18.0948	120.27	-6.06767	11.1036	126.757	
1.87	18.9	18.4	93.3	80.8	86.7	82.2	41.8	51.4	13.8	57.3	0	71.2	1.3	36.25	22.9	48.7	100	99.9	99.9	97.8	99.9	97.9	99.9	17.7	99.4	87.5	-16.1975	18.0948	120.27	-6.06767	11.1036	126.757	
1.88	18.9	18.4	93.3	80.8	86.7	82.2	41.8	51.4	13.8	57.3	0	71.2	1.3	36.25	22.9	48.7	100	99.9	99.9	97.8	99.9	97.9	99.9	17.7	99.4	87.5	-16.1975	18.0948	120.27	-6.06767	11.1036	126.757	
1.89	18.9	18.4	93.3	80.8	86.7	82.2	41.8	51.4	13.8	57.3	0	71.2	1.3	36.25	22.9	48.7	100	99.9	99.9	97.8	99.9	97.9	99.9	17.7	99.4	87.5	-16.1975	18.0948	120.27	-6.06767	11.1036	126.757	
1.9	18.9	18.4	93.3	80.8	86.7	82.2	41.8	51.4	13.8	57.3	0	71.2	1.3	36.25	22.9	48.7	100	99.9	99.9	97.8	99.9	97.9	99.9	17.7	99.4	87.5	-16.1975	18.0948	120.27	-6.06767	11.1036	126.757	
1.91	18.9	18.4	93.3	80.8	86.7	82.2	41.8	51.4	13.8	57.3	0	71.2	1.3	36.25	22.9	48.7	100	99.9	99.9	97.8	99.9	97.9	99.9	17.7	99.4	87.5	-16.1975	18.0948	120.27	-6.06767	11.1036	126.757	
1.92	18.9	18.4	93.3	80.8	86.7	82.2	41.8	51.4	13.8	57.3	0	71.2	1.3	36.25	22.9	48.7	100	99.9	99.9	97.8	99.9	97.9	99.9	17.7	99.4	87.5	-16.1975	18.0948	120.27	-6.06767	11.1036	126.757	
1.93	18.9	18.4	93.3	80.8	86.7	82.2	41.8	51.4	13.8	57.3	0	71.2	1.3	36.25	22.9	48.7	100	99.9	99.9	97.8	99.9	97.9	99.9	17.7	99.4	87.5	-16.1975	18.0948	120.27	-6.06767	11.1036	126.757	
1.94	18.9	18.4	93.3	80.8	86.7	82.2	41.8	51.4	13.8	57.3	0	71.2	1.3	36.25	22.9	48.7	100	99.9	99.9	97.8	99.9	97.9	99.9	17.7	99.4	87.5	-16.1975	18.0948	120.27	-6.06767	11.1036	126.757	
1.95	18.9	18.4	93.3	80.8	86.7	82.2	41.8	51.4	13.8	57.3	0	71.2	1.3	36.25	22.9	48.7	100	99.9	99.9	97.8	99.9	97.9	99.9	17.7	99.4	87.5	-16.1975	18.0948	120.27	-6.06767	11.1036	126.757	
1.96	18.9	18.4	93.3	80.8	86.7	82.2	41.8	51.4	13.8	57.3	0	71.2	1.3	36.25	22.9	48.7	100	99.9	99.9	97.8	99.9	97.9	99.9	17.7	99.4	87.5	-16.1975	18.0948	120.27	-6.06767	11.1036	126.757	
1.97	18.9	18.4	93.3	80.8	86.7	82.2	41.8	51.4	13.8	57.3	0	71.2	1.3	36.25	22.9	48.7	100	99.9	99.9	97.8	99.9	97.9	99.9	17.7	99.4	87.5	-16.1975	18.0948	120.27	-6.06767	11.1036	126.757	
1.98	18.9	18.4	93.3	80.8	86.7	82.2	41.8	51.4	13.8	57.3	0	71.2	1.3	36.25	22.9	48.7	100	99.9	99.9	97.8	99.9	97.9	99.9	17.7	99.4	87.5	-16.1975	18.0948	120.27	-6.06767	11.1036	126.757	
1.99	18.9	18.4	93.3	80.8	86.7	82.2	41.8	51.4	13.8	57.3	0	71.2	1.3	36.25	22.9	48.7	100	99.9	99.9	97.8	99.9	97.9	99.9	17.7	99.4	87.5	-16.1975	18.0948	120.27	-6.06767	11.1036	126.757	
2	18.9	18.4	93.3	80.8	86.7	82.2	41.8	51.4	13.8	57.3	0	71.2	1.3	36.25	22.9	48.7	100	99.9	99.9	97.8	99.9	97.9	99.9	17.7	99.4	87.5	-16.1975	18.0948	120.27	-6.06767	11.1036	126.757	
2.01	18.9	18.4	93.3	80.8	86.7	82.2	41.8	51.4	13.8	57.3	0	71.2	1.3	36.25	22.9	48.7	100	99.9	99.9	97.8	99.9	97.9	99.9	17.7	99.4	87.5	-16.1975	18.0948	120.27	-6.06767	11.1036	126.757	
2.02	18.9	18.4	93.3	80.8	86.7	82.2	41.8	51.4	13.8	57.3	0	71.2	1.3	36.25	22.9	48.7	100	99.9	99.9	97.8	99.9	97.9	99.9	17.7	99.4	87.5	-16.1975	18.0948	120.27	-6.06767	11.1036	126.757	
2.03	18.9	18.4	93.3	80.8	86.7	82.2	41.8	51.4	13.8	57.3	0	71.2	1.3	36.25	22.9	48.7	100	99.9	99.9	97.8	99.9	97.9	99.9	17.7	99.4	87.5	-16.1975	18.0948	120.27	-6.06767	11.1036	126.757	
2.04	18.9	18.4	93.3	80.8	86.7	82.2	41.8	51.4	13.8	57.3	0	71.2	1.3	36.25	22.9	48.7	100	99.9	99.9	97.8	99.9	97.9	99.9	17.7	99.4	87.5	-16.1975	18.0948	120.27	-6.06767	11.1036	126.757	
2.05	18.9	18.4	93.3	80.8	86.7	82.2	41.8	51.4	13.8	57.3	0	71.2	1.3	36.25	22.9	48.7	100	99.9	99.9	97.8	99.9	97.9	99.9	17.7	99.4	87.5	-16.1975	18.0948	120.27	-6.06767	11.1036	126.757	
2.06	18.9	18.4	93.3	80.8	86.7	82.2	41.8	51.4	13.8	57.3	0	71.2	1.3	36.25	22.9	48.7	100	99.9	99.9	97.8	99.9	97.9	99.9	17.7	99.4	87.5	-16.1975	18.0948	120.27	-6.06767	11.1036	126.757	
2.07	18.9	18.4	93.3	80.8	86.7	82.2	41.8	51.4	13.8	57.3	0	71.2	1.3	36.25	22.9	48.7	100	99.9	99.9	97.8	99.9	97.9	99.9	17.7	99.4	87.5	-16.1975	18.0948	120.27	-6.06767	11.1036	126.757	
2.08	18.9	18.4	93.3	80.8	86.7	82.2	41.8	51.4	13.8	57.3	0	71.2	1.3	36.25	22.9	48.7	100	99.9	99.9	97.8	99.9	97.9	99.9	17.7	99.4	87.5	-16.1975	18.0948	120.27	-6.06767	11.1036	126.757	
2.09	18.9	18.4	93.3	80.8	86.7	82.2	41.8	51.4	13.8	57.3	0	71.2	1.3	36.25	22.9	48.7	100	99.9	99.9	97.8	99.9	97.9	99.9	17.7	99.4	87.5	-16.1975	18.0948	120.27	-6.06767	11.1036	126.757	
2.1	18.9	18.4	93.3	80.8	86.7	82.2	41.8	51.4	13.8	57.3	0	71.2	1.3	36.25	22.9	48.7	100	99.9	99.9	97.8	99.9	97.9	99.9	17.7	99.4	87.5	-16.1975	18.0948	120.27	-6.06767	11.1036	126.757	
2.11	18.9	18.4	93.3	80.8	86.7	82.2	41.8	51.4	13.8	57.3	0	71.2	1.3	36.25	22.9	48.7	100	99.9	99.9	97.8	99.9	97.9	99.9	17.7	99.4	87.5	-16.1975	18.0948	120.27	-6.06767	11.1036	126.757	
2.12	18.9	18.4	93.3	80.8	86.7	82.2	41.8	51.4	13.8	57.3	0	71.2	1.3	36.25	22.9	48.7	100	99.9	99.9	97.8	99.9	97.9	99.9	17.7	99.4	87.5	-16.1975	18.0948	120.27	-6.06767	11.1036	126.757	
2.13	18.9	18.4	93.3	80.8	86.7	82.2	41.8	51.4	13.8	57.3	0	71.2	1.3	36.25	22.9	48.7	100	99.9	99.9	97.8	99.9	97.9	99.9	17.7	99.4	87.5	-16.1975	18.0948	120.27	-6.06767	11.1036	126.757	
2.14	18.9	18.4	93.3	80.8	86.7	82.2	41.8	51.4	13.8	57.3	0	71.2	1.3	36.25	22.9	48.7	100	99.9	99.9	97.8	99.9	97.9	99.9	17.7	99.4	87.5	-16.1975	18.0948	120.27	-6.06767	11.1036	126.757	
2.15	18.7	18.5	93.2	80.8	86.8	81.9	41.5	51.3	13.9	57.2	0	71.1	1.1	36.1	22.9	48.5	100	99.9	99.9	97.6	99.9	98.4	99.9	17.9	98.1	85.7	-16.1642	18.1195	120.308	-5.67645	11.2489	126.832	
2.16	18.6	18.1	92.8	80.6	86.7	81.9	41	51.2	13.8	56.6	0	71.1	1.5	36.3	22.9	48.7	100	99.9	99.9	98.6	99.9	98.8	99.9	17.5	96.8	87.8	-16.0412	18.0963	120.228	-5.94595	11.3517	126.833	
2.17	18.6	18.1	92.8	80.6	86.7	81.9	41	51.2	13.8	56.6	0	71.1	1.5	36.3	22.9	48.7	100	99.9	99.9	98.6	99.9	98.8	99.9	17.5	96.8	87.8	-16.0412	18.0963	120.228	-5.94595	11.3517	126.833	
2.18	18.6	18.1	92.8	80.6	86.7	81.9	41	51.2	13.8	56.6	0	71.1	1.5	36.3	22.9	48.7	100	99.9	99.9	98.6	99.9	98.8	99.9	17.5	96.8	87.8	-16.0412	18.0963	120.228	-5.94595	11.3517	126.833	
2.19	18.6	18.1	92.8	80.6	86.7	81.9	41	51.2	13.8	56.6	0	71.1	1.5	36.3	22.9	48.7	100	99.9	99.9	98.6	99.9	98.8	99.9	17.5	96.8	87.8	-16.0412	18.0963	120.228	-5.94595	11.3517	126.833	
2.2	18.6	18.1	92.8	80.6	86.7	81.9	41	51.2	13.8	56.6	0	71.1	1.5	36.3	22.9	48.7	100	99.9	99.9	98.6	99.9	98.8	99.9	17.5	96.8	87.8	-16.0412	18.0963	120.228	-5.94595	11.3517	126.833	
2.21	18.6	18.1	92.8	80.6	86.7	81.9	41	51.2	13.8	56.6	0	71.1	1.5	36.3	22.9	48.7	100	99.9	99.9	98.6	99.9	98.8	99.9	17.5	96.8	87.8	-16.0412	18.0963	120.228	-5.94595	11.3517	126.833	
2.22	18.6	18.1	92.8	80.6	86.7	81.9	41	51.2	13.8	56.6	0	71.1	1.5	36.3	22.9	48.7	100	99.9	99.9	98.6	99.9	98.8	99.9	17.5	96.8	87.8	-16.0412	18.0963	120.228	-5.94595	11.3517	126.833	
2.23	18.6	18.1	92.8	80.6	86.7	81.9	41	51.2	13.8	56.6	0	71.1	1.5	36.3	22.9	48.7	100	99.9	99.9	98.6	99.9	98.8	99.9	17.5	96.8	87.8	-16.0412	18.0963	120.228	-5.94595	11.3517	126.833	
2.24	18.6	18.1	92.8	80.6	86.7	81.9	41	51.2	13.8	56.6	0	71.1	1.5	36.3	22.9	48.7	100	99.9	99.9	98.6	99.9	98.8	99.9	17.5	96.8	87.8	-16.0412	18.0963	120.228	-5.94595	11.3517	126.833	
2.25	18.6	18.1	92.8	80.6	86.7	81.9	41	51.2	13.8	56.6	0	71.1	1.5	36.3	22.9	48.7	100	99.9	99.9	98.6	99.9	98.8	99.9	17.5	96.8	87.8	-16.0412	18.0963	120.228	-5.94595	11.3517	126.833	
2.26	18.6	18.1	92.8	80.6	86.7	81.9	41	51.2	13.8	56.6	0	71.1	1.5	36.3	22.9	48.7	100	99.9	99.9	98.6	99.9	98.8	99.9	17.5	96.8	87.8	-16.0412	18.0963	120.228	-5.94595	11.3517	126.833	
2.27	18.6	18.1	92.8	80.6	86.7	81.9	41	51.2	13.8	56.6	0	71.1	1.5	36.3	22.9	48.7	100	99.9	99.9	98.6	99.9	98.8	99.9	17.5	96.8	87.8	-16.0412	18.0963	120.228	-5.94595	11.3517	126.833	
2.28	18.6	18.1	92.8	80.6	86.7	81.9	41	51.2	13.8	56.6	0	71.1	1.5	36.3	22.9	48.7	100	99.9	99.9	98.6	99.9	98.8	99.9	17.5	96.8	87.8	-16.0412	18.0963	120.228	-5.94595	11.3517	126.833	
2.29	18.6	18.1	92.8	80.6	86.7	81.9	41	51.2	13.8	56.6	0	71.1	1.5	36.3	22.9	48.7	100	99.9	99.9	98.6	99.9	98.8	99.9	17.5	96.8	87.8	-16.0412	18.0963	120.228	-5.94595	11.3517	126.833	
2.3	18.6	18.1	92.8	80.6	86.7	81.9	41	51.2	13.8	56.6	0	71.1	1.5	36.3	22.9	48.7	100	99.9	99.9	98.6	99.9	98.8	99.9	17.5	96.8	87.8	-16.0412	18.0963	120.228	-5.94595	11.3517	126.833	
2.31	18.6	18.1	92.8	80.6	86.7	81.9	41	51.2	13.8	56.6	0	71.1	1.5	36.3	22.9	48.7	100	99.9	99.9	98.6	99.9	98.8	99.9	17.5	96.8	87.8	-16.0412	18.0963	120.228	-5.94595	11.3517	126.833	
