Hora de inicio de la toma de datos: 10:30:39
AT(s)	F1.1	F1.2	F2.1	F2.2	F3.1	F3.2	F4.1	F4.2	F5.1	F5.2	ABD1	ABD2	ABD3	ABD4	PA	TCO	P1	P2	P3	P4	P5	P6	P7	P8	P9	P10	HRoll	HPitch	HYaw	WRoll	WPitch	WYaw	
0.01	1.8	0	0	10.5	0.8	0	1.2	0	0	6.8	63.6	56.7	27.7	42.2	35.5	27.4	99.9	99.9	99.9	95.7	99.9	67.8	99.9	99.9	99.6	94.5	-33.9391	-34.9229	-16.7084	-19.3665	10.3065	36.2623	
0.02	1.8	0	0	10.5	0.8	0	1.2	0	0	6.8	63.6	56.7	27.7	42.2	35.5	27.4	99.9	99.9	99.9	95.7	99.9	67.8	99.9	99.9	99.6	94.5	-33.9391	-34.9229	-16.7084	-19.3665	10.3065	36.2623	
0.03	1.8	0	0	10.5	0.8	0	1.2	0	0	6.8	63.6	56.7	27.7	42.2	35.5	27.4	99.9	99.9	99.9	95.7	99.9	67.8	99.9	99.9	99.6	94.5	-33.9391	-34.9229	-16.7084	-19.3665	10.3065	36.2623	
0.04	1.8	0	0	10.5	0.8	0	1.2	0	0	6.8	63.6	56.7	27.7	42.2	35.5	27.4	99.9	99.9	99.9	95.7	99.9	67.8	99.9	99.9	99.6	94.5	-33.9391	-34.9229	-16.7084	-19.3665	10.3065	36.2623	
0.05	1.8	0	0	10.5	0.8	0	1.2	0	0	6.8	63.6	56.7	27.7	42.2	35.5	27.4	99.9	99.9	99.9	95.7	99.9	67.8	99.9	99.9	99.6	94.5	-33.9391	-34.9229	-16.7084	-19.3665	10.3065	36.2623	
0.06	1.8	0	0	10.5	0.8	0	1.2	0	0	6.8	63.6	56.7	27.7	42.2	35.5	27.4	99.9	99.9	99.9	95.7	99.9	67.8	99.9	99.9	99.6	94.5	-33.9391	-34.9229	-16.7084	-19.3665	10.3065	36.2623	
0.07	1.8	0	0	10.5	0.8	0	1.2	0	0	6.8	63.6	56.7	27.7	42.2	35.5	27.4	99.9	99.9	99.9	95.7	99.9	67.8	99.9	99.9	99.6	94.5	-33.9391	-34.9229	-16.7084	-19.3665	10.3065	36.2623	
0.08	1.8	0	0	10.5	0.8	0	1.2	0	0	6.8	63.6	56.7	27.7	42.2	35.5	27.4	99.9	99.9	99.9	95.7	99.9	67.8	99.9	99.9	99.6	94.5	-33.9391	-34.9229	-16.7084	-19.3665	10.3065	36.2623	
0.09	1.8	0	0	10.5	0.8	0	1.2	0	0	6.8	63.6	56.7	27.7	42.2	35.5	27.4	99.9	99.9	99.9	95.7	99.9	67.8	99.9	99.9	99.6	94.5	-33.9391	-34.9229	-16.7084	-19.3665	10.3065	36.2623	
0.1	1.8	0	0	10.5	0.8	0	1.2	0	0	6.8	63.6	56.7	27.7	42.2	35.5	27.4	99.9	99.9	99.9	95.7	99.9	67.8	99.9	99.9	99.6	94.5	-33.9391	-34.9229	-16.7084	-19.3665	10.3065	36.2623	
0.11	1.8	0	0	10.5	0.8	0	1.2	0	0	6.8	63.6	56.7	27.7	42.2	35.5	27.4	99.9	99.9	99.9	95.7	99.9	67.8	99.9	99.9	99.6	94.5	-33.9391	-34.9229	-16.7084	-19.3665	10.3065	36.2623	
0.12	1.8	0	0	10.5	0.8	0	1.2	0	0	6.8	63.6	56.7	27.7	42.2	35.5	27.4	99.9	99.9	99.9	95.7	99.9	67.8	99.9	99.9	99.6	94.5	-33.9391	-34.9229	-16.7084	-19.3665	10.3065	36.2623	
0.13	1.8	0	0	10.5	0.8	0	1.2	0	0	6.8	63.6	56.7	27.7	42.2	35.5	27.4	99.9	99.9	99.9	95.7	99.9	67.8	99.9	99.9	99.6	94.5	-33.9391	-34.9229	-16.7084	-19.3665	10.3065	36.2623	
0.14	1.8	0	0	10.5	0.8	0	1.2	0	0	6.8	63.6	56.7	27.7	42.2	35.5	27.4	99.9	99.9	99.9	95.7	99.9	67.8	99.9	99.9	99.6	94.5	-33.9391	-34.9229	-16.7084	-19.3665	10.3065	36.2623	
0.15	1.8	0	0	10.5	0.8	0	1.2	0	0	6.8	63.6	56.7	27.7	42.2	35.5	27.4	99.9	99.9	99.9	95.7	99.9	67.8	99.9	99.9	99.6	94.5	-33.9391	-34.9229	-16.7084	-19.3665	10.3065	36.2623	
0.16	1.8	0	0	10.5	0.8	0	1.2	0	0	6.8	63.6	56.7	27.7	42.2	35.5	27.4	99.9	99.9	99.9	95.7	99.9	67.8	99.9	99.9	99.6	94.5	-33.9391	-34.9229	-16.7084	-19.3665	10.3065	36.2623	
0.171	1.8	0	0	10.5	0.8	0	1.2	0	0	6.8	63.6	56.7	27.7	42.2	35.5	27.4	99.9	99.9	99.9	95.7	99.9	67.8	99.9	99.9	99.6	94.5	-33.9391	-34.9229	-16.7084	-19.3665	10.3065	36.2623	
0.181	1.8	0	0	10.5	0.8	0	1.2	0	0	6.8	63.6	56.7	27.7	42.2	35.5	27.4	99.9	99.9	99.9	95.7	99.9	67.8	99.9	99.9	99.6	94.5	-33.9391	-34.9229	-16.7084	-19.3665	10.3065	36.2623	
0.191	1.8	0	0	10.5	0.8	0	1.2	0	0	6.8	63.6	56.7	27.7	42.2	35.5	27.4	99.9	99.9	99.9	95.7	99.9	67.8	99.9	99.9	99.6	94.5	-33.9391	-34.9229	-16.7084	-19.3665	10.3065	36.2623	
0.201	1.8	0	0	10.5	0.8	0	1.2	0	0	6.8	63.6	56.7	27.7	42.2	35.5	27.4	99.9	99.9	99.9	95.7	99.9	67.8	99.9	99.9	99.6	94.5	-33.9391	-34.9229	-16.7084	-19.3665	10.3065	36.2623	
0.211	1.8	0	0	10.5	0.8	0	1.2	0	0	6.8	63.6	56.7	27.7	42.2	35.5	27.4	99.9	99.9	99.9	95.7	99.9	67.8	99.9	99.9	99.6	94.5	-33.9391	-34.9229	-16.7084	-19.3665	10.3065	36.2623	
0.221	1.8	0	0	10.5	0.8	0	1.2	0	0	6.8	63.6	56.7	27.7	42.2	35.5	27.4	99.9	99.9	99.9	95.7	99.9	67.8	99.9	99.9	99.6	94.5	-33.9391	-34.9229	-16.7084	-19.3665	10.3065	36.2623	
0.231	1.8	0	0	10.5	0.8	0	1.2	0	0	6.8	63.6	56.7	27.7	42.2	35.5	27.4	99.9	99.9	99.9	95.7	99.9	67.8	99.9	99.9	99.6	94.5	-33.9391	-34.9229	-16.7084	-19.3665	10.3065	36.2623	
0.241	1.8	0	0	10.5	0.8	0	1.2	0	0	6.8	63.6	56.7	27.7	42.2	35.5	27.4	99.9	99.9	99.9	95.7	99.9	67.8	99.9	99.9	99.6	94.5	-33.9391	-34.9229	-16.7084	-19.3665	10.3065	36.2623	
0.251	1.7	0	0	10.4	0.8	0	1.1	0	0	6.8	63.1	55.9	27.6	41.75	35.2	27.3	100	99.9	99.9	95.1	99.9	64.2	99.6	99.9	99.9	96.5	-33.5376	-34.8646	-16.7452	-19.5788	10.3928	36.3122	
0.261	1.7	0	0	10.4	0.8	0	1.1	0	0	6.8	63.1	55.9	27.6	41.75	35.2	27.3	100	99.9	99.9	95.1	99.9	64.2	99.6	99.9	99.9	96.5	-33.5376	-34.8646	-16.7452	-19.5788	10.3928	36.3122	
0.271	1.7	0	0	10.4	0.8	0	1.1	0	0	6.8	63.1	55.9	27.6	41.75	35.2	27.3	100	99.9	99.9	95.1	99.9	64.2	99.6	99.9	99.9	96.5	-33.5376	-34.8646	-16.7452	-19.5788	10.3928	36.3122	
0.281	1.7	0	0	10.4	0.8	0	1.1	0	0	6.8	63.1	55.9	27.6	41.75	35.2	27.3	100	99.9	99.9	95.1	99.9	64.2	99.6	99.9	99.9	96.5	-33.5376	-34.8646	-16.7452	-19.5788	10.3928	36.3122	
0.29	1.7	0	0	10.4	0.8	0	1.1	0	0	6.8	63.1	55.9	27.6	41.75	35.2	27.3	100	99.9	99.9	95.1	99.9	64.2	99.6	99.9	99.9	96.5	-33.5376	-34.8646	-16.7452	-19.5788	10.3928	36.3122	
0.3	1.7	0	0	10.4	0.8	0	1.1	0	0	6.8	63.1	55.9	27.6	41.75	35.2	27.3	100	99.9	99.9	95.1	99.9	64.2	99.6	99.9	99.9	96.5	-33.5376	-34.8646	-16.7452	-19.5788	10.3928	36.3122	
0.31	1.7	0	0	10.4	0.8	0	1.1	0	0	6.8	63.1	55.9	27.6	41.75	35.2	27.3	100	99.9	99.9	95.1	99.9	64.2	99.6	99.9	99.9	96.5	-33.5376	-34.8646	-16.7452	-19.5788	10.3928	36.3122	
0.32	1.7	0	0	10.4	0.8	0	1.1	0	0	6.8	63.1	55.9	27.6	41.75	35.2	27.3	100	99.9	99.9	95.1	99.9	64.2	99.6	99.9	99.9	96.5	-33.5376	-34.8646	-16.7452	-19.5788	10.3928	36.3122	
0.33	1.7	0	0	10.4	0.8	0	1.1	0	0	6.8	63.1	55.9	27.6	41.75	35.2	27.3	100	99.9	99.9	95.1	99.9	64.2	99.6	99.9	99.9	96.5	-33.5376	-34.8646	-16.7452	-19.5788	10.3928	36.3122	
0.34	1.7	0	0	10.4	0.8	0	1.1	0	0	6.8	63.1	55.9	27.6	41.75	35.2	27.3	100	99.9	99.9	95.1	99.9	64.2	99.6	99.9	99.9	96.5	-33.5376	-34.8646	-16.7452	-19.5788	10.3928	36.3122	
0.35	1.7	0	0	10.4	0.8	0	1.1	0	0	6.8	63.1	55.9	27.6	41.75	35.2	27.3	100	99.9	99.9	95.1	99.9	64.2	99.6	99.9	99.9	96.5	-33.5376	-34.8646	-16.7452	-19.5788	10.3928	36.3122	
0.36	1.7	0	0	10.4	0.8	0	1.1	0	0	6.8	63.1	55.9	27.6	41.75	35.2	27.3	100	99.9	99.9	95.1	99.9	64.2	99.6	99.9	99.9	96.5	-33.5376	-34.8646	-16.7452	-19.5788	10.3928	36.3122	
0.37	1.7	0	0	10.4	0.8	0	1.1	0	0	6.8	63.1	55.9	27.6	41.75	35.2	27.3	100	99.9	99.9	95.1	99.9	64.2	99.6	99.9	99.9	96.5	-33.5376	-34.8646	-16.7452	-19.5788	10.3928	36.3122	
0.38	1.7	0	0	10.4	0.8	0	1.1	0	0	6.8	63.1	55.9	27.6	41.75	35.2	27.3	100	99.9	99.9	95.1	99.9	64.2	99.6	99.9	99.9	96.5	-33.5376	-34.8646	-16.7452	-19.5788	10.3928	36.3122	
0.39	1.7	0	0	10.4	0.8	0	1.1	0	0	6.8	63.1	55.9	27.6	41.75	35.2	27.3	100	99.9	99.9	95.1	99.9	64.2	99.6	99.9	99.9	96.5	-33.5376	-34.8646	-16.7452	-19.5788	10.3928	36.3122	
0.4	1.7	0	0	10.4	0.8	0	1.1	0	0	6.8	63.1	55.9	27.6	41.75	35.2	27.3	100	99.9	99.9	95.1	99.9	64.2	99.6	99.9	99.9	96.5	-33.5376	-34.8646	-16.7452	-19.5788	10.3928	36.3122	
0.41	1.7	0	0	10.4	0.8	0	1.1	0	0	6.8	63.1	55.9	27.6	41.75	35.2	27.3	100	99.9	99.9	95.1	99.9	64.2	99.6	99.9	99.9	96.5	-33.5376	-34.8646	-16.7452	-19.5788	10.3928	36.3122	
0.42	1.7	0	0	10.4	0.8	0	1.1	0	0	6.8	63.1	55.9	27.6	41.75	35.2	27.3	100	99.9	99.9	95.1	99.9	64.2	99.6	99.9	99.9	96.5	-33.5376	-34.8646	-16.7452	-19.5788	10.3928	36.3122	
0.43	1.7	0	0	10.4	0.8	0	1.1	0	0	6.8	63.1	55.9	27.6	41.75	35.2	27.3	100	99.9	99.9	95.1	99.9	64.2	99.6	99.9	99.9	96.5	-33.5376	-34.8646	-16.7452	-19.5788	10.3928	36.3122	
0.44	1.7	0	0	10.4	0.8	0	1.1	0	0	6.8	63.1	55.9	27.6	41.75	35.2	27.3	100	99.9	99.9	95.1	99.9	64.2	99.6	99.9	99.9	96.5	-33.5376	-34.8646	-16.7452	-19.5788	10.3928	36.3122	
0.45	1.7	0	0	10.4	0.8	0	1.1	0	0	6.8	63.1	55.9	27.6	41.75	35.2	27.3	100	99.9	99.9	95.1	99.9	64.2	99.6	99.9	99.9	96.5	-33.5376	-34.8646	-16.7452	-19.5788	10.3928	36.3122	
0.46	1.7	0	0	10.4	0.8	0	1.1	0	0	6.8	63.1	55.9	27.6	41.75	35.2	27.3	100	99.9	99.9	95.1	99.9	64.2	99.6	99.9	99.9	96.5	-33.5376	-34.8646	-16.7452	-19.5788	10.3928	36.3122	
0.47	1.7	0	0	10.4	0.8	0	1.1	0	0	6.8	63.1	55.9	27.6	41.75	35.2	27.3	100	99.9	99.9	95.1	99.9	64.2	99.6	99.9	99.9	96.5	-33.5376	-34.8646	-16.7452	-19.5788	10.3928	36.3122	
0.48	1.7	0	0	10.4	0.8	0	1.1	0	0	6.8	63.1	55.9	27.6	41.75	35.2	27.3	100	99.9	99.9	95.1	99.9	64.2	99.6	99.9	99.9	96.5	-33.5376	-34.8646	-16.7452	-19.5788	10.3928	36.3122	
0.49	1.7	0	0	10.4	0.8	0	1.1	0	0	6.8	63.1	55.9	27.6	41.75	35.2	27.3	100	99.9	99.9	95.1	99.9	64.2	99.6	99.9	99.9	96.5	-33.5376	-34.8646	-16.7452	-19.5788	10.3928	36.3122	
0.5	1.7	0	0	10.4	0.8	0	1.1	0	0	6.8	63.1	55.9	27.6	41.75	35.2	27.3	100	99.9	99.9	95.1	99.9	64.2	99.6	99.9	99.9	96.5	-33.5376	-34.8646	-16.7452	-19.5788	10.3928	36.3122	
0.51	1.7	0	0	10.4	0.8	0	1.1	0	0	6.8	63.1	55.9	27.6	41.75	35.2	27.3	100	99.9	99.9	95.1	99.9	64.2	99.6	99.9	99.9	96.5	-33.5376	-34.8646	-16.7452	-19.5788	10.3928	36.3122	
0.52	1.7	0	0	10.4	0.8	0	1.1	0	0	6.8	63.1	55.9	27.6	41.75	35.2	27.3	100	99.9	99.9	95.1	99.9	64.2	99.6	99.9	99.9	96.5	-33.5376	-34.8646	-16.7452	-19.5788	10.3928	36.3122	
0.53	1.7	0	0	10.4	0.8	0	1.1	0	0	6.8	63.1	55.9	27.6	41.75	35.2	27.3	100	99.9	99.9	95.1	99.9	64.2	99.6	99.9	99.9	96.5	-33.5376	-34.8646	-16.7452	-19.5788	10.3928	36.3122	
0.54	1.7	0	0	10.4	0.8	0	1.1	0	0	6.8	63.1	55.9	27.6	41.75	35.2	27.3	100	99.9	99.9	95.1	99.9	64.2	99.6	99.9	99.9	96.5	-33.5376	-34.8646	-16.7452	-19.5788	10.3928	36.3122	
0.55	1.7	0	0	10.4	0.8	0	1.1	0	0	6.8	63.1	55.9	27.6	41.75	35.2	27.3	100	99.9	99.9	95.1	99.9	64.2	99.6	99.9	99.9	96.5	-33.5376	-34.8646	-16.7452	-19.5788	10.3928	36.3122	
0.56	1.7	0	0	10.4	0.8	0	1.1	0	0	6.8	63.1	55.9	27.6	41.75	35.2	27.3	100	99.9	99.9	95.1	99.9	64.2	99.6	99.9	99.9	96.5	-33.5376	-34.8646	-16.7452	-19.5788	10.3928	36.3122	
0.57	1.7	0	0	10.4	0.8	0	1.1	0	0	6.8	63.1	55.9	27.6	41.75	35.2	27.3	100	99.9	99.9	95.1	99.9	64.2	99.6	99.9	99.9	96.5	-33.5376	-34.8646	-16.7452	-19.5788	10.3928	36.3122	
0.58	1.7	0	0	10.4	0.8	0	1.1	0	0	6.8	63.1	55.9	27.6	41.75	35.2	27.3	100	99.9	99.9	95.1	99.9	64.2	99.6	99.9	99.9	96.5	-33.5376	-34.8646	-16.7452	-19.5788	10.3928	36.3122	
0.59	1.7	0	0	10.4	0.8	0	1.1	0	0	6.8	63.1	55.9	27.6	41.75	35.2	27.3	100	99.9	99.9	95.1	99.9	64.2	99.6	99.9	99.9	96.5	-33.5376	-34.8646	-16.7452	-19.5788	10.3928	36.3122	
0.6	1.7	0	0	10.4	0.8	0	1.1	0	0	6.8	63.1	55.9	27.6	41.75	35.2	27.3	100	99.9	99.9	95.1	99.9	64.2	99.6	99.9	99.9	96.5	-33.5376	-34.8646	-16.7452	-19.5788	10.3928	36.3122	
0.61	1.7	0	0	10.4	0.8	0	1.1	0	0	6.8	63.1	55.9	27.6	41.75	35.2	27.3	100	99.9	99.9	95.1	99.9	64.2	99.6	99.9	99.9	96.5	-33.5376	-34.8646	-16.7452	-19.5788	10.3928	36.3122	
0.62	1.8	0	0	10.4	1	0	1.2	0	0	6.8	62.9	55.6	27.5	41.55	34.7	27.5	100	99.9	99.9	94.9	99.9	64.1	99.9	99.9	99.9	96.4	-33.5159	-34.7277	-16.7567	-19.958	10.4792	36.2281	
0.63	1.7	0	0	10.4	0.8	0	1.1	0	0	6.8	63	55.6	27.6	41.6	35.1	27.5	100	99.9	99.9	95.5	99.9	65.3	99.9	99.7	99.3	95.6	-33.3781	-34.8439	-16.8075	-19.7239	10.5606	36.2601	
0.64	1.7	0	0	10.4	0.8	0	1.1	0	0	6.8	63	55.6	27.6	41.6	35.1	27.5	100	99.9	99.9	95.5	99.9	65.3	99.9	99.7	99.3	95.6	-33.3781	-34.8439	-16.8075	-19.7239	10.5606	36.2601	
0.65	1.7	0	0	10.4	0.8	0	1.1	0	0	6.8	63	55.6	27.6	41.6	35.1	27.5	100	99.9	99.9	95.5	99.9	65.3	99.9	99.7	99.3	95.6	-33.3781	-34.8439	-16.8075	-19.7239	10.5606	36.2601	
0.66	1.7	0	0	10.4	0.8	0	1.1	0	0	6.8	63	55.6	27.6	41.6	35.1	27.5	100	99.9	99.9	95.5	99.9	65.3	99.9	99.7	99.3	95.6	-33.3781	-34.8439	-16.8075	-19.7239	10.5606	36.2601	
0.67	1.7	0	0	10.4	0.8	0	1.1	0	0	6.8	63	55.6	27.6	41.6	35.1	27.5	100	99.9	99.9	95.5	99.9	65.3	99.9	99.7	99.3	95.6	-33.3781	-34.8439	-16.8075	-19.7239	10.5606	36.2601	
0.68	1.7	0	0	10.4	0.8	0	1.1	0	0	6.8	63	55.6	27.6	41.6	35.1	27.5	100	99.9	99.9	95.5	99.9	65.3	99.9	99.7	99.3	95.6	-33.3781	-34.8439	-16.8075	-19.7239	10.5606	36.2601	
0.69	1.7	0	0	10.4	0.8	0	1.1	0	0	6.8	63	55.6	27.6	41.6	35.1	27.5	100	99.9	99.9	95.5	99.9	65.3	99.9	99.7	99.3	95.6	-33.3781	-34.8439	-16.8075	-19.7239	10.5606	36.2601	
0.7	1.7	0	0	10.4	0.8	0	1.1	0	0	6.8	63	55.6	27.6	41.6	35.1	27.5	100	99.9	99.9	95.5	99.9	65.3	99.9	99.7	99.3	95.6	-33.3781	-34.8439	-16.8075	-19.7239	10.5606	36.2601	
0.71	1.7	0	0	10.4	0.8	0	1.1	0	0	6.8	63	55.6	27.6	41.6	35.1	27.5	100	99.9	99.9	95.5	99.9	65.3	99.9	99.7	99.3	95.6	-33.3781	-34.8439	-16.8075	-19.7239	10.5606	36.2601	
0.72	1.7	0	0	10.4	0.8	0	1.1	0	0	6.8	63	55.6	27.6	41.6	35.1	27.5	100	99.9	99.9	95.5	99.9	65.3	99.9	99.7	99.3	95.6	-33.3781	-34.8439	-16.8075	-19.7239	10.5606	36.2601	
0.73	1.7	0	0	10.4	0.8	0	1.1	0	0	6.8	63	55.6	27.6	41.6	35.1	27.5	100	99.9	99.9	95.5	99.9	65.3	99.9	99.7	99.3	95.6	-33.3781	-34.8439	-16.8075	-19.7239	10.5606	36.2601	
0.74	1.7	0	0	10.4	0.8	0	1.1	0	0	6.8	63	55.6	27.6	41.6	35.1	27.5	100	99.9	99.9	95.5	99.9	65.3	99.9	99.7	99.3	95.6	-33.3781	-34.8439	-16.8075	-19.7239	10.5606	36.2601	
0.75	1.7	0	0	10.4	0.8	0	1.1	0	0	6.8	63	55.6	27.6	41.6	35.1	27.5	100	99.9	99.9	95.5	99.9	65.3	99.9	99.7	99.3	95.6	-33.3781	-34.8439	-16.8075	-19.7239	10.5606	36.2601	
0.76	1.7	0	0	10.4	0.8	0	1.1	0	0	6.8	63	55.6	27.6	41.6	35.1	27.5	100	99.9	99.9	95.5	99.9	65.3	99.9	99.7	99.3	95.6	-33.3781	-34.8439	-16.8075	-19.7239	10.5606	36.2601	
0.77	1.7	0	0	10.4	0.8	0	1.1	0	0	6.8	63	55.6	27.6	41.6	35.1	27.5	100	99.9	99.9	95.5	99.9	65.3	99.9	99.7	99.3	95.6	-33.3781	-34.8439	-16.8075	-19.7239	10.5606	36.2601	
0.78	1.7	0	0	10.4	0.8	0	1.1	0	0	6.8	63	55.6	27.6	41.6	35.1	27.5	100	99.9	99.9	95.5	99.9	65.3	99.9	99.7	99.3	95.6	-33.3781	-34.8439	-16.8075	-19.7239	10.5606	36.2601	
0.79	1.7	0	0	10.4	0.8	0	1.1	0	0	6.8	63	55.6	27.6	41.6	35.1	27.5	100	99.9	99.9	95.5	99.9	65.3	99.9	99.7	99.3	95.6	-33.3781	-34.8439	-16.8075	-19.7239	10.5606	36.2601	
0.8	1.7	0	0	10.4	0.8	0	1.1	0	0	6.8	63	55.6	27.6	41.6	35.1	27.5	100	99.9	99.9	95.5	99.9	65.3	99.9	99.7	99.3	95.6	-33.3781	-34.8439	-16.8075	-19.7239	10.5606	36.2601	
0.81	1.7	0	0	10.4	0.8	0	1.1	0	0	6.8	63	55.6	27.6	41.6	35.1	27.5	100	99.9	99.9	95.5	99.9	65.3	99.9	99.7	99.3	95.6	-33.3781	-34.8439	-16.8075	-19.7239	10.5606	36.2601	
0.82	1.7	0	0	10.4	0.8	0	1.1	0	0	6.8	63	55.6	27.6	41.6	35.1	27.5	100	99.9	99.9	95.5	99.9	65.3	99.9	99.7	99.3	95.6	-33.3781	-34.8439	-16.8075	-19.7239	10.5606	36.2601	
0.83	1.7	0	0	10.4	0.8	0	1.1	0	0	6.8	63	55.6	27.6	41.6	35.1	27.5	100	99.9	99.9	95.5	99.9	65.3	99.9	99.7	99.3	95.6	-33.3781	-34.8439	-16.8075	-19.7239	10.5606	36.2601	
0.84	1.7	0	0	10.4	0.8	0	1.1	0	0	6.8	63	55.6	27.6	41.6	35.1	27.5	100	99.9	99.9	95.5	99.9	65.3	99.9	99.7	99.3	95.6	-33.3781	-34.8439	-16.8075	-19.7239	10.5606	36.2601	
0.85	1.7	0	0	10.4	0.8	0	1.1	0	0	6.8	63	55.6	27.6	41.6	35.1	27.5	100	99.9	99.9	95.5	99.9	65.3	99.9	99.7	99.3	95.6	-33.3781	-34.8439	-16.8075	-19.7239	10.5606	36.2601	
0.86	1.7	0	0	10.4	0.8	0	1.1	0	0	6.8	63	55.6	27.6	41.6	35.1	27.5	100	99.9	99.9	95.5	99.9	65.3	99.9	99.7	99.3	95.6	-33.3781	-34.8439	-16.8075	-19.7239	10.5606	36.2601	
0.87	1.7	0	0	10.4	0.8	0	1.1	0	0	6.8	63	55.6	27.6	41.6	35.1	27.5	100	99.9	99.9	95.5	99.9	65.3	99.9	99.7	99.3	95.6	-33.3781	-34.8439	-16.8075	-19.7239	10.5606	36.2601	
0.88	1.7	0	0	10.4	0.8	0	1.1	0	0	6.8	63	55.6	27.6	41.6	35.1	27.5	100	99.9	99.9	95.5	99.9	65.3	99.9	99.7	99.3	95.6	-33.3781	-34.8439	-16.8075	-19.7239	10.5606	36.2601	
0.89	1.7	0	0	10.4	0.8	0	1.1	0	0	6.8	63	55.6	27.6	41.6	35.1	27.5	100	99.9	99.9	95.5	99.9	65.3	99.9	99.7	99.3	95.6	-33.3781	-34.8439	-16.8075	-19.7239	10.5606	36.2601	
0.9	1.7	0	0	10.4	0.8	0	1.1	0	0	6.8	63	55.6	27.6	41.6	35.1	27.5	100	99.9	99.9	95.5	99.9	65.3	99.9	99.7	99.3	95.6	-33.3781	-34.8439	-16.8075	-19.7239	10.5606	36.2601	
0.91	1.7	0	0	10.4	0.8	0	1.1	0	0	6.8	63	55.6	27.6	41.6	35.1	27.5	100	99.9	99.9	95.5	99.9	65.3	99.9	99.7	99.3	95.6	-33.3781	-34.8439	-16.8075	-19.7239	10.5606	36.2601	
0.92	1.7	0	0	10.4	0.8	0	1.1	0	0	6.8	63	55.6	27.6	41.6	35.1	27.5	100	99.9	99.9	95.5	99.9	65.3	99.9	99.7	99.3	95.6	-33.3781	-34.8439	-16.8075	-19.7239	10.5606	36.2601	
0.93	1.7	0	0	10.4	0.8	0	1.1	0	0	6.8	63	55.6	27.6	41.6	35.1	27.5	100	99.9	99.9	95.5	99.9	65.3	99.9	99.7	99.3	95.6	-33.3781	-34.8439	-16.8075	-19.7239	10.5606	36.2601	
0.94	1.7	0	0	10.4	0.8	0	1.1	0	0	6.8	63	55.6	27.6	41.6	35.1	27.5	100	99.9	99.9	95.5	99.9	65.3	99.9	99.7	99.3	95.6	-33.3781	-34.8439	-16.8075	-19.7239	10.5606	36.2601	
0.95	1.7	0	0	10.4	0.8	0	1.1	0	0	6.8	63	55.6	27.6	41.6	35.1	27.5	100	99.9	99.9	95.5	99.9	65.3	99.9	99.7	99.3	95.6	-33.3781	-34.8439	-16.8075	-19.7239	10.5606	36.2601	
0.96	1.7	0	0	10.4	0.8	0	1.1	0	0	6.8	63	55.6	27.6	41.6	35.1	27.5	100	99.9	99.9	95.5	99.9	65.3	99.9	99.7	99.3	95.6	-33.3781	-34.8439	-16.8075	-19.7239	10.5606	36.2601	
0.97	1.7	0	0	10.4	0.8	0	1.1	0	0	6.8	63	55.6	27.6	41.6	35.1	27.5	100	99.9	99.9	95.5	99.9	65.3	99.9	99.7	99.3	95.6	-33.3781	-34.8439	-16.8075	-19.7239	10.5606	36.2601	
0.98	1.7	0	0	10.4	0.8	0	1.1	0	0	6.8	63	55.6	27.6	41.6	35.1	27.5	100	99.9	99.9	95.5	99.9	65.3	99.9	99.7	99.3	95.6	-33.3781	-34.8439	-16.8075	-19.7239	10.5606	36.2601	
0.99	1.8	0	0	10.3	0.8	0	1.1	0	0	6.8	63	55.6	27.4	41.5	35.1	27.5	99.9	99.9	99.9	95.4	99.9	65.4	99.9	99.6	99.3	95.9	-33.6257	-35.1165	-16.6397	-18.5874	10.442	36.4769	
1	1.7	0	0	10.3	0.8	0	1.1	0	0	6.7	63.3	55.4	27.4	41.4	35.1	27.5	100	99.9	99.9	95.7	99.9	64.3	99.7	99.3	99.7	96.8	-33.7244	-35.1433	-16.6764	-19.4079	10.5581	36.3213	
1.01	1.7	0	0	10.3	0.8	0	1.1	0	0	6.7	63.3	55.4	27.4	41.4	35.1	27.5	100	99.9	99.9	95.7	99.9	64.3	99.7	99.3	99.7	96.8	-33.7244	-35.1433	-16.6764	-19.4079	10.5581	36.3213	
1.02	1.7	0	0	10.3	0.8	0	1.1	0	0	6.7	63.3	55.4	27.4	41.4	35.1	27.5	100	99.9	99.9	95.7	99.9	64.3	99.7	99.3	99.7	96.8	-33.7244	-35.1433	-16.6764	-19.4079	10.5581	36.3213	
1.03	1.7	0	0	10.3	0.8	0	1.1	0	0	6.7	63.3	55.4	27.4	41.4	35.1	27.5	100	99.9	99.9	95.7	99.9	64.3	99.7	99.3	99.7	96.8	-33.7244	-35.1433	-16.6764	-19.4079	10.5581	36.3213	
1.04	1.7	0	0	10.3	0.8	0	1.1	0	0	6.7	63.3	55.4	27.4	41.4	35.1	27.5	100	99.9	99.9	95.7	99.9	64.3	99.7	99.3	99.7	96.8	-33.7244	-35.1433	-16.6764	-19.4079	10.5581	36.3213	
1.05	1.7	0	0	10.3	0.8	0	1.1	0	0	6.7	63.3	55.4	27.4	41.4	35.1	27.5	100	99.9	99.9	95.7	99.9	64.3	99.7	99.3	99.7	96.8	-33.7244	-35.1433	-16.6764	-19.4079	10.5581	36.3213	
1.06	1.7	0	0	10.3	0.8	0	1.1	0	0	6.7	63.3	55.4	27.4	41.4	35.1	27.5	100	99.9	99.9	95.7	99.9	64.3	99.7	99.3	99.7	96.8	-33.7244	-35.1433	-16.6764	-19.4079	10.5581	36.3213	
1.07	1.7	0	0	10.3	0.8	0	1.1	0	0	6.7	63.3	55.4	27.4	41.4	35.1	27.5	100	99.9	99.9	95.7	99.9	64.3	99.7	99.3	99.7	96.8	-33.7244	-35.1433	-16.6764	-19.4079	10.5581	36.3213	
1.08	1.7	0	0	10.3	0.8	0	1.1	0	0	6.7	63.3	55.4	27.4	41.4	35.1	27.5	100	99.9	99.9	95.7	99.9	64.3	99.7	99.3	99.7	96.8	-33.7244	-35.1433	-16.6764	-19.4079	10.5581	36.3213	
1.09	1.7	0	0	10.3	0.8	0	1.1	0	0	6.7	63.3	55.4	27.4	41.4	35.1	27.5	100	99.9	99.9	95.7	99.9	64.3	99.7	99.3	99.7	96.8	-33.7244	-35.1433	-16.6764	-19.4079	10.5581	36.3213	
1.1	1.7	0	0	10.3	0.8	0	1.1	0	0	6.7	63.3	55.4	27.4	41.4	35.1	27.5	100	99.9	99.9	95.7	99.9	64.3	99.7	99.3	99.7	96.8	-33.7244	-35.1433	-16.6764	-19.4079	10.5581	36.3213	
1.11	1.7	0	0	10.3	0.8	0	1.1	0	0	6.7	63.3	55.4	27.4	41.4	35.1	27.5	100	99.9	99.9	95.7	99.9	64.3	99.7	99.3	99.7	96.8	-33.7244	-35.1433	-16.6764	-19.4079	10.5581	36.3213	
1.12	1.7	0	0	10.3	0.8	0	1.1	0	0	6.7	63.3	55.4	27.4	41.4	35.1	27.5	100	99.9	99.9	95.7	99.9	64.3	99.7	99.3	99.7	96.8	-33.7244	-35.1433	-16.6764	-19.4079	10.5581	36.3213	
1.13	1.7	0	0	10.3	0.8	0	1.1	0	0	6.7	63.3	55.4	27.4	41.4	35.1	27.5	100	99.9	99.9	95.7	99.9	64.3	99.7	99.3	99.7	96.8	-33.7244	-35.1433	-16.6764	-19.4079	10.5581	36.3213	
1.14	1.7	0	0	10.3	0.8	0	1.1	0	0	6.7	63.3	55.4	27.4	41.4	35.1	27.5	100	99.9	99.9	95.7	99.9	64.3	99.7	99.3	99.7	96.8	-33.7244	-35.1433	-16.6764	-19.4079	10.5581	36.3213	
1.15	1.7	0	0	10.3	0.8	0	1.1	0	0	6.7	63.3	55.4	27.4	41.4	35.1	27.5	100	99.9	99.9	95.7	99.9	64.3	99.7	99.3	99.7	96.8	-33.7244	-35.1433	-16.6764	-19.4079	10.5581	36.3213	
1.16	1.7	0	0	10.3	0.8	0	1.1	0	0	6.7	63.3	55.4	27.4	41.4	35.1	27.5	100	99.9	99.9	95.7	99.9	64.3	99.7	99.3	99.7	96.8	-33.7244	-35.1433	-16.6764	-19.4079	10.5581	36.3213	
1.17	1.7	0	0	10.3	0.8	0	1.1	0	0	6.7	63.3	55.4	27.4	41.4	35.1	27.5	100	99.9	99.9	95.7	99.9	64.3	99.7	99.3	99.7	96.8	-33.7244	-35.1433	-16.6764	-19.4079	10.5581	36.3213	
1.18	1.7	0	0	10.3	0.8	0	1.1	0	0	6.7	63.3	55.4	27.4	41.4	35.1	27.5	100	99.9	99.9	95.7	99.9	64.3	99.7	99.3	99.7	96.8	-33.7244	-35.1433	-16.6764	-19.4079	10.5581	36.3213	
1.19	1.7	0	0	10.3	0.8	0	1.1	0	0	6.7	63.3	55.4	27.4	41.4	35.1	27.5	100	99.9	99.9	95.7	99.9	64.3	99.7	99.3	99.7	96.8	-33.7244	-35.1433	-16.6764	-19.4079	10.5581	36.3213	
1.2	1.7	0	0	10.3	0.8	0	1.1	0	0	6.7	63.3	55.4	27.4	41.4	35.1	27.5	100	99.9	99.9	95.7	99.9	64.3	99.7	99.3	99.7	96.8	-33.7244	-35.1433	-16.6764	-19.4079	10.5581	36.3213	
1.21	1.7	0	0	10.3	0.8	0	1.1	0	0	6.7	63.3	55.4	27.4	41.4	35.1	27.5	100	99.9	99.9	95.7	99.9	64.3	99.7	99.3	99.7	96.8	-33.7244	-35.1433	-16.6764	-19.4079	10.5581	36.3213	
1.22	1.7	0	0	10.3	0.8	0	1.1	0	0	6.7	63.3	55.4	27.4	41.4	35.1	27.5	100	99.9	99.9	95.7	99.9	64.3	99.7	99.3	99.7	96.8	-33.7244	-35.1433	-16.6764	-19.4079	10.5581	36.3213	
1.23	1.7	0	0	10.3	0.8	0	1.1	0	0	6.7	63.3	55.4	27.4	41.4	35.1	27.5	100	99.9	99.9	95.7	99.9	64.3	99.7	99.3	99.7	96.8	-33.7244	-35.1433	-16.6764	-19.4079	10.5581	36.3213	
1.24	1.7	0	0	10.3	0.8	0	1.1	0	0	6.7	63.3	55.4	27.4	41.4	35.1	27.5	100	99.9	99.9	95.7	99.9	64.3	99.7	99.3	99.7	96.8	-33.7244	-35.1433	-16.6764	-19.4079	10.5581	36.3213	
1.25	1.7	0	0	10.3	0.8	0	1.1	0	0	6.7	63.3	55.4	27.4	41.4	35.1	27.5	100	99.9	99.9	95.7	99.9	64.3	99.7	99.3	99.7	96.8	-33.7244	-35.1433	-16.6764	-19.4079	10.5581	36.3213	
1.26	1.7	0	0	10.3	0.8	0	1.1	0	0	6.7	63.3	55.4	27.4	41.4	35.1	27.5	100	99.9	99.9	95.7	99.9	64.3	99.7	99.3	99.7	96.8	-33.7244	-35.1433	-16.6764	-19.4079	10.5581	36.3213	
1.27	1.7	0	0	10.3	0.8	0	1.1	0	0	6.7	63.3	55.4	27.4	41.4	35.1	27.5	100	99.9	99.9	95.7	99.9	64.3	99.7	99.3	99.7	96.8	-33.7244	-35.1433	-16.6764	-19.4079	10.5581	36.3213	
1.28	1.7	0	0	10.3	0.8	0	1.1	0	0	6.7	63.3	55.4	27.4	41.4	35.1	27.5	100	99.9	99.9	95.7	99.9	64.3	99.7	99.3	99.7	96.8	-33.7244	-35.1433	-16.6764	-19.4079	10.5581	36.3213	
1.29	1.7	0	0	10.3	0.8	0	1.1	0	0	6.7	63.3	55.4	27.4	41.4	35.1	27.5	100	99.9	99.9	95.7	99.9	64.3	99.7	99.3	99.7	96.8	-33.7244	-35.1433	-16.6764	-19.4079	10.5581	36.3213	
1.3	1.7	0	0	10.3	0.8	0	1.1	0	0	6.7	63.3	55.4	27.4	41.4	35.1	27.5	100	99.9	99.9	95.7	99.9	64.3	99.7	99.3	99.7	96.8	-33.7244	-35.1433	-16.6764	-19.4079	10.5581	36.3213	
1.31	1.7	0	0	10.3	0.8	0	1.1	0	0	6.7	63.3	55.4	27.4	41.4	35.1	27.5	100	99.9	99.9	95.7	99.9	64.3	99.7	99.3	99.7	96.8	-33.7244	-35.1433	-16.6764	-19.4079	10.5581	36.3213	
1.32	1.7	0	0	10.3	0.8	0	1.1	0	0	6.7	63.3	55.4	27.4	41.4	35.1	27.5	100	99.9	99.9	95.7	99.9	64.3	99.7	99.3	99.7	96.8	-33.7244	-35.1433	-16.6764	-19.4079	10.5581	36.3213	
1.33	1.7	0	0	10.3	0.8	0	1.1	0	0	6.7	63.3	55.4	27.4	41.4	35.1	27.5	100	99.9	99.9	95.7	99.9	64.3	99.7	99.3	99.7	96.8	-33.7244	-35.1433	-16.6764	-19.4079	10.5581	36.3213	
1.34	1.7	0	0	10.3	0.8	0	1.1	0	0	6.7	63.3	55.4	27.4	41.4	35.1	27.5	100	99.9	99.9	95.7	99.9	64.3	99.7	99.3	99.7	96.8	-33.7244	-35.1433	-16.6764	-19.4079	10.5581	36.3213	
1.35	1.7	0	0	10.3	0.8	0	1.1	0	0	6.7	63.3	55.4	27.4	41.4	35.1	27.5	100	99.9	99.9	95.7	99.9	64.3	99.7	99.3	99.7	96.8	-33.7244	-35.1433	-16.6764	-19.4079	10.5581	36.3213	
1.36	1.7	0	0	10.3	0.8	0	1.1	0	0	6.7	63.3	55.4	27.4	41.4	35.1	27.5	100	99.9	99.9	95.7	99.9	64.3	99.7	99.3	99.7	96.8	-33.7244	-35.1433	-16.6764	-19.4079	10.5581	36.3213	
1.37	1.9	0	0	10.3	0.8	0	1	0	0	6.8	62.6	55.2	27	41.1	35.8	27.1	99.9	99.9	99.9	95.5	99.9	65.6	99.4	99.3	99.9	97.2	-34.0842	-35.0456	-16.4165	-19.6166	10.6464	36.4047	
1.38	1.9	0	0	10.3	0.8	0	1	0	0	6.8	62.6	55.2	27	41.1	35.8	27.1	99.9	99.9	99.9	95.5	99.9	65.6	99.4	99.3	99.9	97.2	-34.0842	-35.0456	-16.4165	-19.6166	10.6464	36.4047	
1.39	1.9	0	0	10.3	0.8	0	1	0	0	6.8	62.6	55.2	27	41.1	35.8	27.1	99.9	99.9	99.9	95.5	99.9	65.6	99.4	99.3	99.9	97.2	-34.0842	-35.0456	-16.4165	-19.6166	10.6464	36.4047	
1.4	1.9	0	0	10.3	0.8	0	1	0	0	6.8	62.6	55.2	27	41.1	35.8	27.1	99.9	99.9	99.9	95.5	99.9	65.6	99.4	99.3	99.9	97.2	-34.0842	-35.0456	-16.4165	-19.6166	10.6464	36.4047	
1.41	1.9	0	0	10.3	0.8	0	1	0	0	6.8	62.6	55.2	27	41.1	35.8	27.1	99.9	99.9	99.9	95.5	99.9	65.6	99.4	99.3	99.9	97.2	-34.0842	-35.0456	-16.4165	-19.6166	10.6464	36.4047	
1.42	1.9	0	0	10.3	0.8	0	1	0	0	6.8	62.6	55.2	27	41.1	35.8	27.1	99.9	99.9	99.9	95.5	99.9	65.6	99.4	99.3	99.9	97.2	-34.0842	-35.0456	-16.4165	-19.6166	10.6464	36.4047	
1.43	1.9	0	0	10.3	0.8	0	1	0	0	6.8	62.6	55.2	27	41.1	35.8	27.1	99.9	99.9	99.9	95.5	99.9	65.6	99.4	99.3	99.9	97.2	-34.0842	-35.0456	-16.4165	-19.6166	10.6464	36.4047	
1.44	1.9	0	0	10.3	0.8	0	1	0	0	6.8	62.6	55.2	27	41.1	35.8	27.1	99.9	99.9	99.9	95.5	99.9	65.6	99.4	99.3	99.9	97.2	-34.0842	-35.0456	-16.4165	-19.6166	10.6464	36.4047	
1.45	1.9	0	0	10.3	0.8	0	1	0	0	6.8	62.6	55.2	27	41.1	35.8	27.1	99.9	99.9	99.9	95.5	99.9	65.6	99.4	99.3	99.9	97.2	-34.0842	-35.0456	-16.4165	-19.6166	10.6464	36.4047	
1.46	1.9	0	0	10.3	0.8	0	1	0	0	6.8	62.6	55.2	27	41.1	35.8	27.1	99.9	99.9	99.9	95.5	99.9	65.6	99.4	99.3	99.9	97.2	-34.0842	-35.0456	-16.4165	-19.6166	10.6464	36.4047	
1.47	1.9	0	0	10.3	0.8	0	1	0	0	6.8	62.6	55.2	27	41.1	35.8	27.1	99.9	99.9	99.9	95.5	99.9	65.6	99.4	99.3	99.9	97.2	-34.0842	-35.0456	-16.4165	-19.6166	10.6464	36.4047	
1.48	1.9	0	0	10.3	0.8	0	1	0	0	6.8	62.6	55.2	27	41.1	35.8	27.1	99.9	99.9	99.9	95.5	99.9	65.6	99.4	99.3	99.9	97.2	-34.0842	-35.0456	-16.4165	-19.6166	10.6464	36.4047	
1.49	1.9	0	0	10.3	0.8	0	1	0	0	6.8	62.6	55.2	27	41.1	35.8	27.1	99.9	99.9	99.9	95.5	99.9	65.6	99.4	99.3	99.9	97.2	-34.0842	-35.0456	-16.4165	-19.6166	10.6464	36.4047	
1.5	1.9	0	0	10.3	0.8	0	1	0	0	6.8	62.6	55.2	27	41.1	35.8	27.1	99.9	99.9	99.9	95.5	99.9	65.6	99.4	99.3	99.9	97.2	-34.0842	-35.0456	-16.4165	-19.6166	10.6464	36.4047	
1.51	1.9	0	0	10.3	0.8	0	1	0	0	6.8	62.6	55.2	27	41.1	35.8	27.1	99.9	99.9	99.9	95.5	99.9	65.6	99.4	99.3	99.9	97.2	-34.0842	-35.0456	-16.4165	-19.6166	10.6464	36.4047	
1.52	1.9	0	0	10.3	0.8	0	1	0	0	6.8	62.6	55.2	27	41.1	35.8	27.1	99.9	99.9	99.9	95.5	99.9	65.6	99.4	99.3	99.9	97.2	-34.0842	-35.0456	-16.4165	-19.6166	10.6464	36.4047	
1.53	1.9	0	0	10.3	0.8	0	1	0	0	6.8	62.6	55.2	27	41.1	35.8	27.1	99.9	99.9	99.9	95.5	99.9	65.6	99.4	99.3	99.9	97.2	-34.0842	-35.0456	-16.4165	-19.6166	10.6464	36.4047	
1.54	1.9	0	0	10.3	0.8	0	1	0	0	6.8	62.6	55.2	27	41.1	35.8	27.1	99.9	99.9	99.9	95.5	99.9	65.6	99.4	99.3	99.9	97.2	-34.0842	-35.0456	-16.4165	-19.6166	10.6464	36.4047	
1.55	1.9	0	0	10.3	0.8	0	1	0	0	6.8	62.6	55.2	27	41.1	35.8	27.1	99.9	99.9	99.9	95.5	99.9	65.6	99.4	99.3	99.9	97.2	-34.0842	-35.0456	-16.4165	-19.6166	10.6464	36.4047	
1.56	1.9	0	0	10.3	0.8	0	1	0	0	6.8	62.6	55.2	27	41.1	35.8	27.1	99.9	99.9	99.9	95.5	99.9	65.6	99.4	99.3	99.9	97.2	-34.0842	-35.0456	-16.4165	-19.6166	10.6464	36.4047	
1.57	1.9	0	0	10.3	0.8	0	1	0	0	6.8	62.6	55.2	27	41.1	35.8	27.1	99.9	99.9	99.9	95.5	99.9	65.6	99.4	99.3	99.9	97.2	-34.0842	-35.0456	-16.4165	-19.6166	10.6464	36.4047	
1.58	1.9	0	0	10.3	0.8	0	1	0	0	6.8	62.6	55.2	27	41.1	35.8	27.1	99.9	99.9	99.9	95.5	99.9	65.6	99.4	99.3	99.9	97.2	-34.0842	-35.0456	-16.4165	-19.6166	10.6464	36.4047	
1.59	1.9	0	0	10.3	0.8	0	1	0	0	6.8	62.6	55.2	27	41.1	35.8	27.1	99.9	99.9	99.9	95.5	99.9	65.6	99.4	99.3	99.9	97.2	-34.0842	-35.0456	-16.4165	-19.6166	10.6464	36.4047	
1.6	1.9	0	0	10.3	0.8	0	1	0	0	6.8	62.6	55.2	27	41.1	35.8	27.1	99.9	99.9	99.9	95.5	99.9	65.6	99.4	99.3	99.9	97.2	-34.0842	-35.0456	-16.4165	-19.6166	10.6464	36.4047	
1.61	1.9	0	0	10.3	0.8	0	1	0	0	6.8	62.6	55.2	27	41.1	35.8	27.1	99.9	99.9	99.9	95.5	99.9	65.6	99.4	99.3	99.9	97.2	-34.0842	-35.0456	-16.4165	-19.6166	10.6464	36.4047	
1.62	1.9	0	0	10.3	0.8	0	1	0	0	6.8	62.6	55.2	27	41.1	35.8	27.1	99.9	99.9	99.9	95.5	99.9	65.6	99.4	99.3	99.9	97.2	-34.0842	-35.0456	-16.4165	-19.6166	10.6464	36.4047	
1.63	1.9	0	0	10.3	0.8	0	1	0	0	6.8	62.6	55.2	27	41.1	35.8	27.1	99.9	99.9	99.9	95.5	99.9	65.6	99.4	99.3	99.9	97.2	-34.0842	-35.0456	-16.4165	-19.6166	10.6464	36.4047	
1.64	1.9	0	0	10.3	0.8	0	1	0	0	6.8	62.6	55.2	27	41.1	35.8	27.1	99.9	99.9	99.9	95.5	99.9	65.6	99.4	99.3	99.9	97.2	-34.0842	-35.0456	-16.4165	-19.6166	10.6464	36.4047	
1.65	1.9	0	0	10.3	0.8	0	1	0	0	6.8	62.6	55.2	27	41.1	35.8	27.1	99.9	99.9	99.9	95.5	99.9	65.6	99.4	99.3	99.9	97.2	-34.0842	-35.0456	-16.4165	-19.6166	10.6464	36.4047	
1.66	1.9	0	0	10.3	0.8	0	1	0	0	6.8	62.6	55.2	27	41.1	35.8	27.1	99.9	99.9	99.9	95.5	99.9	65.6	99.4	99.3	99.9	97.2	-34.0842	-35.0456	-16.4165	-19.6166	10.6464	36.4047	
1.67	1.9	0	0	10.3	0.8	0	1	0	0	6.8	62.6	55.2	27	41.1	35.8	27.1	99.9	99.9	99.9	95.5	99.9	65.6	99.4	99.3	99.9	97.2	-34.0842	-35.0456	-16.4165	-19.6166	10.6464	36.4047	
1.68	1.9	0	0	10.3	0.8	0	1	0	0	6.8	62.6	55.2	27	41.1	35.8	27.1	99.9	99.9	99.9	95.5	99.9	65.6	99.4	99.3	99.9	97.2	-34.0842	-35.0456	-16.4165	-19.6166	10.6464	36.4047	
1.69	1.9	0	0	10.3	0.8	0	1	0	0	6.8	62.6	55.2	27	41.1	35.8	27.1	99.9	99.9	99.9	95.5	99.9	65.6	99.4	99.3	99.9	97.2	-34.0842	-35.0456	-16.4165	-19.6166	10.6464	36.4047	
1.7	1.9	0	0	10.3	0.8	0	1	0	0	6.8	62.6	55.2	27	41.1	35.8	27.1	99.9	99.9	99.9	95.5	99.9	65.6	99.4	99.3	99.9	97.2	-34.0842	-35.0456	-16.4165	-19.6166	10.6464	36.4047	
1.71	1.9	0	0	10.3	0.8	0	1	0	0	6.8	62.6	55.2	27	41.1	35.8	27.1	99.9	99.9	99.9	95.5	99.9	65.6	99.4	99.3	99.9	97.2	-34.0842	-35.0456	-16.4165	-19.6166	10.6464	36.4047	
1.72	1.9	0	0	10.3	0.8	0	1	0	0	6.8	62.6	55.2	27	41.1	35.8	27.1	99.9	99.9	99.9	95.5	99.9	65.6	99.4	99.3	99.9	97.2	-34.0842	-35.0456	-16.4165	-19.6166	10.6464	36.4047	
1.73	1.8	0	0	10.3	0.8	0	1.1	0	0	6.8	62.4	54.9	26.9	40.9	34.9	27.4	99.9	99.9	99.9	95.5	99.9	67.7	99.7	99.4	99.4	96.5	-33.5001	-35.0739	-16.7974	-19.5273	10.5921	36.3704	
1.74	1.8	0	0	10.3	0.8	0	1.1	0	0	6.8	62.4	54.9	26.9	40.9	34.9	27.4	99.9	99.9	99.9	95.5	99.9	67.7	99.7	99.4	99.4	96.5	-33.5001	-35.0739	-16.7974	-19.5273	10.5921	36.3704	
1.75	1.8	0	0	10.3	0.8	0	1.1	0	0	6.8	62.4	54.9	26.9	40.9	34.9	27.4	99.9	99.9	99.9	95.5	99.9	67.7	99.7	99.4	99.4	96.5	-33.5001	-35.0739	-16.7974	-19.5273	10.5921	36.3704	
1.76	1.8	0	0	10.3	0.8	0	1.1	0	0	6.8	62.4	54.9	26.9	40.9	34.9	27.4	99.9	99.9	99.9	95.5	99.9	67.7	99.7	99.4	99.4	96.5	-33.5001	-35.0739	-16.7974	-19.5273	10.5921	36.3704	
1.77	1.8	0	0	10.3	0.8	0	1.1	0	0	6.8	62.4	54.9	26.9	40.9	34.9	27.4	99.9	99.9	99.9	95.5	99.9	67.7	99.7	99.4	99.4	96.5	-33.5001	-35.0739	-16.7974	-19.5273	10.5921	36.3704	
1.78	1.8	0	0	10.3	0.8	0	1.1	0	0	6.8	62.4	54.9	26.9	40.9	34.9	27.4	99.9	99.9	99.9	95.5	99.9	67.7	99.7	99.4	99.4	96.5	-33.5001	-35.0739	-16.7974	-19.5273	10.5921	36.3704	
1.79	1.8	0	0	10.3	0.8	0	1.1	0	0	6.8	62.4	54.9	26.9	40.9	34.9	27.4	99.9	99.9	99.9	95.5	99.9	67.7	99.7	99.4	99.4	96.5	-33.5001	-35.0739	-16.7974	-19.5273	10.5921	36.3704	
1.8	1.8	0	0	10.3	0.8	0	1.1	0	0	6.8	62.4	54.9	26.9	40.9	34.9	27.4	99.9	99.9	99.9	95.5	99.9	67.7	99.7	99.4	99.4	96.5	-33.5001	-35.0739	-16.7974	-19.5273	10.5921	36.3704	
1.81	1.8	0	0	10.3	0.8	0	1.1	0	0	6.8	62.4	54.9	26.9	40.9	34.9	27.4	99.9	99.9	99.9	95.5	99.9	67.7	99.7	99.4	99.4	96.5	-33.5001	-35.0739	-16.7974	-19.5273	10.5921	36.3704	
1.82	1.8	0	0	10.3	0.8	0	1.1	0	0	6.8	62.4	54.9	26.9	40.9	34.9	27.4	99.9	99.9	99.9	95.5	99.9	67.7	99.7	99.4	99.4	96.5	-33.5001	-35.0739	-16.7974	-19.5273	10.5921	36.3704	
1.83	1.8	0	0	10.3	0.8	0	1.1	0	0	6.8	62.4	54.9	26.9	40.9	34.9	27.4	99.9	99.9	99.9	95.5	99.9	67.7	99.7	99.4	99.4	96.5	-33.5001	-35.0739	-16.7974	-19.5273	10.5921	36.3704	
1.84	1.8	0	0	10.3	0.8	0	1.1	0	0	6.8	62.4	54.9	26.9	40.9	34.9	27.4	99.9	99.9	99.9	95.5	99.9	67.7	99.7	99.4	99.4	96.5	-33.5001	-35.0739	-16.7974	-19.5273	10.5921	36.3704	
1.85	1.8	0	0	10.3	0.8	0	1.1	0	0	6.8	62.4	54.9	26.9	40.9	34.9	27.4	99.9	99.9	99.9	95.5	99.9	67.7	99.7	99.4	99.4	96.5	-33.5001	-35.0739	-16.7974	-19.5273	10.5921	36.3704	
1.86	1.8	0	0	10.3	0.8	0	1.1	0	0	6.8	62.4	54.9	26.9	40.9	34.9	27.4	99.9	99.9	99.9	95.5	99.9	67.7	99.7	99.4	99.4	96.5	-33.5001	-35.0739	-16.7974	-19.5273	10.5921	36.3704	
1.87	1.8	0	0	10.3	0.8	0	1.1	0	0	6.8	62.4	54.9	26.9	40.9	34.9	27.4	99.9	99.9	99.9	95.5	99.9	67.7	99.7	99.4	99.4	96.5	-33.5001	-35.0739	-16.7974	-19.5273	10.5921	36.3704	
1.88	1.8	0	0	10.3	0.8	0	1.1	0	0	6.8	62.4	54.9	26.9	40.9	34.9	27.4	99.9	99.9	99.9	95.5	99.9	67.7	99.7	99.4	99.4	96.5	-33.5001	-35.0739	-16.7974	-19.5273	10.5921	36.3704	
1.89	1.8	0	0	10.3	0.8	0	1.1	0	0	6.8	62.4	54.9	26.9	40.9	34.9	27.4	99.9	99.9	99.9	95.5	99.9	67.7	99.7	99.4	99.4	96.5	-33.5001	-35.0739	-16.7974	-19.5273	10.5921	36.3704	
1.9	1.8	0	0	10.3	0.8	0	1.1	0	0	6.8	62.4	54.9	26.9	40.9	34.9	27.4	99.9	99.9	99.9	95.5	99.9	67.7	99.7	99.4	99.4	96.5	-33.5001	-35.0739	-16.7974	-19.5273	10.5921	36.3704	
1.91	1.8	0	0	10.3	0.8	0	1.1	0	0	6.8	62.4	54.9	26.9	40.9	34.9	27.4	99.9	99.9	99.9	95.5	99.9	67.7	99.7	99.4	99.4	96.5	-33.5001	-35.0739	-16.7974	-19.5273	10.5921	36.3704	
1.92	1.8	0	0	10.3	0.8	0	1.1	0	0	6.8	62.4	54.9	26.9	40.9	34.9	27.4	99.9	99.9	99.9	95.5	99.9	67.7	99.7	99.4	99.4	96.5	-33.5001	-35.0739	-16.7974	-19.5273	10.5921	36.3704	
1.93	1.8	0	0	10.3	0.8	0	1.1	0	0	6.8	62.4	54.9	26.9	40.9	34.9	27.4	99.9	99.9	99.9	95.5	99.9	67.7	99.7	99.4	99.4	96.5	-33.5001	-35.0739	-16.7974	-19.5273	10.5921	36.3704	
1.94	1.8	0	0	10.3	0.8	0	1.1	0	0	6.8	62.4	54.9	26.9	40.9	34.9	27.4	99.9	99.9	99.9	95.5	99.9	67.7	99.7	99.4	99.4	96.5	-33.5001	-35.0739	-16.7974	-19.5273	10.5921	36.3704	
1.95	1.8	0	0	10.3	0.8	0	1.1	0	0	6.8	62.4	54.9	26.9	40.9	34.9	27.4	99.9	99.9	99.9	95.5	99.9	67.7	99.7	99.4	99.4	96.5	-33.5001	-35.0739	-16.7974	-19.5273	10.5921	36.3704	
1.96	1.8	0	0	10.3	0.8	0	1.1	0	0	6.8	62.4	54.9	26.9	40.9	34.9	27.4	99.9	99.9	99.9	95.5	99.9	67.7	99.7	99.4	99.4	96.5	-33.5001	-35.0739	-16.7974	-19.5273	10.5921	36.3704	
1.97	1.8	0	0	10.3	0.8	0	1.1	0	0	6.8	62.4	54.9	26.9	40.9	34.9	27.4	99.9	99.9	99.9	95.5	99.9	67.7	99.7	99.4	99.4	96.5	-33.5001	-35.0739	-16.7974	-19.5273	10.5921	36.3704	
1.98	1.8	0	0	10.3	0.8	0	1.1	0	0	6.8	62.4	54.9	26.9	40.9	34.9	27.4	99.9	99.9	99.9	95.5	99.9	67.7	99.7	99.4	99.4	96.5	-33.5001	-35.0739	-16.7974	-19.5273	10.5921	36.3704	
1.99	1.8	0	0	10.3	0.8	0	1.1	0	0	6.8	62.4	54.9	26.9	40.9	34.9	27.4	99.9	99.9	99.9	95.5	99.9	67.7	99.7	99.4	99.4	96.5	-33.5001	-35.0739	-16.7974	-19.5273	10.5921	36.3704	
2	1.8	0	0	10.3	0.8	0	1.1	0	0	6.8	62.4	54.9	26.9	40.9	34.9	27.4	99.9	99.9	99.9	95.5	99.9	67.7	99.7	99.4	99.4	96.5	-33.5001	-35.0739	-16.7974	-19.5273	10.5921	36.3704	
2.01	1.8	0	0	10.3	0.8	0	1.1	0	0	6.8	62.4	54.9	26.9	40.9	34.9	27.4	99.9	99.9	99.9	95.5	99.9	67.7	99.7	99.4	99.4	96.5	-33.5001	-35.0739	-16.7974	-19.5273	10.5921	36.3704	
2.02	1.8	0	0	10.3	0.8	0	1.1	0	0	6.8	62.4	54.9	26.9	40.9	34.9	27.4	99.9	99.9	99.9	95.5	99.9	67.7	99.7	99.4	99.4	96.5	-33.5001	-35.0739	-16.7974	-19.5273	10.5921	36.3704	
2.03	1.8	0	0	10.3	0.8	0	1.1	0	0	6.8	62.4	54.9	26.9	40.9	34.9	27.4	99.9	99.9	99.9	95.5	99.9	67.7	99.7	99.4	99.4	96.5	-33.5001	-35.0739	-16.7974	-19.5273	10.5921	36.3704	
2.04	1.8	0	0	10.3	0.8	0	1.1	0	0	6.8	62.4	54.9	26.9	40.9	34.9	27.4	99.9	99.9	99.9	95.5	99.9	67.7	99.7	99.4	99.4	96.5	-33.5001	-35.0739	-16.7974	-19.5273	10.5921	36.3704	
2.05	1.8	0	0	10.3	0.8	0	1.1	0	0	6.8	62.4	54.9	26.9	40.9	34.9	27.4	99.9	99.9	99.9	95.5	99.9	67.7	99.7	99.4	99.4	96.5	-33.5001	-35.0739	-16.7974	-19.5273	10.5921	36.3704	
2.06	1.8	0	0	10.3	0.8	0	1.1	0	0	6.8	62.4	54.9	26.9	40.9	34.9	27.4	99.9	99.9	99.9	95.5	99.9	67.7	99.7	99.4	99.4	96.5	-33.5001	-35.0739	-16.7974	-19.5273	10.5921	36.3704	
2.07	1.8	0	0	10.3	0.8	0	1.1	0	0	6.8	62.4	54.9	26.9	40.9	34.9	27.4	99.9	99.9	99.9	95.5	99.9	67.7	99.7	99.4	99.4	96.5	-33.5001	-35.0739	-16.7974	-19.5273	10.5921	36.3704	
2.08	1.8	0	0	10.3	0.8	0	1.1	0	0	6.8	62.4	54.9	26.9	40.9	34.9	27.4	99.9	99.9	99.9	95.5	99.9	67.7	99.7	99.4	99.4	96.5	-33.5001	-35.0739	-16.7974	-19.5273	10.5921	36.3704	
2.09	1.8	0	0	10.3	0.8	0	1.1	0	0	6.8	62.4	54.9	26.9	40.9	34.9	27.4	99.9	99.9	99.9	95.5	99.9	67.7	99.7	99.4	99.4	96.5	-33.5001	-35.0739	-16.7974	-19.5273	10.5921	36.3704	
2.1	1.7	0	0	10.3	0.9	0	1.1	0	0	6.8	62.6	54.3	26.7	40.5	34.6	27.3	100	99.9	99.9	96	99.9	68.5	99.4	99.5	99.9	96.8	-33.5326	-34.6896	-16.7895	-19.2579	10.5551	36.3761	
2.11	1.7	0	0	10.3	0.9	0	1.1	0	0	6.8	62.6	54.3	26.7	40.5	34.6	27.3	100	99.9	99.9	96	99.9	68.5	99.4	99.5	99.9	96.8	-33.5326	-34.6896	-16.7895	-19.2579	10.5551	36.3761	
2.12	1.7	0	0	10.3	0.9	0	1.1	0	0	6.8	62.6	54.3	26.7	40.5	34.6	27.3	100	99.9	99.9	96	99.9	68.5	99.4	99.5	99.9	96.8	-33.5326	-34.6896	-16.7895	-19.2579	10.5551	36.3761	
2.13	1.7	0	0	10.3	0.9	0	1.1	0	0	6.8	62.6	54.3	26.7	40.5	34.6	27.3	100	99.9	99.9	96	99.9	68.5	99.4	99.5	99.9	96.8	-33.5326	-34.6896	-16.7895	-19.2579	10.5551	36.3761	
2.14	1.7	0	0	10.3	0.9	0	1.1	0	0	6.8	62.6	54.3	26.7	40.5	34.6	27.3	100	99.9	99.9	96	99.9	68.5	99.4	99.5	99.9	96.8	-33.5326	-34.6896	-16.7895	-19.2579	10.5551	36.3761	
2.15	1.7	0	0	10.3	0.9	0	1.1	0	0	6.8	62.6	54.3	26.7	40.5	34.6	27.3	100	99.9	99.9	96	99.9	68.5	99.4	99.5	99.9	96.8	-33.5326	-34.6896	-16.7895	-19.2579	10.5551	36.3761	
2.16	1.7	0	0	10.3	0.9	0	1.1	0	0	6.8	62.6	54.3	26.7	40.5	34.6	27.3	100	99.9	99.9	96	99.9	68.5	99.4	99.5	99.9	96.8	-33.5326	-34.6896	-16.7895	-19.2579	10.5551	36.3761	
2.17	1.7	0	0	10.3	0.9	0	1.1	0	0	6.8	62.6	54.3	26.7	40.5	34.6	27.3	100	99.9	99.9	96	99.9	68.5	99.4	99.5	99.9	96.8	-33.5326	-34.6896	-16.7895	-19.2579	10.5551	36.3761	
2.18	1.7	0	0	10.3	0.9	0	1.1	0	0	6.8	62.6	54.3	26.7	40.5	34.6	27.3	100	99.9	99.9	96	99.9	68.5	99.4	99.5	99.9	96.8	-33.5326	-34.6896	-16.7895	-19.2579	10.5551	36.3761	
2.19	1.7	0	0	10.3	0.9	0	1.1	0	0	6.8	62.6	54.3	26.7	40.5	34.6	27.3	100	99.9	99.9	96	99.9	68.5	99.4	99.5	99.9	96.8	-33.5326	-34.6896	-16.7895	-19.2579	10.5551	36.3761	
2.2	1.7	0	0	10.3	0.9	0	1.1	0	0	6.8	62.6	54.3	26.7	40.5	34.6	27.3	100	99.9	99.9	96	99.9	68.5	99.4	99.5	99.9	96.8	-33.5326	-34.6896	-16.7895	-19.2579	10.5551	36.3761	
2.21	1.7	0	0	10.3	0.9	0	1.1	0	0	6.8	62.6	54.3	26.7	40.5	34.6	27.3	100	99.9	99.9	96	99.9	68.5	99.4	99.5	99.9	96.8	-33.5326	-34.6896	-16.7895	-19.2579	10.5551	36.3761	
2.22	1.7	0	0	10.3	0.9	0	1.1	0	0	6.8	62.6	54.3	26.7	40.5	34.6	27.3	100	99.9	99.9	96	99.9	68.5	99.4	99.5	99.9	96.8	-33.5326	-34.6896	-16.7895	-19.2579	10.5551	36.3761	
2.23	1.7	0	0	10.3	0.9	0	1.1	0	0	6.8	62.6	54.3	26.7	40.5	34.6	27.3	100	99.9	99.9	96	99.9	68.5	99.4	99.5	99.9	96.8	-33.5326	-34.6896	-16.7895	-19.2579	10.5551	36.3761	
2.24	1.7	0	0	10.3	0.9	0	1.1	0	0	6.8	62.6	54.3	26.7	40.5	34.6	27.3	100	99.9	99.9	96	99.9	68.5	99.4	99.5	99.9	96.8	-33.5326	-34.6896	-16.7895	-19.2579	10.5551	36.3761	
2.25	1.7	0	0	10.3	0.9	0	1.1	0	0	6.8	62.6	54.3	26.7	40.5	34.6	27.3	100	99.9	99.9	96	99.9	68.5	99.4	99.5	99.9	96.8	-33.5326	-34.6896	-16.7895	-19.2579	10.5551	36.3761	
2.26	1.7	0	0	10.3	0.9	0	1.1	0	0	6.8	62.6	54.3	26.7	40.5	34.6	27.3	100	99.9	99.9	96	99.9	68.5	99.4	99.5	99.9	96.8	-33.5326	-34.6896	-16.7895	-19.2579	10.5551	36.3761	
2.27	1.7	0	0	10.3	0.9	0	1.1	0	0	6.8	62.6	54.3	26.7	40.5	34.6	27.3	100	99.9	99.9	96	99.9	68.5	99.4	99.5	99.9	96.8	-33.5326	-34.6896	-16.7895	-19.2579	10.5551	36.3761	
2.28	1.7	0	0	10.3	0.9	0	1.1	0	0	6.8	62.6	54.3	26.7	40.5	34.6	27.3	100	99.9	99.9	96	99.9	68.5	99.4	99.5	99.9	96.8	-33.5326	-34.6896	-16.7895	-19.2579	10.5551	36.3761	
2.29	1.7	0	0	10.3	0.9	0	1.1	0	0	6.8	62.6	54.3	26.7	40.5	34.6	27.3	100	99.9	99.9	96	99.9	68.5	99.4	99.5	99.9	96.8	-33.5326	-34.6896	-16.7895	-19.2579	10.5551	36.3761	
2.3	1.7	0	0	10.3	0.9	0	1.1	0	0	6.8	62.6	54.3	26.7	40.5	34.6	27.3	100	99.9	99.9	96	99.9	68.5	99.4	99.5	99.9	96.8	-33.5326	-34.6896	-16.7895	-19.2579	10.5551	36.3761	
2.31	1.7	0	0	10.3	0.9	0	1.1	0	0	6.8	62.6	54.3	26.7	40.5	34.6	27.3	100	99.9	99.9	96	99.9	68.5	99.4	99.5	99.9	96.8	-33.5326	-34.6896	-16.7895	-19.2579	10.5551	36.3761	
2.32	1.7	0	0	10.3	0.9	0	1.1	0	0	6.8	62.6	54.3	26.7	40.5	34.6	27.3	100	99.9	99.9	96	99.9	68.5	99.4	99.5	99.9	96.8	-33.5326	-34.6896	-16.7895	-19.2579	10.5551	36.3761	
2.33	1.7	0	0	10.3	0.9	0	1.1	0	0	6.8	62.6	54.3	26.7	40.5	34.6	27.3	100	99.9	99.9	96	99.9	68.5	99.4	99.5	99.9	96.8	-33.5326	-34.6896	-16.7895	-19.2579	10.5551	36.3761	
2.34	1.7	0	0	10.3	0.9	0	1.1	0	0	6.8	62.6	54.3	26.7	40.5	34.6	27.3	100	99.9	99.9	96	99.9	68.5	99.4	99.5	99.9	96.8	-33.5326	-34.6896	-16.7895	-19.2579	10.5551	36.3761	
