Hora de inicio de la toma de datos: 10:33:55
AT(s)	F1.1	F1.2	F2.1	F2.2	F3.1	F3.2	F4.1	F4.2	F5.1	F5.2	ABD1	ABD2	ABD3	ABD4	PA	TCO	P1	P2	P3	P4	P5	P6	P7	P8	P9	P10	HRoll	HPitch	HYaw	WRoll	WPitch	WYaw	
0.01	0.9	20.7	15.9	17.5	11.9	0	9.2	0	2.7	3.4	15	61.6	29.5	45.55	26.8	24	99.9	99.9	99.9	99.9	99.9	98.7	99.9	99.8	99.4	99.4	-47.9585	5.2967	87.9326	-34.0162	2.98179	155.431	
0.02	0.9	20.7	15.9	17.5	11.9	0	9.2	0	2.7	3.4	15	61.6	29.5	45.55	26.8	24	99.9	99.9	99.9	99.9	99.9	98.7	99.9	99.8	99.4	99.4	-47.9585	5.2967	87.9326	-34.0162	2.98179	155.431	
0.03	0.9	20.7	15.9	17.5	11.9	0	9.2	0	2.7	3.4	15	61.6	29.5	45.55	26.8	24	99.9	99.9	99.9	99.9	99.9	98.7	99.9	99.8	99.4	99.4	-47.9585	5.2967	87.9326	-34.0162	2.98179	155.431	
0.04	0.9	20.7	15.9	17.5	11.9	0	9.2	0	2.7	3.4	15	61.6	29.5	45.55	26.8	24	99.9	99.9	99.9	99.9	99.9	98.7	99.9	99.8	99.4	99.4	-47.9585	5.2967	87.9326	-34.0162	2.98179	155.431	
0.05	0.9	20.7	15.9	17.5	11.9	0	9.2	0	2.7	3.4	15	61.6	29.5	45.55	26.8	24	99.9	99.9	99.9	99.9	99.9	98.7	99.9	99.8	99.4	99.4	-47.9585	5.2967	87.9326	-34.0162	2.98179	155.431	
0.06	0.9	20.7	15.9	17.5	11.9	0	9.2	0	2.7	3.4	15	61.6	29.5	45.55	26.8	24	99.9	99.9	99.9	99.9	99.9	98.7	99.9	99.8	99.4	99.4	-47.9585	5.2967	87.9326	-34.0162	2.98179	155.431	
0.07	0.9	20.7	15.9	17.5	11.9	0	9.2	0	2.7	3.4	15	61.6	29.5	45.55	26.8	24	99.9	99.9	99.9	99.9	99.9	98.7	99.9	99.8	99.4	99.4	-47.9585	5.2967	87.9326	-34.0162	2.98179	155.431	
0.08	0.9	20.7	15.9	17.5	11.9	0	9.2	0	2.7	3.4	15	61.6	29.5	45.55	26.8	24	99.9	99.9	99.9	99.9	99.9	98.7	99.9	99.8	99.4	99.4	-47.9585	5.2967	87.9326	-34.0162	2.98179	155.431	
0.09	0.9	20.7	15.9	17.5	11.9	0	9.2	0	2.7	3.4	15	61.6	29.5	45.55	26.8	24	99.9	99.9	99.9	99.9	99.9	98.7	99.9	99.8	99.4	99.4	-47.9585	5.2967	87.9326	-34.0162	2.98179	155.431	
0.1	0.9	20.7	15.9	17.5	11.9	0	9.2	0	2.7	3.4	15	61.6	29.5	45.55	26.8	24	99.9	99.9	99.9	99.9	99.9	98.7	99.9	99.8	99.4	99.4	-47.9585	5.2967	87.9326	-34.0162	2.98179	155.431	
0.11	0.9	20.7	15.9	17.5	11.9	0	9.2	0	2.7	3.4	15	61.6	29.5	45.55	26.8	24	99.9	99.9	99.9	99.9	99.9	98.7	99.9	99.8	99.4	99.4	-47.9585	5.2967	87.9326	-34.0162	2.98179	155.431	
0.12	1	20.7	16	17.5	11.8	0	9.3	0	2.9	3.4	15.2	61.6	29.5	45.55	26.7	24.1	100	99.9	99.9	99.9	99.9	98.6	99.9	99.9	99.9	99.9	-47.8941	5.23484	87.9351	-34.2203	3.05469	155.405	
0.13	1	20.7	16	17.5	11.8	0	9.3	0	2.9	3.4	15.2	61.6	29.5	45.55	26.7	24.1	100	99.9	99.9	99.9	99.9	98.6	99.9	99.9	99.9	99.9	-47.8941	5.23484	87.9351	-34.2203	3.05469	155.405	
0.14	1	20.7	16	17.5	11.8	0	9.3	0	2.9	3.4	15.2	61.6	29.5	45.55	26.7	24.1	100	99.9	99.9	99.9	99.9	98.6	99.9	99.9	99.9	99.9	-47.8941	5.23484	87.9351	-34.2203	3.05469	155.405	
0.15	1	20.7	16	17.5	11.8	0	9.3	0	2.9	3.4	15.2	61.6	29.5	45.55	26.7	24.1	100	99.9	99.9	99.9	99.9	98.6	99.9	99.9	99.9	99.9	-47.8941	5.23484	87.9351	-34.2203	3.05469	155.405	
0.16	1	20.7	16	17.5	11.8	0	9.3	0	2.9	3.4	15.2	61.6	29.5	45.55	26.7	24.1	100	99.9	99.9	99.9	99.9	98.6	99.9	99.9	99.9	99.9	-47.8941	5.23484	87.9351	-34.2203	3.05469	155.405	
0.171	1	20.7	16	17.5	11.8	0	9.3	0	2.9	3.4	15.2	61.6	29.5	45.55	26.7	24.1	100	99.9	99.9	99.9	99.9	98.6	99.9	99.9	99.9	99.9	-47.8941	5.23484	87.9351	-34.2203	3.05469	155.405	
0.181	1	20.7	16	17.5	11.8	0	9.3	0	2.9	3.4	15.2	61.6	29.5	45.55	26.7	24.1	100	99.9	99.9	99.9	99.9	98.6	99.9	99.9	99.9	99.9	-47.8941	5.23484	87.9351	-34.2203	3.05469	155.405	
0.191	1	20.7	16	17.5	11.8	0	9.3	0	2.9	3.4	15.2	61.6	29.5	45.55	26.7	24.1	100	99.9	99.9	99.9	99.9	98.6	99.9	99.9	99.9	99.9	-47.8941	5.23484	87.9351	-34.2203	3.05469	155.405	
0.201	1	20.7	16	17.5	11.8	0	9.3	0	2.9	3.4	15.2	61.6	29.5	45.55	26.7	24.1	100	99.9	99.9	99.9	99.9	98.6	99.9	99.9	99.9	99.9	-47.8941	5.23484	87.9351	-34.2203	3.05469	155.405	
0.211	1	20.7	16	17.5	11.8	0	9.3	0	2.9	3.4	15.2	61.6	29.5	45.55	26.7	24.1	100	99.9	99.9	99.9	99.9	98.6	99.9	99.9	99.9	99.9	-47.8941	5.23484	87.9351	-34.2203	3.05469	155.405	
0.221	1	20.7	16	17.5	11.8	0	9.3	0	2.9	3.4	15.2	61.6	29.5	45.55	26.7	24.1	100	99.9	99.9	99.9	99.9	98.6	99.9	99.9	99.9	99.9	-47.8941	5.23484	87.9351	-34.2203	3.05469	155.405	
0.231	1	20.7	16	17.5	11.8	0	9.3	0	2.9	3.4	15.2	61.6	29.5	45.55	26.7	24.1	100	99.9	99.9	99.9	99.9	98.6	99.9	99.9	99.9	99.9	-47.8941	5.23484	87.9351	-34.2203	3.05469	155.405	
0.241	1	20.7	16	17.5	11.8	0	9.3	0	2.9	3.4	15.2	61.6	29.5	45.55	26.7	24.1	100	99.9	99.9	99.9	99.9	98.6	99.9	99.9	99.9	99.9	-47.8941	5.23484	87.9351	-34.2203	3.05469	155.405	
0.251	1	20.7	16	17.5	11.8	0	9.3	0	2.9	3.4	15.2	61.6	29.5	45.55	26.7	24.1	100	99.9	99.9	99.9	99.9	98.6	99.9	99.9	99.9	99.9	-47.8941	5.23484	87.9351	-34.2203	3.05469	155.405	
0.261	1	20.7	16	17.5	11.8	0	9.3	0	2.9	3.4	15.2	61.6	29.5	45.55	26.7	24.1	100	99.9	99.9	99.9	99.9	98.6	99.9	99.9	99.9	99.9	-47.8941	5.23484	87.9351	-34.2203	3.05469	155.405	
0.271	1	20.7	16	17.5	11.8	0	9.3	0	2.9	3.4	15.2	61.6	29.5	45.55	26.7	24.1	100	99.9	99.9	99.9	99.9	98.6	99.9	99.9	99.9	99.9	-47.8941	5.23484	87.9351	-34.2203	3.05469	155.405	
0.281	1	20.7	16	17.5	11.8	0	9.3	0	2.9	3.4	15.2	61.6	29.5	45.55	26.7	24.1	100	99.9	99.9	99.9	99.9	98.6	99.9	99.9	99.9	99.9	-47.8941	5.23484	87.9351	-34.2203	3.05469	155.405	
0.29	1	20.7	16	17.5	11.8	0	9.3	0	2.9	3.4	15.2	61.6	29.5	45.55	26.7	24.1	100	99.9	99.9	99.9	99.9	98.6	99.9	99.9	99.9	99.9	-47.8941	5.23484	87.9351	-34.2203	3.05469	155.405	
0.3	1	20.7	16	17.5	11.8	0	9.3	0	2.9	3.4	15.2	61.6	29.5	45.55	26.7	24.1	100	99.9	99.9	99.9	99.9	98.6	99.9	99.9	99.9	99.9	-47.8941	5.23484	87.9351	-34.2203	3.05469	155.405	
0.31	1	20.7	16	17.5	11.8	0	9.3	0	2.9	3.4	15.2	61.6	29.5	45.55	26.7	24.1	100	99.9	99.9	99.9	99.9	98.6	99.9	99.9	99.9	99.9	-47.8941	5.23484	87.9351	-34.2203	3.05469	155.405	
0.32	1	20.7	16	17.5	11.8	0	9.3	0	2.9	3.4	15.2	61.6	29.5	45.55	26.7	24.1	100	99.9	99.9	99.9	99.9	98.6	99.9	99.9	99.9	99.9	-47.8941	5.23484	87.9351	-34.2203	3.05469	155.405	
0.33	1	20.7	16	17.5	11.8	0	9.3	0	2.9	3.4	15.2	61.6	29.5	45.55	26.7	24.1	100	99.9	99.9	99.9	99.9	98.6	99.9	99.9	99.9	99.9	-47.8941	5.23484	87.9351	-34.2203	3.05469	155.405	
0.34	1	20.7	16	17.5	11.8	0	9.3	0	2.9	3.4	15.2	61.6	29.5	45.55	26.7	24.1	100	99.9	99.9	99.9	99.9	98.6	99.9	99.9	99.9	99.9	-47.8941	5.23484	87.9351	-34.2203	3.05469	155.405	
0.35	1	20.7	16	17.5	11.8	0	9.3	0	2.9	3.4	15.2	61.6	29.5	45.55	26.7	24.1	100	99.9	99.9	99.9	99.9	98.6	99.9	99.9	99.9	99.9	-47.8941	5.23484	87.9351	-34.2203	3.05469	155.405	
0.36	1	20.7	16	17.5	11.8	0	9.3	0	2.9	3.4	15.2	61.6	29.5	45.55	26.7	24.1	100	99.9	99.9	99.9	99.9	98.6	99.9	99.9	99.9	99.9	-47.8941	5.23484	87.9351	-34.2203	3.05469	155.405	
0.37	1	20.7	16	17.5	11.8	0	9.3	0	2.9	3.4	15.2	61.6	29.5	45.55	26.7	24.1	100	99.9	99.9	99.9	99.9	98.6	99.9	99.9	99.9	99.9	-47.8941	5.23484	87.9351	-34.2203	3.05469	155.405	
0.38	1	20.7	16	17.5	11.8	0	9.3	0	2.9	3.4	15.2	61.6	29.5	45.55	26.7	24.1	100	99.9	99.9	99.9	99.9	98.6	99.9	99.9	99.9	99.9	-47.8941	5.23484	87.9351	-34.2203	3.05469	155.405	
0.39	1	20.7	16	17.5	11.8	0	9.3	0	2.9	3.4	15.2	61.6	29.5	45.55	26.7	24.1	100	99.9	99.9	99.9	99.9	98.6	99.9	99.9	99.9	99.9	-47.8941	5.23484	87.9351	-34.2203	3.05469	155.405	
0.4	1	20.7	16	17.5	11.8	0	9.3	0	2.9	3.4	15.2	61.6	29.5	45.55	26.7	24.1	100	99.9	99.9	99.9	99.9	98.6	99.9	99.9	99.9	99.9	-47.8941	5.23484	87.9351	-34.2203	3.05469	155.405	
0.41	1	20.7	16	17.5	11.8	0	9.3	0	2.9	3.4	15.2	61.6	29.5	45.55	26.7	24.1	100	99.9	99.9	99.9	99.9	98.6	99.9	99.9	99.9	99.9	-47.8941	5.23484	87.9351	-34.2203	3.05469	155.405	
0.42	1	20.7	16	17.5	11.8	0	9.3	0	2.9	3.4	15.2	61.6	29.5	45.55	26.7	24.1	100	99.9	99.9	99.9	99.9	98.6	99.9	99.9	99.9	99.9	-47.8941	5.23484	87.9351	-34.2203	3.05469	155.405	
0.43	1	20.7	16	17.5	11.8	0	9.3	0	2.9	3.4	15.2	61.6	29.5	45.55	26.7	24.1	100	99.9	99.9	99.9	99.9	98.6	99.9	99.9	99.9	99.9	-47.8941	5.23484	87.9351	-34.2203	3.05469	155.405	
0.44	1	20.7	16	17.5	11.8	0	9.3	0	2.9	3.4	15.2	61.6	29.5	45.55	26.7	24.1	100	99.9	99.9	99.9	99.9	98.6	99.9	99.9	99.9	99.9	-47.8941	5.23484	87.9351	-34.2203	3.05469	155.405	
0.45	1	20.7	16	17.5	11.8	0	9.3	0	2.9	3.4	15.2	61.6	29.5	45.55	26.7	24.1	100	99.9	99.9	99.9	99.9	98.6	99.9	99.9	99.9	99.9	-47.8941	5.23484	87.9351	-34.2203	3.05469	155.405	
0.46	1	20.7	16	17.5	11.8	0	9.3	0	2.9	3.4	15.2	61.6	29.5	45.55	26.7	24.1	100	99.9	99.9	99.9	99.9	98.6	99.9	99.9	99.9	99.9	-47.8941	5.23484	87.9351	-34.2203	3.05469	155.405	
0.47	1	20.7	16	17.5	11.8	0	9.3	0	2.9	3.4	15.2	61.6	29.5	45.55	26.7	24.1	100	99.9	99.9	99.9	99.9	98.6	99.9	99.9	99.9	99.9	-47.8941	5.23484	87.9351	-34.2203	3.05469	155.405	
0.48	1	20.7	16	17.5	11.8	0	9.3	0	2.9	3.4	15.2	61.6	29.5	45.55	26.7	24.1	100	99.9	99.9	99.9	99.9	98.6	99.9	99.9	99.9	99.9	-47.8941	5.23484	87.9351	-34.2203	3.05469	155.405	
0.49	0.9	20.5	16	17.6	11.9	0	9.2	0	2.7	3.3	15	61.5	29.5	45.5	26.6	24.1	99.9	99.9	99.9	99.9	99.9	99.1	99.9	99.9	99.7	99.3	-47.8109	5.24188	87.9269	-34.3374	2.87098	155.388	
0.5	0.9	20.5	16	17.6	11.9	0	9.2	0	2.7	3.3	15	61.5	29.5	45.5	26.6	24.1	99.9	99.9	99.9	99.9	99.9	99.1	99.9	99.9	99.7	99.3	-47.8109	5.24188	87.9269	-34.3374	2.87098	155.388	
0.51	0.9	20.5	16	17.6	11.9	0	9.2	0	2.7	3.3	15	61.5	29.5	45.5	26.6	24.1	99.9	99.9	99.9	99.9	99.9	99.1	99.9	99.9	99.7	99.3	-47.8109	5.24188	87.9269	-34.3374	2.87098	155.388	
0.52	0.9	20.5	16	17.6	11.9	0	9.2	0	2.7	3.3	15	61.5	29.5	45.5	26.6	24.1	99.9	99.9	99.9	99.9	99.9	99.1	99.9	99.9	99.7	99.3	-47.8109	5.24188	87.9269	-34.3374	2.87098	155.388	
0.53	0.9	20.5	16	17.6	11.9	0	9.2	0	2.7	3.3	15	61.5	29.5	45.5	26.6	24.1	99.9	99.9	99.9	99.9	99.9	99.1	99.9	99.9	99.7	99.3	-47.8109	5.24188	87.9269	-34.3374	2.87098	155.388	
0.54	0.9	20.5	16	17.6	11.9	0	9.2	0	2.7	3.3	15	61.5	29.5	45.5	26.6	24.1	99.9	99.9	99.9	99.9	99.9	99.1	99.9	99.9	99.7	99.3	-47.8109	5.24188	87.9269	-34.3374	2.87098	155.388	
0.55	0.9	20.5	16	17.6	11.9	0	9.2	0	2.7	3.3	15	61.5	29.5	45.5	26.6	24.1	99.9	99.9	99.9	99.9	99.9	99.1	99.9	99.9	99.7	99.3	-47.8109	5.24188	87.9269	-34.3374	2.87098	155.388	
0.56	0.9	20.5	16	17.6	11.9	0	9.2	0	2.7	3.3	15	61.5	29.5	45.5	26.6	24.1	99.9	99.9	99.9	99.9	99.9	99.1	99.9	99.9	99.7	99.3	-47.8109	5.24188	87.9269	-34.3374	2.87098	155.388	
0.57	0.9	20.5	16	17.6	11.9	0	9.2	0	2.7	3.3	15	61.5	29.5	45.5	26.6	24.1	99.9	99.9	99.9	99.9	99.9	99.1	99.9	99.9	99.7	99.3	-47.8109	5.24188	87.9269	-34.3374	2.87098	155.388	
0.58	0.9	20.5	16	17.6	11.9	0	9.2	0	2.7	3.3	15	61.5	29.5	45.5	26.6	24.1	99.9	99.9	99.9	99.9	99.9	99.1	99.9	99.9	99.7	99.3	-47.8109	5.24188	87.9269	-34.3374	2.87098	155.388	
0.59	0.9	20.5	16	17.6	11.9	0	9.2	0	2.7	3.3	15	61.5	29.5	45.5	26.6	24.1	99.9	99.9	99.9	99.9	99.9	99.1	99.9	99.9	99.7	99.3	-47.8109	5.24188	87.9269	-34.3374	2.87098	155.388	
0.6	0.9	20.5	16	17.6	11.9	0	9.2	0	2.7	3.3	15	61.5	29.5	45.5	26.6	24.1	99.9	99.9	99.9	99.9	99.9	99.1	99.9	99.9	99.7	99.3	-47.8109	5.24188	87.9269	-34.3374	2.87098	155.388	
0.61	0.9	20.5	16	17.6	11.9	0	9.2	0	2.7	3.3	15	61.5	29.5	45.5	26.6	24.1	99.9	99.9	99.9	99.9	99.9	99.1	99.9	99.9	99.7	99.3	-47.8109	5.24188	87.9269	-34.3374	2.87098	155.388	
0.62	0.9	20.5	16	17.6	11.9	0	9.2	0	2.7	3.3	15	61.5	29.5	45.5	26.6	24.1	99.9	99.9	99.9	99.9	99.9	99.1	99.9	99.9	99.7	99.3	-47.8109	5.24188	87.9269	-34.3374	2.87098	155.388	
0.63	0.9	20.5	16	17.6	11.9	0	9.2	0	2.7	3.3	15	61.5	29.5	45.5	26.6	24.1	99.9	99.9	99.9	99.9	99.9	99.1	99.9	99.9	99.7	99.3	-47.8109	5.24188	87.9269	-34.3374	2.87098	155.388	
0.64	0.9	20.5	16	17.6	11.9	0	9.2	0	2.7	3.3	15	61.5	29.5	45.5	26.6	24.1	99.9	99.9	99.9	99.9	99.9	99.1	99.9	99.9	99.7	99.3	-47.8109	5.24188	87.9269	-34.3374	2.87098	155.388	
0.65	0.9	20.5	16	17.6	11.9	0	9.2	0	2.7	3.3	15	61.5	29.5	45.5	26.6	24.1	99.9	99.9	99.9	99.9	99.9	99.1	99.9	99.9	99.7	99.3	-47.8109	5.24188	87.9269	-34.3374	2.87098	155.388	
0.66	0.9	20.5	16	17.6	11.9	0	9.2	0	2.7	3.3	15	61.5	29.5	45.5	26.6	24.1	99.9	99.9	99.9	99.9	99.9	99.1	99.9	99.9	99.7	99.3	-47.8109	5.24188	87.9269	-34.3374	2.87098	155.388	
0.67	0.9	20.5	16	17.6	11.9	0	9.2	0	2.7	3.3	15	61.5	29.5	45.5	26.6	24.1	99.9	99.9	99.9	99.9	99.9	99.1	99.9	99.9	99.7	99.3	-47.8109	5.24188	87.9269	-34.3374	2.87098	155.388	
0.68	0.9	20.5	16	17.6	11.9	0	9.2	0	2.7	3.3	15	61.5	29.5	45.5	26.6	24.1	99.9	99.9	99.9	99.9	99.9	99.1	99.9	99.9	99.7	99.3	-47.8109	5.24188	87.9269	-34.3374	2.87098	155.388	
0.69	0.9	20.5	16	17.6	11.9	0	9.2	0	2.7	3.3	15	61.5	29.5	45.5	26.6	24.1	99.9	99.9	99.9	99.9	99.9	99.1	99.9	99.9	99.7	99.3	-47.8109	5.24188	87.9269	-34.3374	2.87098	155.388	
0.7	0.9	20.5	16	17.6	11.9	0	9.2	0	2.7	3.3	15	61.5	29.5	45.5	26.6	24.1	99.9	99.9	99.9	99.9	99.9	99.1	99.9	99.9	99.7	99.3	-47.8109	5.24188	87.9269	-34.3374	2.87098	155.388	
0.71	0.9	20.5	16	17.6	11.9	0	9.2	0	2.7	3.3	15	61.5	29.5	45.5	26.6	24.1	99.9	99.9	99.9	99.9	99.9	99.1	99.9	99.9	99.7	99.3	-47.8109	5.24188	87.9269	-34.3374	2.87098	155.388	
0.72	0.9	20.5	16	17.6	11.9	0	9.2	0	2.7	3.3	15	61.5	29.5	45.5	26.6	24.1	99.9	99.9	99.9	99.9	99.9	99.1	99.9	99.9	99.7	99.3	-47.8109	5.24188	87.9269	-34.3374	2.87098	155.388	
0.73	0.9	20.5	16	17.6	11.9	0	9.2	0	2.7	3.3	15	61.5	29.5	45.5	26.6	24.1	99.9	99.9	99.9	99.9	99.9	99.1	99.9	99.9	99.7	99.3	-47.8109	5.24188	87.9269	-34.3374	2.87098	155.388	
0.74	0.9	20.5	16	17.6	11.9	0	9.2	0	2.7	3.3	15	61.5	29.5	45.5	26.6	24.1	99.9	99.9	99.9	99.9	99.9	99.1	99.9	99.9	99.7	99.3	-47.8109	5.24188	87.9269	-34.3374	2.87098	155.388	
0.75	0.9	20.5	16	17.6	11.9	0	9.2	0	2.7	3.3	15	61.5	29.5	45.5	26.6	24.1	99.9	99.9	99.9	99.9	99.9	99.1	99.9	99.9	99.7	99.3	-47.8109	5.24188	87.9269	-34.3374	2.87098	155.388	
0.76	0.9	20.5	16	17.6	11.9	0	9.2	0	2.7	3.3	15	61.5	29.5	45.5	26.6	24.1	99.9	99.9	99.9	99.9	99.9	99.1	99.9	99.9	99.7	99.3	-47.8109	5.24188	87.9269	-34.3374	2.87098	155.388	
0.77	0.9	20.5	16	17.6	11.9	0	9.2	0	2.7	3.3	15	61.5	29.5	45.5	26.6	24.1	99.9	99.9	99.9	99.9	99.9	99.1	99.9	99.9	99.7	99.3	-47.8109	5.24188	87.9269	-34.3374	2.87098	155.388	
0.78	0.9	20.5	16	17.6	11.9	0	9.2	0	2.7	3.3	15	61.5	29.5	45.5	26.6	24.1	99.9	99.9	99.9	99.9	99.9	99.1	99.9	99.9	99.7	99.3	-47.8109	5.24188	87.9269	-34.3374	2.87098	155.388	
0.79	0.9	20.5	16	17.6	11.9	0	9.2	0	2.7	3.3	15	61.5	29.5	45.5	26.6	24.1	99.9	99.9	99.9	99.9	99.9	99.1	99.9	99.9	99.7	99.3	-47.8109	5.24188	87.9269	-34.3374	2.87098	155.388	
0.8	0.9	20.5	16	17.6	11.9	0	9.2	0	2.7	3.3	15	61.5	29.5	45.5	26.6	24.1	99.9	99.9	99.9	99.9	99.9	99.1	99.9	99.9	99.7	99.3	-47.8109	5.24188	87.9269	-34.3374	2.87098	155.388	
0.81	0.9	20.5	16	17.6	11.9	0	9.2	0	2.7	3.3	15	61.5	29.5	45.5	26.6	24.1	99.9	99.9	99.9	99.9	99.9	99.1	99.9	99.9	99.7	99.3	-47.8109	5.24188	87.9269	-34.3374	2.87098	155.388	
0.82	0.9	20.5	16	17.6	11.9	0	9.2	0	2.7	3.3	15	61.5	29.5	45.5	26.6	24.1	99.9	99.9	99.9	99.9	99.9	99.1	99.9	99.9	99.7	99.3	-47.8109	5.24188	87.9269	-34.3374	2.87098	155.388	
0.83	0.9	20.5	16	17.6	11.9	0	9.2	0	2.7	3.3	15	61.5	29.5	45.5	26.6	24.1	99.9	99.9	99.9	99.9	99.9	99.1	99.9	99.9	99.7	99.3	-47.8109	5.24188	87.9269	-34.3374	2.87098	155.388	
0.84	0.9	20.5	16	17.6	11.9	0	9.2	0	2.7	3.3	15	61.5	29.5	45.5	26.6	24.1	99.9	99.9	99.9	99.9	99.9	99.1	99.9	99.9	99.7	99.3	-47.8109	5.24188	87.9269	-34.3374	2.87098	155.388	
0.85	0.9	20.5	16	17.6	11.9	0	9.2	0	2.7	3.3	15	61.5	29.5	45.5	26.6	24.1	99.9	99.9	99.9	99.9	99.9	99.1	99.9	99.9	99.7	99.3	-47.8109	5.24188	87.9269	-34.3374	2.87098	155.388	
0.86	0.9	20.4	16	17.4	11.8	0	9.2	0	2.8	3.3	15.1	61.4	29.5	45.45	26.7	24.4	100	99.9	99.9	99.9	99.8	98.3	99.8	99.4	99.4	99.7	-47.5836	5.10094	87.9205	-34.1072	2.84328	155.402	
0.87	0.9	20.4	16	17.4	11.8	0	9.2	0	2.8	3.3	15.1	61.4	29.5	45.45	26.7	24.4	100	99.9	99.9	99.9	99.8	98.3	99.8	99.4	99.4	99.7	-47.5836	5.10094	87.9205	-34.1072	2.84328	155.402	
0.88	0.9	20.4	16	17.4	11.8	0	9.2	0	2.8	3.3	15.1	61.4	29.5	45.45	26.7	24.4	100	99.9	99.9	99.9	99.8	98.3	99.8	99.4	99.4	99.7	-47.5836	5.10094	87.9205	-34.1072	2.84328	155.402	
0.89	0.9	20.4	16	17.4	11.8	0	9.2	0	2.8	3.3	15.1	61.4	29.5	45.45	26.7	24.4	100	99.9	99.9	99.9	99.8	98.3	99.8	99.4	99.4	99.7	-47.5836	5.10094	87.9205	-34.1072	2.84328	155.402	
0.9	0.9	20.4	16	17.4	11.8	0	9.2	0	2.8	3.3	15.1	61.4	29.5	45.45	26.7	24.4	100	99.9	99.9	99.9	99.8	98.3	99.8	99.4	99.4	99.7	-47.5836	5.10094	87.9205	-34.1072	2.84328	155.402	
0.91	0.9	20.4	16	17.4	11.8	0	9.2	0	2.8	3.3	15.1	61.4	29.5	45.45	26.7	24.4	100	99.9	99.9	99.9	99.8	98.3	99.8	99.4	99.4	99.7	-47.5836	5.10094	87.9205	-34.1072	2.84328	155.402	
0.92	0.9	20.4	16	17.4	11.8	0	9.2	0	2.8	3.3	15.1	61.4	29.5	45.45	26.7	24.4	100	99.9	99.9	99.9	99.8	98.3	99.8	99.4	99.4	99.7	-47.5836	5.10094	87.9205	-34.1072	2.84328	155.402	
0.93	0.9	20.4	16	17.4	11.8	0	9.2	0	2.8	3.3	15.1	61.4	29.5	45.45	26.7	24.4	100	99.9	99.9	99.9	99.8	98.3	99.8	99.4	99.4	99.7	-47.5836	5.10094	87.9205	-34.1072	2.84328	155.402	
0.94	0.9	20.4	16	17.4	11.8	0	9.2	0	2.8	3.3	15.1	61.4	29.5	45.45	26.7	24.4	100	99.9	99.9	99.9	99.8	98.3	99.8	99.4	99.4	99.7	-47.5836	5.10094	87.9205	-34.1072	2.84328	155.402	
0.95	0.9	20.4	16	17.4	11.8	0	9.2	0	2.8	3.3	15.1	61.4	29.5	45.45	26.7	24.4	100	99.9	99.9	99.9	99.8	98.3	99.8	99.4	99.4	99.7	-47.5836	5.10094	87.9205	-34.1072	2.84328	155.402	
0.96	0.9	20.4	16	17.4	11.8	0	9.2	0	2.8	3.3	15.1	61.4	29.5	45.45	26.7	24.4	100	99.9	99.9	99.9	99.8	98.3	99.8	99.4	99.4	99.7	-47.5836	5.10094	87.9205	-34.1072	2.84328	155.402	
0.97	0.9	20.4	16	17.4	11.8	0	9.2	0	2.8	3.3	15.1	61.4	29.5	45.45	26.7	24.4	100	99.9	99.9	99.9	99.8	98.3	99.8	99.4	99.4	99.7	-47.5836	5.10094	87.9205	-34.1072	2.84328	155.402	
0.98	0.9	20.4	16	17.4	11.8	0	9.2	0	2.8	3.3	15.1	61.4	29.5	45.45	26.7	24.4	100	99.9	99.9	99.9	99.8	98.3	99.8	99.4	99.4	99.7	-47.5836	5.10094	87.9205	-34.1072	2.84328	155.402	
0.99	0.9	20.4	16	17.4	11.8	0	9.2	0	2.8	3.3	15.1	61.4	29.5	45.45	26.7	24.4	100	99.9	99.9	99.9	99.8	98.3	99.8	99.4	99.4	99.7	-47.5836	5.10094	87.9205	-34.1072	2.84328	155.402	
1	0.9	20.4	16	17.4	11.8	0	9.2	0	2.8	3.3	15.1	61.4	29.5	45.45	26.7	24.4	100	99.9	99.9	99.9	99.8	98.3	99.8	99.4	99.4	99.7	-47.5836	5.10094	87.9205	-34.1072	2.84328	155.402	
1.01	0.9	20.4	16	17.4	11.8	0	9.2	0	2.8	3.3	15.1	61.4	29.5	45.45	26.7	24.4	100	99.9	99.9	99.9	99.8	98.3	99.8	99.4	99.4	99.7	-47.5836	5.10094	87.9205	-34.1072	2.84328	155.402	
1.02	0.9	20.4	16	17.4	11.8	0	9.2	0	2.8	3.3	15.1	61.4	29.5	45.45	26.7	24.4	100	99.9	99.9	99.9	99.8	98.3	99.8	99.4	99.4	99.7	-47.5836	5.10094	87.9205	-34.1072	2.84328	155.402	
1.03	0.9	20.4	16	17.4	11.8	0	9.2	0	2.8	3.3	15.1	61.4	29.5	45.45	26.7	24.4	100	99.9	99.9	99.9	99.8	98.3	99.8	99.4	99.4	99.7	-47.5836	5.10094	87.9205	-34.1072	2.84328	155.402	
1.04	0.9	20.4	16	17.4	11.8	0	9.2	0	2.8	3.3	15.1	61.4	29.5	45.45	26.7	24.4	100	99.9	99.9	99.9	99.8	98.3	99.8	99.4	99.4	99.7	-47.5836	5.10094	87.9205	-34.1072	2.84328	155.402	
1.05	0.9	20.4	16	17.4	11.8	0	9.2	0	2.8	3.3	15.1	61.4	29.5	45.45	26.7	24.4	100	99.9	99.9	99.9	99.8	98.3	99.8	99.4	99.4	99.7	-47.5836	5.10094	87.9205	-34.1072	2.84328	155.402	
1.06	0.9	20.4	16	17.4	11.8	0	9.2	0	2.8	3.3	15.1	61.4	29.5	45.45	26.7	24.4	100	99.9	99.9	99.9	99.8	98.3	99.8	99.4	99.4	99.7	-47.5836	5.10094	87.9205	-34.1072	2.84328	155.402	
1.07	0.9	20.4	16	17.4	11.8	0	9.2	0	2.8	3.3	15.1	61.4	29.5	45.45	26.7	24.4	100	99.9	99.9	99.9	99.8	98.3	99.8	99.4	99.4	99.7	-47.5836	5.10094	87.9205	-34.1072	2.84328	155.402	
1.08	0.9	20.4	16	17.4	11.8	0	9.2	0	2.8	3.3	15.1	61.4	29.5	45.45	26.7	24.4	100	99.9	99.9	99.9	99.8	98.3	99.8	99.4	99.4	99.7	-47.5836	5.10094	87.9205	-34.1072	2.84328	155.402	
1.09	0.9	20.4	16	17.4	11.8	0	9.2	0	2.8	3.3	15.1	61.4	29.5	45.45	26.7	24.4	100	99.9	99.9	99.9	99.8	98.3	99.8	99.4	99.4	99.7	-47.5836	5.10094	87.9205	-34.1072	2.84328	155.402	
1.1	0.9	20.4	16	17.4	11.8	0	9.2	0	2.8	3.3	15.1	61.4	29.5	45.45	26.7	24.4	100	99.9	99.9	99.9	99.8	98.3	99.8	99.4	99.4	99.7	-47.5836	5.10094	87.9205	-34.1072	2.84328	155.402	
1.11	0.9	20.4	16	17.4	11.8	0	9.2	0	2.8	3.3	15.1	61.4	29.5	45.45	26.7	24.4	100	99.9	99.9	99.9	99.8	98.3	99.8	99.4	99.4	99.7	-47.5836	5.10094	87.9205	-34.1072	2.84328	155.402	
1.12	0.9	20.4	16	17.4	11.8	0	9.2	0	2.8	3.3	15.1	61.4	29.5	45.45	26.7	24.4	100	99.9	99.9	99.9	99.8	98.3	99.8	99.4	99.4	99.7	-47.5836	5.10094	87.9205	-34.1072	2.84328	155.402	
1.13	0.9	20.4	16	17.4	11.8	0	9.2	0	2.8	3.3	15.1	61.4	29.5	45.45	26.7	24.4	100	99.9	99.9	99.9	99.8	98.3	99.8	99.4	99.4	99.7	-47.5836	5.10094	87.9205	-34.1072	2.84328	155.402	
1.14	0.9	20.4	16	17.4	11.8	0	9.2	0	2.8	3.3	15.1	61.4	29.5	45.45	26.7	24.4	100	99.9	99.9	99.9	99.8	98.3	99.8	99.4	99.4	99.7	-47.5836	5.10094	87.9205	-34.1072	2.84328	155.402	
1.15	0.9	20.4	16	17.4	11.8	0	9.2	0	2.8	3.3	15.1	61.4	29.5	45.45	26.7	24.4	100	99.9	99.9	99.9	99.8	98.3	99.8	99.4	99.4	99.7	-47.5836	5.10094	87.9205	-34.1072	2.84328	155.402	
1.16	0.9	20.4	16	17.4	11.8	0	9.2	0	2.8	3.3	15.1	61.4	29.5	45.45	26.7	24.4	100	99.9	99.9	99.9	99.8	98.3	99.8	99.4	99.4	99.7	-47.5836	5.10094	87.9205	-34.1072	2.84328	155.402	
1.17	0.9	20.4	16	17.4	11.8	0	9.2	0	2.8	3.3	15.1	61.4	29.5	45.45	26.7	24.4	100	99.9	99.9	99.9	99.8	98.3	99.8	99.4	99.4	99.7	-47.5836	5.10094	87.9205	-34.1072	2.84328	155.402	
1.18	0.9	20.4	16	17.4	11.8	0	9.2	0	2.8	3.3	15.1	61.4	29.5	45.45	26.7	24.4	100	99.9	99.9	99.9	99.8	98.3	99.8	99.4	99.4	99.7	-47.5836	5.10094	87.9205	-34.1072	2.84328	155.402	
1.19	0.9	20.4	16	17.4	11.8	0	9.2	0	2.8	3.3	15.1	61.4	29.5	45.45	26.7	24.4	100	99.9	99.9	99.9	99.8	98.3	99.8	99.4	99.4	99.7	-47.5836	5.10094	87.9205	-34.1072	2.84328	155.402	
1.2	0.9	20.4	16	17.4	11.8	0	9.2	0	2.8	3.3	15.1	61.4	29.5	45.45	26.7	24.4	100	99.9	99.9	99.9	99.8	98.3	99.8	99.4	99.4	99.7	-47.5836	5.10094	87.9205	-34.1072	2.84328	155.402	
1.21	0.9	20.4	16	17.4	11.8	0	9.2	0	2.8	3.3	15.1	61.4	29.5	45.45	26.7	24.4	100	99.9	99.9	99.9	99.8	98.3	99.8	99.4	99.4	99.7	-47.5836	5.10094	87.9205	-34.1072	2.84328	155.402	
1.22	0.9	20.4	16	17.4	11.8	0	9.2	0	2.8	3.3	15.1	61.4	29.5	45.45	26.7	24.4	100	99.9	99.9	99.9	99.8	98.3	99.8	99.4	99.4	99.7	-47.5836	5.10094	87.9205	-34.1072	2.84328	155.402	
1.23	0.8	18.4	15.9	17.4	11.7	0	9.2	0	2.8	3.3	15.1	61.3	29.3	45.3	26.9	24.9	100	99.9	99.9	99.9	99.9	98.8	99.9	99.9	99.9	99.7	-47.2761	5.27143	87.9281	-33.6347	2.86737	155.501	
1.24	0.8	18.4	15.9	17.4	11.7	0	9.2	0	2.8	3.3	15.1	61.3	29.3	45.3	26.9	24.9	100	99.9	99.9	99.9	99.9	98.8	99.9	99.9	99.9	99.7	-47.2761	5.27143	87.9281	-33.6347	2.86737	155.501	
1.25	0.8	18.4	15.9	17.4	11.7	0	9.2	0	2.8	3.3	15.1	61.3	29.3	45.3	26.9	24.9	100	99.9	99.9	99.9	99.9	98.8	99.9	99.9	99.9	99.7	-47.2761	5.27143	87.9281	-33.6347	2.86737	155.501	
1.26	0.8	18.4	15.9	17.4	11.7	0	9.2	0	2.8	3.3	15.1	61.3	29.3	45.3	26.9	24.9	100	99.9	99.9	99.9	99.9	98.8	99.9	99.9	99.9	99.7	-47.2761	5.27143	87.9281	-33.6347	2.86737	155.501	
1.27	0.8	18.4	15.9	17.4	11.7	0	9.2	0	2.8	3.3	15.1	61.3	29.3	45.3	26.9	24.9	100	99.9	99.9	99.9	99.9	98.8	99.9	99.9	99.9	99.7	-47.2761	5.27143	87.9281	-33.6347	2.86737	155.501	
1.28	0.8	18.4	15.9	17.4	11.7	0	9.2	0	2.8	3.3	15.1	61.3	29.3	45.3	26.9	24.9	100	99.9	99.9	99.9	99.9	98.8	99.9	99.9	99.9	99.7	-47.2761	5.27143	87.9281	-33.6347	2.86737	155.501	
1.29	0.8	18.4	15.9	17.4	11.7	0	9.2	0	2.8	3.3	15.1	61.3	29.3	45.3	26.9	24.9	100	99.9	99.9	99.9	99.9	98.8	99.9	99.9	99.9	99.7	-47.2761	5.27143	87.9281	-33.6347	2.86737	155.501	
1.3	0.8	18.4	15.9	17.4	11.7	0	9.2	0	2.8	3.3	15.1	61.3	29.3	45.3	26.9	24.9	100	99.9	99.9	99.9	99.9	98.8	99.9	99.9	99.9	99.7	-47.2761	5.27143	87.9281	-33.6347	2.86737	155.501	
1.31	0.8	18.4	15.9	17.4	11.7	0	9.2	0	2.8	3.3	15.1	61.3	29.3	45.3	26.9	24.9	100	99.9	99.9	99.9	99.9	98.8	99.9	99.9	99.9	99.7	-47.2761	5.27143	87.9281	-33.6347	2.86737	155.501	
1.32	0.8	18.4	15.9	17.4	11.7	0	9.2	0	2.8	3.3	15.1	61.3	29.3	45.3	26.9	24.9	100	99.9	99.9	99.9	99.9	98.8	99.9	99.9	99.9	99.7	-47.2761	5.27143	87.9281	-33.6347	2.86737	155.501	
1.33	0.8	18.4	15.9	17.4	11.7	0	9.2	0	2.8	3.3	15.1	61.3	29.3	45.3	26.9	24.9	100	99.9	99.9	99.9	99.9	98.8	99.9	99.9	99.9	99.7	-47.2761	5.27143	87.9281	-33.6347	2.86737	155.501	
1.34	0.8	18.4	15.9	17.4	11.7	0	9.2	0	2.8	3.3	15.1	61.3	29.3	45.3	26.9	24.9	100	99.9	99.9	99.9	99.9	98.8	99.9	99.9	99.9	99.7	-47.2761	5.27143	87.9281	-33.6347	2.86737	155.501	
1.35	0.8	18.4	15.9	17.4	11.7	0	9.2	0	2.8	3.3	15.1	61.3	29.3	45.3	26.9	24.9	100	99.9	99.9	99.9	99.9	98.8	99.9	99.9	99.9	99.7	-47.2761	5.27143	87.9281	-33.6347	2.86737	155.501	
1.36	0.8	18.4	15.9	17.4	11.7	0	9.2	0	2.8	3.3	15.1	61.3	29.3	45.3	26.9	24.9	100	99.9	99.9	99.9	99.9	98.8	99.9	99.9	99.9	99.7	-47.2761	5.27143	87.9281	-33.6347	2.86737	155.501	
