Hora de inicio de la toma de datos: 10:43:16
AT(s)	F1.1	F1.2	F2.1	F2.2	F3.1	F3.2	F4.1	F4.2	F5.1	F5.2	ABD1	ABD2	ABD3	ABD4	PA	TCO	P1	P2	P3	P4	P5	P6	P7	P8	P9	P10	HRoll	HPitch	HYaw	WRoll	WPitch	WYaw	
0.01	3.3	10	1.2	18.9	39.4	0	82	7	93.8	32.5	2.2	100	0	50	79.9	85.6	100	99.9	50.5	99.9	99.9	99.9	99.9	99.9	99.9	99.6	-142.744	19.8361	-29.0914	-123.199	6.20804	-163.166	
0.02	3.3	10	1.2	18.9	39.4	0	82	7	93.8	32.5	2.2	100	0	50	79.9	85.6	100	99.9	50.5	99.9	99.9	99.9	99.9	99.9	99.9	99.6	-142.744	19.8361	-29.0914	-123.199	6.20804	-163.166	
0.03	3.3	10	1.2	18.9	39.4	0	82	7	93.8	32.5	2.2	100	0	50	79.9	85.6	100	99.9	50.5	99.9	99.9	99.9	99.9	99.9	99.9	99.6	-142.744	19.8361	-29.0914	-123.199	6.20804	-163.166	
0.04	3.3	10	1.2	18.9	39.4	0	82	7	93.8	32.5	2.2	100	0	50	79.9	85.6	100	99.9	50.5	99.9	99.9	99.9	99.9	99.9	99.9	99.6	-142.744	19.8361	-29.0914	-123.199	6.20804	-163.166	
0.05	3.3	10	1.2	18.9	39.4	0	82	7	93.8	32.5	2.2	100	0	50	79.9	85.6	100	99.9	50.5	99.9	99.9	99.9	99.9	99.9	99.9	99.6	-142.744	19.8361	-29.0914	-123.199	6.20804	-163.166	
0.06	3.3	10	1.2	18.9	39.4	0	82	7	93.8	32.5	2.2	100	0	50	79.9	85.6	100	99.9	50.5	99.9	99.9	99.9	99.9	99.9	99.9	99.6	-142.744	19.8361	-29.0914	-123.199	6.20804	-163.166	
0.07	3.3	10	1.2	18.9	39.4	0	82	7	93.8	32.5	2.2	100	0	50	79.9	85.6	100	99.9	50.5	99.9	99.9	99.9	99.9	99.9	99.9	99.6	-142.744	19.8361	-29.0914	-123.199	6.20804	-163.166	
0.08	3.3	10	1.2	18.9	39.4	0	82	7	93.8	32.5	2.2	100	0	50	79.9	85.6	100	99.9	50.5	99.9	99.9	99.9	99.9	99.9	99.9	99.6	-142.744	19.8361	-29.0914	-123.199	6.20804	-163.166	
0.09	3.3	10	1.2	18.9	39.4	0	82	7	93.8	32.5	2.2	100	0	50	79.9	85.6	100	99.9	50.5	99.9	99.9	99.9	99.9	99.9	99.9	99.6	-142.744	19.8361	-29.0914	-123.199	6.20804	-163.166	
0.1	3.3	10	1.2	18.9	39.4	0	82	7	93.8	32.5	2.2	100	0	50	79.9	85.6	100	99.9	50.5	99.9	99.9	99.9	99.9	99.9	99.9	99.6	-142.744	19.8361	-29.0914	-123.199	6.20804	-163.166	
0.11	3.3	10	1.2	18.9	39.4	0	82	7	93.8	32.5	2.2	100	0	50	79.9	85.6	100	99.9	50.5	99.9	99.9	99.9	99.9	99.9	99.9	99.6	-142.744	19.8361	-29.0914	-123.199	6.20804	-163.166	
0.12	3.3	10	1.2	18.9	39.4	0	82	7	93.8	32.5	2.2	100	0	50	79.9	85.6	100	99.9	50.5	99.9	99.9	99.9	99.9	99.9	99.9	99.6	-142.744	19.8361	-29.0914	-123.199	6.20804	-163.166	
0.13	3.5	9.9	1.3	19	39.3	0	81.4	6.3	93.6	31.5	1.6	100	0	50	80.9	85.3	100	99.9	48	99.9	99.9	99.3	99.4	99.4	99.6	99.8	-141.34	18.8406	-28.4617	-122.707	5.80146	-163.134	
0.14	3.5	9.9	1.3	19	39.3	0	81.4	6.3	93.6	31.5	1.6	100	0	50	80.9	85.3	100	99.9	48	99.9	99.9	99.3	99.4	99.4	99.6	99.8	-141.34	18.8406	-28.4617	-122.707	5.80146	-163.134	
0.15	3.5	9.9	1.3	19	39.3	0	81.4	6.3	93.6	31.5	1.6	100	0	50	80.9	85.3	100	99.9	48	99.9	99.9	99.3	99.4	99.4	99.6	99.8	-141.34	18.8406	-28.4617	-122.707	5.80146	-163.134	
0.16	3.5	9.9	1.3	19	39.3	0	81.4	6.3	93.6	31.5	1.6	100	0	50	80.9	85.3	100	99.9	48	99.9	99.9	99.3	99.4	99.4	99.6	99.8	-141.34	18.8406	-28.4617	-122.707	5.80146	-163.134	
0.171	3.5	9.9	1.3	19	39.3	0	81.4	6.3	93.6	31.5	1.6	100	0	50	80.9	85.3	100	99.9	48	99.9	99.9	99.3	99.4	99.4	99.6	99.8	-141.34	18.8406	-28.4617	-122.707	5.80146	-163.134	
0.181	3.5	9.9	1.3	19	39.3	0	81.4	6.3	93.6	31.5	1.6	100	0	50	80.9	85.3	100	99.9	48	99.9	99.9	99.3	99.4	99.4	99.6	99.8	-141.34	18.8406	-28.4617	-122.707	5.80146	-163.134	
0.191	3.5	9.9	1.3	19	39.3	0	81.4	6.3	93.6	31.5	1.6	100	0	50	80.9	85.3	100	99.9	48	99.9	99.9	99.3	99.4	99.4	99.6	99.8	-141.34	18.8406	-28.4617	-122.707	5.80146	-163.134	
0.201	3.5	9.9	1.3	19	39.3	0	81.4	6.3	93.6	31.5	1.6	100	0	50	80.9	85.3	100	99.9	48	99.9	99.9	99.3	99.4	99.4	99.6	99.8	-141.34	18.8406	-28.4617	-122.707	5.80146	-163.134	
0.211	3.5	9.9	1.3	19	39.3	0	81.4	6.3	93.6	31.5	1.6	100	0	50	80.9	85.3	100	99.9	48	99.9	99.9	99.3	99.4	99.4	99.6	99.8	-141.34	18.8406	-28.4617	-122.707	5.80146	-163.134	
0.221	3.5	9.9	1.3	19	39.3	0	81.4	6.3	93.6	31.5	1.6	100	0	50	80.9	85.3	100	99.9	48	99.9	99.9	99.3	99.4	99.4	99.6	99.8	-141.34	18.8406	-28.4617	-122.707	5.80146	-163.134	
0.231	3.5	9.9	1.3	19	39.3	0	81.4	6.3	93.6	31.5	1.6	100	0	50	80.9	85.3	100	99.9	48	99.9	99.9	99.3	99.4	99.4	99.6	99.8	-141.34	18.8406	-28.4617	-122.707	5.80146	-163.134	
0.241	3.5	9.9	1.3	19	39.3	0	81.4	6.3	93.6	31.5	1.6	100	0	50	80.9	85.3	100	99.9	48	99.9	99.9	99.3	99.4	99.4	99.6	99.8	-141.34	18.8406	-28.4617	-122.707	5.80146	-163.134	
0.251	3.5	9.9	1.3	19	39.3	0	81.4	6.3	93.6	31.5	1.6	100	0	50	80.9	85.3	100	99.9	48	99.9	99.9	99.3	99.4	99.4	99.6	99.8	-141.34	18.8406	-28.4617	-122.707	5.80146	-163.134	
0.261	3.5	9.9	1.3	19	39.3	0	81.4	6.3	93.6	31.5	1.6	100	0	50	80.9	85.3	100	99.9	48	99.9	99.9	99.3	99.4	99.4	99.6	99.8	-141.34	18.8406	-28.4617	-122.707	5.80146	-163.134	
0.271	3.5	9.9	1.3	19	39.3	0	81.4	6.3	93.6	31.5	1.6	100	0	50	80.9	85.3	100	99.9	48	99.9	99.9	99.3	99.4	99.4	99.6	99.8	-141.34	18.8406	-28.4617	-122.707	5.80146	-163.134	
0.281	3.5	9.9	1.3	19	39.3	0	81.4	6.3	93.6	31.5	1.6	100	0	50	80.9	85.3	100	99.9	48	99.9	99.9	99.3	99.4	99.4	99.6	99.8	-141.34	18.8406	-28.4617	-122.707	5.80146	-163.134	
0.29	3.5	9.9	1.3	19	39.3	0	81.4	6.3	93.6	31.5	1.6	100	0	50	80.9	85.3	100	99.9	48	99.9	99.9	99.3	99.4	99.4	99.6	99.8	-141.34	18.8406	-28.4617	-122.707	5.80146	-163.134	
0.3	3.5	9.9	1.3	19	39.3	0	81.4	6.3	93.6	31.5	1.6	100	0	50	80.9	85.3	100	99.9	48	99.9	99.9	99.3	99.4	99.4	99.6	99.8	-141.34	18.8406	-28.4617	-122.707	5.80146	-163.134	
0.31	3.5	9.9	1.3	19	39.3	0	81.4	6.3	93.6	31.5	1.6	100	0	50	80.9	85.3	100	99.9	48	99.9	99.9	99.3	99.4	99.4	99.6	99.8	-141.34	18.8406	-28.4617	-122.707	5.80146	-163.134	
0.32	3.5	9.9	1.3	19	39.3	0	81.4	6.3	93.6	31.5	1.6	100	0	50	80.9	85.3	100	99.9	48	99.9	99.9	99.3	99.4	99.4	99.6	99.8	-141.34	18.8406	-28.4617	-122.707	5.80146	-163.134	
0.33	3.5	9.9	1.3	19	39.3	0	81.4	6.3	93.6	31.5	1.6	100	0	50	80.9	85.3	100	99.9	48	99.9	99.9	99.3	99.4	99.4	99.6	99.8	-141.34	18.8406	-28.4617	-122.707	5.80146	-163.134	
0.34	3.5	9.9	1.3	19	39.3	0	81.4	6.3	93.6	31.5	1.6	100	0	50	80.9	85.3	100	99.9	48	99.9	99.9	99.3	99.4	99.4	99.6	99.8	-141.34	18.8406	-28.4617	-122.707	5.80146	-163.134	
0.35	3.5	9.9	1.3	19	39.3	0	81.4	6.3	93.6	31.5	1.6	100	0	50	80.9	85.3	100	99.9	48	99.9	99.9	99.3	99.4	99.4	99.6	99.8	-141.34	18.8406	-28.4617	-122.707	5.80146	-163.134	
0.36	3.5	9.9	1.3	19	39.3	0	81.4	6.3	93.6	31.5	1.6	100	0	50	80.9	85.3	100	99.9	48	99.9	99.9	99.3	99.4	99.4	99.6	99.8	-141.34	18.8406	-28.4617	-122.707	5.80146	-163.134	
0.37	3.5	9.9	1.3	19	39.3	0	81.4	6.3	93.6	31.5	1.6	100	0	50	80.9	85.3	100	99.9	48	99.9	99.9	99.3	99.4	99.4	99.6	99.8	-141.34	18.8406	-28.4617	-122.707	5.80146	-163.134	
0.38	3.5	9.9	1.3	19	39.3	0	81.4	6.3	93.6	31.5	1.6	100	0	50	80.9	85.3	100	99.9	48	99.9	99.9	99.3	99.4	99.4	99.6	99.8	-141.34	18.8406	-28.4617	-122.707	5.80146	-163.134	
0.39	3.5	9.9	1.3	19	39.3	0	81.4	6.3	93.6	31.5	1.6	100	0	50	80.9	85.3	100	99.9	48	99.9	99.9	99.3	99.4	99.4	99.6	99.8	-141.34	18.8406	-28.4617	-122.707	5.80146	-163.134	
0.4	3.5	9.9	1.3	19	39.3	0	81.4	6.3	93.6	31.5	1.6	100	0	50	80.9	85.3	100	99.9	48	99.9	99.9	99.3	99.4	99.4	99.6	99.8	-141.34	18.8406	-28.4617	-122.707	5.80146	-163.134	
0.41	3.5	9.9	1.3	19	39.3	0	81.4	6.3	93.6	31.5	1.6	100	0	50	80.9	85.3	100	99.9	48	99.9	99.9	99.3	99.4	99.4	99.6	99.8	-141.34	18.8406	-28.4617	-122.707	5.80146	-163.134	
0.42	3.5	9.9	1.3	19	39.3	0	81.4	6.3	93.6	31.5	1.6	100	0	50	80.9	85.3	100	99.9	48	99.9	99.9	99.3	99.4	99.4	99.6	99.8	-141.34	18.8406	-28.4617	-122.707	5.80146	-163.134	
0.43	3.5	9.9	1.3	19	39.3	0	81.4	6.3	93.6	31.5	1.6	100	0	50	80.9	85.3	100	99.9	48	99.9	99.9	99.3	99.4	99.4	99.6	99.8	-141.34	18.8406	-28.4617	-122.707	5.80146	-163.134	
0.44	3.5	9.9	1.3	19	39.3	0	81.4	6.3	93.6	31.5	1.6	100	0	50	80.9	85.3	100	99.9	48	99.9	99.9	99.3	99.4	99.4	99.6	99.8	-141.34	18.8406	-28.4617	-122.707	5.80146	-163.134	
0.45	3.5	9.9	1.3	19	39.3	0	81.4	6.3	93.6	31.5	1.6	100	0	50	80.9	85.3	100	99.9	48	99.9	99.9	99.3	99.4	99.4	99.6	99.8	-141.34	18.8406	-28.4617	-122.707	5.80146	-163.134	
0.46	3.5	9.9	1.3	19	39.3	0	81.4	6.3	93.6	31.5	1.6	100	0	50	80.9	85.3	100	99.9	48	99.9	99.9	99.3	99.4	99.4	99.6	99.8	-141.34	18.8406	-28.4617	-122.707	5.80146	-163.134	
0.47	3.5	9.9	1.3	19	39.3	0	81.4	6.3	93.6	31.5	1.6	100	0	50	80.9	85.3	100	99.9	48	99.9	99.9	99.3	99.4	99.4	99.6	99.8	-141.34	18.8406	-28.4617	-122.707	5.80146	-163.134	
0.48	3.5	9.9	1.3	19	39.3	0	81.4	6.3	93.6	31.5	1.6	100	0	50	80.9	85.3	100	99.9	48	99.9	99.9	99.3	99.4	99.4	99.6	99.8	-141.34	18.8406	-28.4617	-122.707	5.80146	-163.134	
0.49	3.5	9.9	1.3	19	39.3	0	81.4	6.3	93.6	31.5	1.6	100	0	50	80.9	85.3	100	99.9	48	99.9	99.9	99.3	99.4	99.4	99.6	99.8	-141.34	18.8406	-28.4617	-122.707	5.80146	-163.134	
0.5	3.6	9.8	1.3	18.8	38.6	0	81.1	6.1	93.5	30.5	1.8	100	0	50	80.9	84.8	100	99.9	51.4	99.9	99.9	99.9	99.9	99.9	99.8	99.4	-141.299	19.1223	-27.4209	-122.596	6.34072	-162.391	
0.51	3.6	9.8	1.3	18.8	38.6	0	81.1	6.1	93.5	30.5	1.8	100	0	50	80.9	84.8	100	99.9	51.4	99.9	99.9	99.9	99.9	99.9	99.8	99.4	-141.299	19.1223	-27.4209	-122.596	6.34072	-162.391	
0.52	3.6	9.8	1.3	18.8	38.6	0	81.1	6.1	93.5	30.5	1.8	100	0	50	80.9	84.8	100	99.9	51.4	99.9	99.9	99.9	99.9	99.9	99.8	99.4	-141.299	19.1223	-27.4209	-122.596	6.34072	-162.391	
0.53	3.6	9.8	1.3	18.8	38.6	0	81.1	6.1	93.5	30.5	1.8	100	0	50	80.9	84.8	100	99.9	51.4	99.9	99.9	99.9	99.9	99.9	99.8	99.4	-141.299	19.1223	-27.4209	-122.596	6.34072	-162.391	
0.54	3.6	9.8	1.3	18.8	38.6	0	81.1	6.1	93.5	30.5	1.8	100	0	50	80.9	84.8	100	99.9	51.4	99.9	99.9	99.9	99.9	99.9	99.8	99.4	-141.299	19.1223	-27.4209	-122.596	6.34072	-162.391	
0.55	3.6	9.8	1.3	18.8	38.6	0	81.1	6.1	93.5	30.5	1.8	100	0	50	80.9	84.8	100	99.9	51.4	99.9	99.9	99.9	99.9	99.9	99.8	99.4	-141.299	19.1223	-27.4209	-122.596	6.34072	-162.391	
0.56	3.6	9.8	1.3	18.8	38.6	0	81.1	6.1	93.5	30.5	1.8	100	0	50	80.9	84.8	100	99.9	51.4	99.9	99.9	99.9	99.9	99.9	99.8	99.4	-141.299	19.1223	-27.4209	-122.596	6.34072	-162.391	
0.57	3.6	9.8	1.3	18.8	38.6	0	81.1	6.1	93.5	30.5	1.8	100	0	50	80.9	84.8	100	99.9	51.4	99.9	99.9	99.9	99.9	99.9	99.8	99.4	-141.299	19.1223	-27.4209	-122.596	6.34072	-162.391	
0.58	3.6	9.8	1.3	18.8	38.6	0	81.1	6.1	93.5	30.5	1.8	100	0	50	80.9	84.8	100	99.9	51.4	99.9	99.9	99.9	99.9	99.9	99.8	99.4	-141.299	19.1223	-27.4209	-122.596	6.34072	-162.391	
0.59	3.6	9.8	1.3	18.8	38.6	0	81.1	6.1	93.5	30.5	1.8	100	0	50	80.9	84.8	100	99.9	51.4	99.9	99.9	99.9	99.9	99.9	99.8	99.4	-141.299	19.1223	-27.4209	-122.596	6.34072	-162.391	
0.6	3.6	9.8	1.3	18.8	38.6	0	81.1	6.1	93.5	30.5	1.8	100	0	50	80.9	84.8	100	99.9	51.4	99.9	99.9	99.9	99.9	99.9	99.8	99.4	-141.299	19.1223	-27.4209	-122.596	6.34072	-162.391	
0.61	3.6	9.8	1.3	18.8	38.6	0	81.1	6.1	93.5	30.5	1.8	100	0	50	80.9	84.8	100	99.9	51.4	99.9	99.9	99.9	99.9	99.9	99.8	99.4	-141.299	19.1223	-27.4209	-122.596	6.34072	-162.391	
0.62	3.6	9.8	1.3	18.8	38.6	0	81.1	6.1	93.5	30.5	1.8	100	0	50	80.9	84.8	100	99.9	51.4	99.9	99.9	99.9	99.9	99.9	99.8	99.4	-141.299	19.1223	-27.4209	-122.596	6.34072	-162.391	
0.63	3.6	9.8	1.3	18.8	38.6	0	81.1	6.1	93.5	30.5	1.8	100	0	50	80.9	84.8	100	99.9	51.4	99.9	99.9	99.9	99.9	99.9	99.8	99.4	-141.299	19.1223	-27.4209	-122.596	6.34072	-162.391	
0.64	3.6	9.8	1.3	18.8	38.6	0	81.1	6.1	93.5	30.5	1.8	100	0	50	80.9	84.8	100	99.9	51.4	99.9	99.9	99.9	99.9	99.9	99.8	99.4	-141.299	19.1223	-27.4209	-122.596	6.34072	-162.391	
0.65	3.6	9.8	1.3	18.8	38.6	0	81.1	6.1	93.5	30.5	1.8	100	0	50	80.9	84.8	100	99.9	51.4	99.9	99.9	99.9	99.9	99.9	99.8	99.4	-141.299	19.1223	-27.4209	-122.596	6.34072	-162.391	
0.66	3.6	9.8	1.3	18.8	38.6	0	81.1	6.1	93.5	30.5	1.8	100	0	50	80.9	84.8	100	99.9	51.4	99.9	99.9	99.9	99.9	99.9	99.8	99.4	-141.299	19.1223	-27.4209	-122.596	6.34072	-162.391	
0.67	3.6	9.8	1.3	18.8	38.6	0	81.1	6.1	93.5	30.5	1.8	100	0	50	80.9	84.8	100	99.9	51.4	99.9	99.9	99.9	99.9	99.9	99.8	99.4	-141.299	19.1223	-27.4209	-122.596	6.34072	-162.391	
0.68	3.6	9.8	1.3	18.8	38.6	0	81.1	6.1	93.5	30.5	1.8	100	0	50	80.9	84.8	100	99.9	51.4	99.9	99.9	99.9	99.9	99.9	99.8	99.4	-141.299	19.1223	-27.4209	-122.596	6.34072	-162.391	
0.69	3.6	9.8	1.3	18.8	38.6	0	81.1	6.1	93.5	30.5	1.8	100	0	50	80.9	84.8	100	99.9	51.4	99.9	99.9	99.9	99.9	99.9	99.8	99.4	-141.299	19.1223	-27.4209	-122.596	6.34072	-162.391	
0.7	3.6	9.8	1.3	18.8	38.6	0	81.1	6.1	93.5	30.5	1.8	100	0	50	80.9	84.8	100	99.9	51.4	99.9	99.9	99.9	99.9	99.9	99.8	99.4	-141.299	19.1223	-27.4209	-122.596	6.34072	-162.391	
0.71	3.6	9.8	1.3	18.8	38.6	0	81.1	6.1	93.5	30.5	1.8	100	0	50	80.9	84.8	100	99.9	51.4	99.9	99.9	99.9	99.9	99.9	99.8	99.4	-141.299	19.1223	-27.4209	-122.596	6.34072	-162.391	
0.72	3.6	9.8	1.3	18.8	38.6	0	81.1	6.1	93.5	30.5	1.8	100	0	50	80.9	84.8	100	99.9	51.4	99.9	99.9	99.9	99.9	99.9	99.8	99.4	-141.299	19.1223	-27.4209	-122.596	6.34072	-162.391	
0.73	3.6	9.8	1.3	18.8	38.6	0	81.1	6.1	93.5	30.5	1.8	100	0	50	80.9	84.8	100	99.9	51.4	99.9	99.9	99.9	99.9	99.9	99.8	99.4	-141.299	19.1223	-27.4209	-122.596	6.34072	-162.391	
0.74	3.6	9.8	1.3	18.8	38.6	0	81.1	6.1	93.5	30.5	1.8	100	0	50	80.9	84.8	100	99.9	51.4	99.9	99.9	99.9	99.9	99.9	99.8	99.4	-141.299	19.1223	-27.4209	-122.596	6.34072	-162.391	
0.75	3.6	9.8	1.3	18.8	38.6	0	81.1	6.1	93.5	30.5	1.8	100	0	50	80.9	84.8	100	99.9	51.4	99.9	99.9	99.9	99.9	99.9	99.8	99.4	-141.299	19.1223	-27.4209	-122.596	6.34072	-162.391	
0.76	3.6	9.8	1.3	18.8	38.6	0	81.1	6.1	93.5	30.5	1.8	100	0	50	80.9	84.8	100	99.9	51.4	99.9	99.9	99.9	99.9	99.9	99.8	99.4	-141.299	19.1223	-27.4209	-122.596	6.34072	-162.391	
0.77	3.6	9.8	1.3	18.8	38.6	0	81.1	6.1	93.5	30.5	1.8	100	0	50	80.9	84.8	100	99.9	51.4	99.9	99.9	99.9	99.9	99.9	99.8	99.4	-141.299	19.1223	-27.4209	-122.596	6.34072	-162.391	
0.78	3.6	9.8	1.3	18.8	38.6	0	81.1	6.1	93.5	30.5	1.8	100	0	50	80.9	84.8	100	99.9	51.4	99.9	99.9	99.9	99.9	99.9	99.8	99.4	-141.299	19.1223	-27.4209	-122.596	6.34072	-162.391	
0.79	3.6	9.8	1.3	18.8	38.6	0	81.1	6.1	93.5	30.5	1.8	100	0	50	80.9	84.8	100	99.9	51.4	99.9	99.9	99.9	99.9	99.9	99.8	99.4	-141.299	19.1223	-27.4209	-122.596	6.34072	-162.391	
0.8	3.6	9.8	1.3	18.8	38.6	0	81.1	6.1	93.5	30.5	1.8	100	0	50	80.9	84.8	100	99.9	51.4	99.9	99.9	99.9	99.9	99.9	99.8	99.4	-141.299	19.1223	-27.4209	-122.596	6.34072	-162.391	
0.81	3.6	9.8	1.3	18.8	38.6	0	81.1	6.1	93.5	30.5	1.8	100	0	50	80.9	84.8	100	99.9	51.4	99.9	99.9	99.9	99.9	99.9	99.8	99.4	-141.299	19.1223	-27.4209	-122.596	6.34072	-162.391	
0.82	3.6	9.8	1.3	18.8	38.6	0	81.1	6.1	93.5	30.5	1.8	100	0	50	80.9	84.8	100	99.9	51.4	99.9	99.9	99.9	99.9	99.9	99.8	99.4	-141.299	19.1223	-27.4209	-122.596	6.34072	-162.391	
0.83	3.6	9.8	1.3	18.8	38.6	0	81.1	6.1	93.5	30.5	1.8	100	0	50	80.9	84.8	100	99.9	51.4	99.9	99.9	99.9	99.9	99.9	99.8	99.4	-141.299	19.1223	-27.4209	-122.596	6.34072	-162.391	
0.84	3.6	9.8	1.3	18.8	38.6	0	81.1	6.1	93.5	30.5	1.8	100	0	50	80.9	84.8	100	99.9	51.4	99.9	99.9	99.9	99.9	99.9	99.8	99.4	-141.299	19.1223	-27.4209	-122.596	6.34072	-162.391	
0.85	3.6	9.8	1.3	18.8	38.6	0	81.1	6.1	93.5	30.5	1.8	100	0	50	80.9	84.8	100	99.9	51.4	99.9	99.9	99.9	99.9	99.9	99.8	99.4	-141.299	19.1223	-27.4209	-122.596	6.34072	-162.391	
0.86	3.6	9.8	1.3	18.8	38.6	0	81.1	6.1	93.5	30.5	1.8	100	0	50	80.9	84.8	100	99.9	51.4	99.9	99.9	99.9	99.9	99.9	99.8	99.4	-141.299	19.1223	-27.4209	-122.596	6.34072	-162.391	
0.87	4	9.8	1.3	18.4	37.7	0	81.1	6	93.4	30.1	0.6	100	0	50	81	84.3	100	99.9	53.8	99.9	99.9	99.9	99.9	99.9	99.7	99.4	-140.897	18.8107	-27.1748	-122.222	6.18197	-162.22	
0.88	4	9.8	1.3	18.4	37.7	0	81.1	6	93.4	30.1	0.6	100	0	50	81	84.3	100	99.9	53.8	99.9	99.9	99.9	99.9	99.9	99.7	99.4	-140.897	18.8107	-27.1748	-122.222	6.18197	-162.22	
0.89	4	9.8	1.3	18.4	37.7	0	81.1	6	93.4	30.1	0.6	100	0	50	81	84.3	100	99.9	53.8	99.9	99.9	99.9	99.9	99.9	99.7	99.4	-140.897	18.8107	-27.1748	-122.222	6.18197	-162.22	
0.9	4	9.8	1.3	18.4	37.7	0	81.1	6	93.4	30.1	0.6	100	0	50	81	84.3	100	99.9	53.8	99.9	99.9	99.9	99.9	99.9	99.7	99.4	-140.897	18.8107	-27.1748	-122.222	6.18197	-162.22	
0.91	4	9.8	1.3	18.4	37.7	0	81.1	6	93.4	30.1	0.6	100	0	50	81	84.3	100	99.9	53.8	99.9	99.9	99.9	99.9	99.9	99.7	99.4	-140.897	18.8107	-27.1748	-122.222	6.18197	-162.22	
0.92	4	9.8	1.3	18.4	37.7	0	81.1	6	93.4	30.1	0.6	100	0	50	81	84.3	100	99.9	53.8	99.9	99.9	99.9	99.9	99.9	99.7	99.4	-140.897	18.8107	-27.1748	-122.222	6.18197	-162.22	
0.93	4	9.8	1.3	18.4	37.7	0	81.1	6	93.4	30.1	0.6	100	0	50	81	84.3	100	99.9	53.8	99.9	99.9	99.9	99.9	99.9	99.7	99.4	-140.897	18.8107	-27.1748	-122.222	6.18197	-162.22	
0.94	4	9.8	1.3	18.4	37.7	0	81.1	6	93.4	30.1	0.6	100	0	50	81	84.3	100	99.9	53.8	99.9	99.9	99.9	99.9	99.9	99.7	99.4	-140.897	18.8107	-27.1748	-122.222	6.18197	-162.22	
0.95	4	9.8	1.3	18.4	37.7	0	81.1	6	93.4	30.1	0.6	100	0	50	81	84.3	100	99.9	53.8	99.9	99.9	99.9	99.9	99.9	99.7	99.4	-140.897	18.8107	-27.1748	-122.222	6.18197	-162.22	
0.96	4	9.8	1.3	18.4	37.7	0	81.1	6	93.4	30.1	0.6	100	0	50	81	84.3	100	99.9	53.8	99.9	99.9	99.9	99.9	99.9	99.7	99.4	-140.897	18.8107	-27.1748	-122.222	6.18197	-162.22	
0.97	4	9.8	1.3	18.4	37.7	0	81.1	6	93.4	30.1	0.6	100	0	50	81	84.3	100	99.9	53.8	99.9	99.9	99.9	99.9	99.9	99.7	99.4	-140.897	18.8107	-27.1748	-122.222	6.18197	-162.22	
0.98	4	9.8	1.3	18.4	37.7	0	81.1	6	93.4	30.1	0.6	100	0	50	81	84.3	100	99.9	53.8	99.9	99.9	99.9	99.9	99.9	99.7	99.4	-140.897	18.8107	-27.1748	-122.222	6.18197	-162.22	
0.99	4	9.8	1.3	18.4	37.7	0	81.1	6	93.4	30.1	0.6	100	0	50	81	84.3	100	99.9	53.8	99.9	99.9	99.9	99.9	99.9	99.7	99.4	-140.897	18.8107	-27.1748	-122.222	6.18197	-162.22	
1	4	9.8	1.3	18.4	37.7	0	81.1	6	93.4	30.1	0.6	100	0	50	81	84.3	100	99.9	53.8	99.9	99.9	99.9	99.9	99.9	99.7	99.4	-140.897	18.8107	-27.1748	-122.222	6.18197	-162.22	
1.01	4	9.8	1.3	18.4	37.7	0	81.1	6	93.4	30.1	0.6	100	0	50	81	84.3	100	99.9	53.8	99.9	99.9	99.9	99.9	99.9	99.7	99.4	-140.897	18.8107	-27.1748	-122.222	6.18197	-162.22	
1.02	4	9.8	1.3	18.4	37.7	0	81.1	6	93.4	30.1	0.6	100	0	50	81	84.3	100	99.9	53.8	99.9	99.9	99.9	99.9	99.9	99.7	99.4	-140.897	18.8107	-27.1748	-122.222	6.18197	-162.22	
1.03	4	9.8	1.3	18.4	37.7	0	81.1	6	93.4	30.1	0.6	100	0	50	81	84.3	100	99.9	53.8	99.9	99.9	99.9	99.9	99.9	99.7	99.4	-140.897	18.8107	-27.1748	-122.222	6.18197	-162.22	
1.04	4	9.8	1.3	18.4	37.7	0	81.1	6	93.4	30.1	0.6	100	0	50	81	84.3	100	99.9	53.8	99.9	99.9	99.9	99.9	99.9	99.7	99.4	-140.897	18.8107	-27.1748	-122.222	6.18197	-162.22	
1.05	4	9.8	1.3	18.4	37.7	0	81.1	6	93.4	30.1	0.6	100	0	50	81	84.3	100	99.9	53.8	99.9	99.9	99.9	99.9	99.9	99.7	99.4	-140.897	18.8107	-27.1748	-122.222	6.18197	-162.22	
1.06	4	9.8	1.3	18.4	37.7	0	81.1	6	93.4	30.1	0.6	100	0	50	81	84.3	100	99.9	53.8	99.9	99.9	99.9	99.9	99.9	99.7	99.4	-140.897	18.8107	-27.1748	-122.222	6.18197	-162.22	
1.07	4	9.8	1.3	18.4	37.7	0	81.1	6	93.4	30.1	0.6	100	0	50	81	84.3	100	99.9	53.8	99.9	99.9	99.9	99.9	99.9	99.7	99.4	-140.897	18.8107	-27.1748	-122.222	6.18197	-162.22	
1.08	4	9.8	1.3	18.4	37.7	0	81.1	6	93.4	30.1	0.6	100	0	50	81	84.3	100	99.9	53.8	99.9	99.9	99.9	99.9	99.9	99.7	99.4	-140.897	18.8107	-27.1748	-122.222	6.18197	-162.22	
1.09	4	9.8	1.3	18.4	37.7	0	81.1	6	93.4	30.1	0.6	100	0	50	81	84.3	100	99.9	53.8	99.9	99.9	99.9	99.9	99.9	99.7	99.4	-140.897	18.8107	-27.1748	-122.222	6.18197	-162.22	
1.1	4	9.8	1.3	18.4	37.7	0	81.1	6	93.4	30.1	0.6	100	0	50	81	84.3	100	99.9	53.8	99.9	99.9	99.9	99.9	99.9	99.7	99.4	-140.897	18.8107	-27.1748	-122.222	6.18197	-162.22	
1.11	4	9.8	1.3	18.4	37.7	0	81.1	6	93.4	30.1	0.6	100	0	50	81	84.3	100	99.9	53.8	99.9	99.9	99.9	99.9	99.9	99.7	99.4	-140.897	18.8107	-27.1748	-122.222	6.18197	-162.22	
1.12	4	9.8	1.3	18.4	37.7	0	81.1	6	93.4	30.1	0.6	100	0	50	81	84.3	100	99.9	53.8	99.9	99.9	99.9	99.9	99.9	99.7	99.4	-140.897	18.8107	-27.1748	-122.222	6.18197	-162.22	
1.13	4	9.8	1.3	18.4	37.7	0	81.1	6	93.4	30.1	0.6	100	0	50	81	84.3	100	99.9	53.8	99.9	99.9	99.9	99.9	99.9	99.7	99.4	-140.897	18.8107	-27.1748	-122.222	6.18197	-162.22	
1.14	4	9.8	1.3	18.4	37.7	0	81.1	6	93.4	30.1	0.6	100	0	50	81	84.3	100	99.9	53.8	99.9	99.9	99.9	99.9	99.9	99.7	99.4	-140.897	18.8107	-27.1748	-122.222	6.18197	-162.22	
1.15	4	9.8	1.3	18.4	37.7	0	81.1	6	93.4	30.1	0.6	100	0	50	81	84.3	100	99.9	53.8	99.9	99.9	99.9	99.9	99.9	99.7	99.4	-140.897	18.8107	-27.1748	-122.222	6.18197	-162.22	
1.16	4	9.8	1.3	18.4	37.7	0	81.1	6	93.4	30.1	0.6	100	0	50	81	84.3	100	99.9	53.8	99.9	99.9	99.9	99.9	99.9	99.7	99.4	-140.897	18.8107	-27.1748	-122.222	6.18197	-162.22	
1.17	4	9.8	1.3	18.4	37.7	0	81.1	6	93.4	30.1	0.6	100	0	50	81	84.3	100	99.9	53.8	99.9	99.9	99.9	99.9	99.9	99.7	99.4	-140.897	18.8107	-27.1748	-122.222	6.18197	-162.22	
1.18	4	9.8	1.3	18.4	37.7	0	81.1	6	93.4	30.1	0.6	100	0	50	81	84.3	100	99.9	53.8	99.9	99.9	99.9	99.9	99.9	99.7	99.4	-140.897	18.8107	-27.1748	-122.222	6.18197	-162.22	
1.19	4	9.8	1.3	18.4	37.7	0	81.1	6	93.4	30.1	0.6	100	0	50	81	84.3	100	99.9	53.8	99.9	99.9	99.9	99.9	99.9	99.7	99.4	-140.897	18.8107	-27.1748	-122.222	6.18197	-162.22	
1.2	4	9.8	1.3	18.4	37.7	0	81.1	6	93.4	30.1	0.6	100	0	50	81	84.3	100	99.9	53.8	99.9	99.9	99.9	99.9	99.9	99.7	99.4	-140.897	18.8107	-27.1748	-122.222	6.18197	-162.22	
1.21	4	9.8	1.3	18.4	37.7	0	81.1	6	93.4	30.1	0.6	100	0	50	81	84.3	100	99.9	53.8	99.9	99.9	99.9	99.9	99.9	99.7	99.4	-140.897	18.8107	-27.1748	-122.222	6.18197	-162.22	
1.22	4	9.8	1.3	18.4	37.7	0	81.1	6	93.4	30.1	0.6	100	0	50	81	84.3	100	99.9	53.8	99.9	99.9	99.9	99.9	99.9	99.7	99.4	-140.897	18.8107	-27.1748	-122.222	6.18197	-162.22	
1.23	4	9.8	1.3	18.4	37.7	0	81.1	6	93.4	30.1	0.6	100	0	50	81	84.3	100	99.9	53.8	99.9	99.9	99.9	99.9	99.9	99.7	99.4	-140.897	18.8107	-27.1748	-122.222	6.18197	-162.22	
1.24	4	10.1	1.3	18.3	35.9	0	80.8	5.8	93.2	30.2	0.2	100	0	50	80.6	83.8	99.9	99.9	60	99.9	99.9	99.9	99.9	99.9	99.7	99.4	-142.397	19.4576	-27.8003	-123.274	6.79124	-162.962	
1.25	4	10.1	1.3	18.3	35.9	0	80.8	5.8	93.2	30.2	0.2	100	0	50	80.6	83.8	99.9	99.9	60	99.9	99.9	99.9	99.9	99.9	99.7	99.4	-142.397	19.4576	-27.8003	-123.274	6.79124	-162.962	
1.26	4	10.1	1.3	18.3	35.9	0	80.8	5.8	93.2	30.2	0.2	100	0	50	80.6	83.8	99.9	99.9	60	99.9	99.9	99.9	99.9	99.9	99.7	99.4	-142.397	19.4576	-27.8003	-123.274	6.79124	-162.962	
1.27	4	10.1	1.3	18.3	35.9	0	80.8	5.8	93.2	30.2	0.2	100	0	50	80.6	83.8	99.9	99.9	60	99.9	99.9	99.9	99.9	99.9	99.7	99.4	-142.397	19.4576	-27.8003	-123.274	6.79124	-162.962	
1.28	4	10.1	1.3	18.3	35.9	0	80.8	5.8	93.2	30.2	0.2	100	0	50	80.6	83.8	99.9	99.9	60	99.9	99.9	99.9	99.9	99.9	99.7	99.4	-142.397	19.4576	-27.8003	-123.274	6.79124	-162.962	
1.29	4	10.1	1.3	18.3	35.9	0	80.8	5.8	93.2	30.2	0.2	100	0	50	80.6	83.8	99.9	99.9	60	99.9	99.9	99.9	99.9	99.9	99.7	99.4	-142.397	19.4576	-27.8003	-123.274	6.79124	-162.962	
1.3	4	10.1	1.3	18.3	35.9	0	80.8	5.8	93.2	30.2	0.2	100	0	50	80.6	83.8	99.9	99.9	60	99.9	99.9	99.9	99.9	99.9	99.7	99.4	-142.397	19.4576	-27.8003	-123.274	6.79124	-162.962	
1.31	4	10.1	1.3	18.3	35.9	0	80.8	5.8	93.2	30.2	0.2	100	0	50	80.6	83.8	99.9	99.9	60	99.9	99.9	99.9	99.9	99.9	99.7	99.4	-142.397	19.4576	-27.8003	-123.274	6.79124	-162.962	
1.32	4	10.1	1.3	18.3	35.9	0	80.8	5.8	93.2	30.2	0.2	100	0	50	80.6	83.8	99.9	99.9	60	99.9	99.9	99.9	99.9	99.9	99.7	99.4	-142.397	19.4576	-27.8003	-123.274	6.79124	-162.962	
1.33	4	10.1	1.3	18.3	35.9	0	80.8	5.8	93.2	30.2	0.2	100	0	50	80.6	83.8	99.9	99.9	60	99.9	99.9	99.9	99.9	99.9	99.7	99.4	-142.397	19.4576	-27.8003	-123.274	6.79124	-162.962	
1.34	4	10.1	1.3	18.3	35.9	0	80.8	5.8	93.2	30.2	0.2	100	0	50	80.6	83.8	99.9	99.9	60	99.9	99.9	99.9	99.9	99.9	99.7	99.4	-142.397	19.4576	-27.8003	-123.274	6.79124	-162.962	
1.35	4	10.1	1.3	18.3	35.9	0	80.8	5.8	93.2	30.2	0.2	100	0	50	80.6	83.8	99.9	99.9	60	99.9	99.9	99.9	99.9	99.9	99.7	99.4	-142.397	19.4576	-27.8003	-123.274	6.79124	-162.962	
1.36	4	10.1	1.3	18.3	35.9	0	80.8	5.8	93.2	30.2	0.2	100	0	50	80.6	83.8	99.9	99.9	60	99.9	99.9	99.9	99.9	99.9	99.7	99.4	-142.397	19.4576	-27.8003	-123.274	6.79124	-162.962	
1.37	4	10.1	1.3	18.3	35.9	0	80.8	5.8	93.2	30.2	0.2	100	0	50	80.6	83.8	99.9	99.9	60	99.9	99.9	99.9	99.9	99.9	99.7	99.4	-142.397	19.4576	-27.8003	-123.274	6.79124	-162.962	
1.38	4	10.1	1.3	18.3	35.9	0	80.8	5.8	93.2	30.2	0.2	100	0	50	80.6	83.8	99.9	99.9	60	99.9	99.9	99.9	99.9	99.9	99.7	99.4	-142.397	19.4576	-27.8003	-123.274	6.79124	-162.962	
1.39	4	10.1	1.3	18.3	35.9	0	80.8	5.8	93.2	30.2	0.2	100	0	50	80.6	83.8	99.9	99.9	60	99.9	99.9	99.9	99.9	99.9	99.7	99.4	-142.397	19.4576	-27.8003	-123.274	6.79124	-162.962	
1.4	4	10.1	1.3	18.3	35.9	0	80.8	5.8	93.2	30.2	0.2	100	0	50	80.6	83.8	99.9	99.9	60	99.9	99.9	99.9	99.9	99.9	99.7	99.4	-142.397	19.4576	-27.8003	-123.274	6.79124	-162.962	
1.41	4	10.1	1.3	18.3	35.9	0	80.8	5.8	93.2	30.2	0.2	100	0	50	80.6	83.8	99.9	99.9	60	99.9	99.9	99.9	99.9	99.9	99.7	99.4	-142.397	19.4576	-27.8003	-123.274	6.79124	-162.962	
1.42	4	10.1	1.3	18.3	35.9	0	80.8	5.8	93.2	30.2	0.2	100	0	50	80.6	83.8	99.9	99.9	60	99.9	99.9	99.9	99.9	99.9	99.7	99.4	-142.397	19.4576	-27.8003	-123.274	6.79124	-162.962	
1.43	4	10.1	1.3	18.3	35.9	0	80.8	5.8	93.2	30.2	0.2	100	0	50	80.6	83.8	99.9	99.9	60	99.9	99.9	99.9	99.9	99.9	99.7	99.4	-142.397	19.4576	-27.8003	-123.274	6.79124	-162.962	
1.44	4	10.1	1.3	18.3	35.9	0	80.8	5.8	93.2	30.2	0.2	100	0	50	80.6	83.8	99.9	99.9	60	99.9	99.9	99.9	99.9	99.9	99.7	99.4	-142.397	19.4576	-27.8003	-123.274	6.79124	-162.962	
1.45	4	10.1	1.3	18.3	35.9	0	80.8	5.8	93.2	30.2	0.2	100	0	50	80.6	83.8	99.9	99.9	60	99.9	99.9	99.9	99.9	99.9	99.7	99.4	-142.397	19.4576	-27.8003	-123.274	6.79124	-162.962	
1.46	4	10.1	1.3	18.3	35.9	0	80.8	5.8	93.2	30.2	0.2	100	0	50	80.6	83.8	99.9	99.9	60	99.9	99.9	99.9	99.9	99.9	99.7	99.4	-142.397	19.4576	-27.8003	-123.274	6.79124	-162.962	
1.47	4	10.1	1.3	18.3	35.9	0	80.8	5.8	93.2	30.2	0.2	100	0	50	80.6	83.8	99.9	99.9	60	99.9	99.9	99.9	99.9	99.9	99.7	99.4	-142.397	19.4576	-27.8003	-123.274	6.79124	-162.962	
1.48	4	10.1	1.3	18.3	35.9	0	80.8	5.8	93.2	30.2	0.2	100	0	50	80.6	83.8	99.9	99.9	60	99.9	99.9	99.9	99.9	99.9	99.7	99.4	-142.397	19.4576	-27.8003	-123.274	6.79124	-162.962	
1.49	4	10.1	1.3	18.3	35.9	0	80.8	5.8	93.2	30.2	0.2	100	0	50	80.6	83.8	99.9	99.9	60	99.9	99.9	99.9	99.9	99.9	99.7	99.4	-142.397	19.4576	-27.8003	-123.274	6.79124	-162.962	
1.5	4	10.1	1.3	18.3	35.9	0	80.8	5.8	93.2	30.2	0.2	100	0	50	80.6	83.8	99.9	99.9	60	99.9	99.9	99.9	99.9	99.9	99.7	99.4	-142.397	19.4576	-27.8003	-123.274	6.79124	-162.962	
1.51	4	10.1	1.3	18.3	35.9	0	80.8	5.8	93.2	30.2	0.2	100	0	50	80.6	83.8	99.9	99.9	60	99.9	99.9	99.9	99.9	99.9	99.7	99.4	-142.397	19.4576	-27.8003	-123.274	6.79124	-162.962	
1.52	4	10.1	1.3	18.3	35.9	0	80.8	5.8	93.2	30.2	0.2	100	0	50	80.6	83.8	99.9	99.9	60	99.9	99.9	99.9	99.9	99.9	99.7	99.4	-142.397	19.4576	-27.8003	-123.274	6.79124	-162.962	
1.53	4	10.1	1.3	18.3	35.9	0	80.8	5.8	93.2	30.2	0.2	100	0	50	80.6	83.8	99.9	99.9	60	99.9	99.9	99.9	99.9	99.9	99.7	99.4	-142.397	19.4576	-27.8003	-123.274	6.79124	-162.962	
1.54	4	10.1	1.3	18.3	35.9	0	80.8	5.8	93.2	30.2	0.2	100	0	50	80.6	83.8	99.9	99.9	60	99.9	99.9	99.9	99.9	99.9	99.7	99.4	-142.397	19.4576	-27.8003	-123.274	6.79124	-162.962	
1.55	4	10.1	1.3	18.3	35.9	0	80.8	5.8	93.2	30.2	0.2	100	0	50	80.6	83.8	99.9	99.9	60	99.9	99.9	99.9	99.9	99.9	99.7	99.4	-142.397	19.4576	-27.8003	-123.274	6.79124	-162.962	
1.56	4	10.1	1.3	18.3	35.9	0	80.8	5.8	93.2	30.2	0.2	100	0	50	80.6	83.8	99.9	99.9	60	99.9	99.9	99.9	99.9	99.9	99.7	99.4	-142.397	19.4576	-27.8003	-123.274	6.79124	-162.962	
1.57	4	10.1	1.3	18.3	35.9	0	80.8	5.8	93.2	30.2	0.2	100	0	50	80.6	83.8	99.9	99.9	60	99.9	99.9	99.9	99.9	99.9	99.7	99.4	-142.397	19.4576	-27.8003	-123.274	6.79124	-162.962	
1.58	4	10.1	1.3	18.3	35.9	0	80.8	5.8	93.2	30.2	0.2	100	0	50	80.6	83.8	99.9	99.9	60	99.9	99.9	99.9	99.9	99.9	99.7	99.4	-142.397	19.4576	-27.8003	-123.274	6.79124	-162.962	
1.59	4	10.1	1.3	18.3	35.9	0	80.8	5.8	93.2	30.2	0.2	100	0	50	80.6	83.8	99.9	99.9	60	99.9	99.9	99.9	99.9	99.9	99.7	99.4	-142.397	19.4576	-27.8003	-123.274	6.79124	-162.962	
1.6	4	10.1	1.3	18.3	35.9	0	80.8	5.8	93.2	30.2	0.2	100	0	50	80.6	83.8	99.9	99.9	60	99.9	99.9	99.9	99.9	99.9	99.7	99.4	-142.397	19.4576	-27.8003	-123.274	6.79124	-162.962	
1.61	4	10	1.4	20.4	34.1	0	80.5	6.2	92.7	31.3	0	100	0	50	80.2	83.5	99.9	99.9	60.3	99.9	99.9	99.9	99.9	99.9	99.5	99.3	-143.107	19.7779	-26.0876	-123.977	6.8291	-162.834	
1.62	4	10	1.4	20.4	34.1	0	80.5	6.2	92.7	31.3	0	100	0	50	80.2	83.5	99.9	99.9	60.3	99.9	99.9	99.9	99.9	99.9	99.5	99.3	-143.107	19.7779	-26.0876	-123.977	6.8291	-162.834	
1.63	4	10	1.4	20.4	34.1	0	80.5	6.2	92.7	31.3	0	100	0	50	80.2	83.5	99.9	99.9	60.3	99.9	99.9	99.9	99.9	99.9	99.5	99.3	-143.107	19.7779	-26.0876	-123.977	6.8291	-162.834	
1.64	4	10	1.4	20.4	34.1	0	80.5	6.2	92.7	31.3	0	100	0	50	80.2	83.5	99.9	99.9	60.3	99.9	99.9	99.9	99.9	99.9	99.5	99.3	-143.107	19.7779	-26.0876	-123.977	6.8291	-162.834	
1.65	4	10	1.4	20.4	34.1	0	80.5	6.2	92.7	31.3	0	100	0	50	80.2	83.5	99.9	99.9	60.3	99.9	99.9	99.9	99.9	99.9	99.5	99.3	-143.107	19.7779	-26.0876	-123.977	6.8291	-162.834	
1.66	4	10	1.4	20.4	34.1	0	80.5	6.2	92.7	31.3	0	100	0	50	80.2	83.5	99.9	99.9	60.3	99.9	99.9	99.9	99.9	99.9	99.5	99.3	-143.107	19.7779	-26.0876	-123.977	6.8291	-162.834	
1.67	4	10	1.4	20.4	34.1	0	80.5	6.2	92.7	31.3	0	100	0	50	80.2	83.5	99.9	99.9	60.3	99.9	99.9	99.9	99.9	99.9	99.5	99.3	-143.107	19.7779	-26.0876	-123.977	6.8291	-162.834	
1.68	4	10	1.4	20.4	34.1	0	80.5	6.2	92.7	31.3	0	100	0	50	80.2	83.5	99.9	99.9	60.3	99.9	99.9	99.9	99.9	99.9	99.5	99.3	-143.107	19.7779	-26.0876	-123.977	6.8291	-162.834	
1.69	4	10	1.4	20.4	34.1	0	80.5	6.2	92.7	31.3	0	100	0	50	80.2	83.5	99.9	99.9	60.3	99.9	99.9	99.9	99.9	99.9	99.5	99.3	-143.107	19.7779	-26.0876	-123.977	6.8291	-162.834	
1.7	4	10	1.4	20.4	34.1	0	80.5	6.2	92.7	31.3	0	100	0	50	80.2	83.5	99.9	99.9	60.3	99.9	99.9	99.9	99.9	99.9	99.5	99.3	-143.107	19.7779	-26.0876	-123.977	6.8291	-162.834	
1.71	4	10	1.4	20.4	34.1	0	80.5	6.2	92.7	31.3	0	100	0	50	80.2	83.5	99.9	99.9	60.3	99.9	99.9	99.9	99.9	99.9	99.5	99.3	-143.107	19.7779	-26.0876	-123.977	6.8291	-162.834	
1.72	4	10	1.4	20.4	34.1	0	80.5	6.2	92.7	31.3	0	100	0	50	80.2	83.5	99.9	99.9	60.3	99.9	99.9	99.9	99.9	99.9	99.5	99.3	-143.107	19.7779	-26.0876	-123.977	6.8291	-162.834	
1.73	4	10	1.4	20.4	34.1	0	80.5	6.2	92.7	31.3	0	100	0	50	80.2	83.5	99.9	99.9	60.3	99.9	99.9	99.9	99.9	99.9	99.5	99.3	-143.107	19.7779	-26.0876	-123.977	6.8291	-162.834	
1.74	4	10	1.4	20.4	34.1	0	80.5	6.2	92.7	31.3	0	100	0	50	80.2	83.5	99.9	99.9	60.3	99.9	99.9	99.9	99.9	99.9	99.5	99.3	-143.107	19.7779	-26.0876	-123.977	6.8291	-162.834	
1.75	4	10	1.4	20.4	34.1	0	80.5	6.2	92.7	31.3	0	100	0	50	80.2	83.5	99.9	99.9	60.3	99.9	99.9	99.9	99.9	99.9	99.5	99.3	-143.107	19.7779	-26.0876	-123.977	6.8291	-162.834	
1.76	4	10	1.4	20.4	34.1	0	80.5	6.2	92.7	31.3	0	100	0	50	80.2	83.5	99.9	99.9	60.3	99.9	99.9	99.9	99.9	99.9	99.5	99.3	-143.107	19.7779	-26.0876	-123.977	6.8291	-162.834	
1.77	4	10	1.4	20.4	34.1	0	80.5	6.2	92.7	31.3	0	100	0	50	80.2	83.5	99.9	99.9	60.3	99.9	99.9	99.9	99.9	99.9	99.5	99.3	-143.107	19.7779	-26.0876	-123.977	6.8291	-162.834	
1.78	4	10	1.4	20.4	34.1	0	80.5	6.2	92.7	31.3	0	100	0	50	80.2	83.5	99.9	99.9	60.3	99.9	99.9	99.9	99.9	99.9	99.5	99.3	-143.107	19.7779	-26.0876	-123.977	6.8291	-162.834	
1.79	4	10	1.4	20.4	34.1	0	80.5	6.2	92.7	31.3	0	100	0	50	80.2	83.5	99.9	99.9	60.3	99.9	99.9	99.9	99.9	99.9	99.5	99.3	-143.107	19.7779	-26.0876	-123.977	6.8291	-162.834	
1.8	4	10	1.4	20.4	34.1	0	80.5	6.2	92.7	31.3	0	100	0	50	80.2	83.5	99.9	99.9	60.3	99.9	99.9	99.9	99.9	99.9	99.5	99.3	-143.107	19.7779	-26.0876	-123.977	6.8291	-162.834	
1.81	4	10	1.4	20.4	34.1	0	80.5	6.2	92.7	31.3	0	100	0	50	80.2	83.5	99.9	99.9	60.3	99.9	99.9	99.9	99.9	99.9	99.5	99.3	-143.107	19.7779	-26.0876	-123.977	6.8291	-162.834	
1.82	4	10	1.4	20.4	34.1	0	80.5	6.2	92.7	31.3	0	100	0	50	80.2	83.5	99.9	99.9	60.3	99.9	99.9	99.9	99.9	99.9	99.5	99.3	-143.107	19.7779	-26.0876	-123.977	6.8291	-162.834	
1.83	4	10	1.4	20.4	34.1	0	80.5	6.2	92.7	31.3	0	100	0	50	80.2	83.5	99.9	99.9	60.3	99.9	99.9	99.9	99.9	99.9	99.5	99.3	-143.107	19.7779	-26.0876	-123.977	6.8291	-162.834	
1.84	4	10	1.4	20.4	34.1	0	80.5	6.2	92.7	31.3	0	100	0	50	80.2	83.5	99.9	99.9	60.3	99.9	99.9	99.9	99.9	99.9	99.5	99.3	-143.107	19.7779	-26.0876	-123.977	6.8291	-162.834	
1.85	4	10	1.4	20.4	34.1	0	80.5	6.2	92.7	31.3	0	100	0	50	80.2	83.5	99.9	99.9	60.3	99.9	99.9	99.9	99.9	99.9	99.5	99.3	-143.107	19.7779	-26.0876	-123.977	6.8291	-162.834	
1.86	4	10	1.4	20.4	34.1	0	80.5	6.2	92.7	31.3	0	100	0	50	80.2	83.5	99.9	99.9	60.3	99.9	99.9	99.9	99.9	99.9	99.5	99.3	-143.107	19.7779	-26.0876	-123.977	6.8291	-162.834	
1.87	4	10	1.4	20.4	34.1	0	80.5	6.2	92.7	31.3	0	100	0	50	80.2	83.5	99.9	99.9	60.3	99.9	99.9	99.9	99.9	99.9	99.5	99.3	-143.107	19.7779	-26.0876	-123.977	6.8291	-162.834	
1.88	4	10	1.4	20.4	34.1	0	80.5	6.2	92.7	31.3	0	100	0	50	80.2	83.5	99.9	99.9	60.3	99.9	99.9	99.9	99.9	99.9	99.5	99.3	-143.107	19.7779	-26.0876	-123.977	6.8291	-162.834	
1.89	4	10	1.4	20.4	34.1	0	80.5	6.2	92.7	31.3	0	100	0	50	80.2	83.5	99.9	99.9	60.3	99.9	99.9	99.9	99.9	99.9	99.5	99.3	-143.107	19.7779	-26.0876	-123.977	6.8291	-162.834	
1.9	4	10	1.4	20.4	34.1	0	80.5	6.2	92.7	31.3	0	100	0	50	80.2	83.5	99.9	99.9	60.3	99.9	99.9	99.9	99.9	99.9	99.5	99.3	-143.107	19.7779	-26.0876	-123.977	6.8291	-162.834	
1.91	4	10	1.4	20.4	34.1	0	80.5	6.2	92.7	31.3	0	100	0	50	80.2	83.5	99.9	99.9	60.3	99.9	99.9	99.9	99.9	99.9	99.5	99.3	-143.107	19.7779	-26.0876	-123.977	6.8291	-162.834	
1.92	4	10	1.4	20.4	34.1	0	80.5	6.2	92.7	31.3	0	100	0	50	80.2	83.5	99.9	99.9	60.3	99.9	99.9	99.9	99.9	99.9	99.5	99.3	-143.107	19.7779	-26.0876	-123.977	6.8291	-162.834	
1.93	4	10	1.4	20.4	34.1	0	80.5	6.2	92.7	31.3	0	100	0	50	80.2	83.5	99.9	99.9	60.3	99.9	99.9	99.9	99.9	99.9	99.5	99.3	-143.107	19.7779	-26.0876	-123.977	6.8291	-162.834	
1.94	4	10	1.4	20.4	34.1	0	80.5	6.2	92.7	31.3	0	100	0	50	80.2	83.5	99.9	99.9	60.3	99.9	99.9	99.9	99.9	99.9	99.5	99.3	-143.107	19.7779	-26.0876	-123.977	6.8291	-162.834	
1.95	4	10	1.4	20.4	34.1	0	80.5	6.2	92.7	31.3	0	100	0	50	80.2	83.5	99.9	99.9	60.3	99.9	99.9	99.9	99.9	99.9	99.5	99.3	-143.107	19.7779	-26.0876	-123.977	6.8291	-162.834	
1.96	4	10	1.4	20.4	34.1	0	80.5	6.2	92.7	31.3	0	100	0	50	80.2	83.5	99.9	99.9	60.3	99.9	99.9	99.9	99.9	99.9	99.5	99.3	-143.107	19.7779	-26.0876	-123.977	6.8291	-162.834	
1.97	4	10	1.4	20.4	34.1	0	80.5	6.2	92.7	31.3	0	100	0	50	80.2	83.5	99.9	99.9	60.3	99.9	99.9	99.9	99.9	99.9	99.5	99.3	-143.107	19.7779	-26.0876	-123.977	6.8291	-162.834	
1.98	4.2	10.2	1.6	20.9	32.8	0	80.7	6.3	92.3	31.6	0	100	0	50	79.7	83	100	99.9	63.1	99.9	99.9	99.2	99.3	99.7	99.9	99.9	-142.317	19.3492	-24.5841	-124.557	6.11609	-162.566	
1.99	4.2	10.2	1.6	20.9	32.8	0	80.7	6.3	92.3	31.6	0	100	0	50	79.7	83	100	99.9	63.1	99.9	99.9	99.2	99.3	99.7	99.9	99.9	-142.317	19.3492	-24.5841	-124.557	6.11609	-162.566	
2	4.2	10.2	1.6	20.9	32.8	0	80.7	6.3	92.3	31.6	0	100	0	50	79.7	83	100	99.9	63.1	99.9	99.9	99.2	99.3	99.7	99.9	99.9	-142.317	19.3492	-24.5841	-124.557	6.11609	-162.566	
2.01	4.2	10.2	1.6	20.9	32.8	0	80.7	6.3	92.3	31.6	0	100	0	50	79.7	83	100	99.9	63.1	99.9	99.9	99.2	99.3	99.7	99.9	99.9	-142.317	19.3492	-24.5841	-124.557	6.11609	-162.566	
