Hora de inicio de la toma de datos: 10:28:58
AT(s)	F1.1	F1.2	F2.1	F2.2	F3.1	F3.2	F4.1	F4.2	F5.1	F5.2	ABD1	ABD2	ABD3	ABD4	PA	TCO	P1	P2	P3	P4	P5	P6	P7	P8	P9	P10	HRoll	HPitch	HYaw	WRoll	WPitch	WYaw	
0.01	1.2	0	0	10.4	0.4	0	1.8	0	0	5.7	79.2	56.4	30.3	43.35	27.3	27.5	99.9	86.7	99.9	96.9	99.9	89.8	99.9	99.6	99.4	94.4	-24.4005	-4.51861	6.22665	-12.6168	6.82882	36.5469	
0.02	1.2	0	0	10.4	0.4	0	1.8	0	0	5.7	79.2	56.4	30.3	43.35	27.3	27.5	99.9	86.7	99.9	96.9	99.9	89.8	99.9	99.6	99.4	94.4	-24.4005	-4.51861	6.22665	-12.6168	6.82882	36.5469	
0.03	1.2	0	0	10.4	0.4	0	1.8	0	0	5.7	79.2	56.4	30.3	43.35	27.3	27.5	99.9	86.7	99.9	96.9	99.9	89.8	99.9	99.6	99.4	94.4	-24.4005	-4.51861	6.22665	-12.6168	6.82882	36.5469	
0.04	1.2	0	0	10.4	0.4	0	1.8	0	0	5.7	79.2	56.4	30.3	43.35	27.3	27.5	99.9	86.7	99.9	96.9	99.9	89.8	99.9	99.6	99.4	94.4	-24.4005	-4.51861	6.22665	-12.6168	6.82882	36.5469	
0.05	1.2	0	0	10.4	0.4	0	1.8	0	0	5.7	79.2	56.4	30.3	43.35	27.3	27.5	99.9	86.7	99.9	96.9	99.9	89.8	99.9	99.6	99.4	94.4	-24.4005	-4.51861	6.22665	-12.6168	6.82882	36.5469	
0.06	1.2	0	0	10.4	0.4	0	1.8	0	0	5.7	79.2	56.4	30.3	43.35	27.3	27.5	99.9	86.7	99.9	96.9	99.9	89.8	99.9	99.6	99.4	94.4	-24.4005	-4.51861	6.22665	-12.6168	6.82882	36.5469	
0.07	1.2	0	0	10.4	0.4	0	1.8	0	0	5.7	79.2	56.4	30.3	43.35	27.3	27.5	99.9	86.7	99.9	96.9	99.9	89.8	99.9	99.6	99.4	94.4	-24.4005	-4.51861	6.22665	-12.6168	6.82882	36.5469	
0.08	1.2	0	0	10.4	0.4	0	1.8	0	0	5.7	79.2	56.4	30.3	43.35	27.3	27.5	99.9	86.7	99.9	96.9	99.9	89.8	99.9	99.6	99.4	94.4	-24.4005	-4.51861	6.22665	-12.6168	6.82882	36.5469	
0.09	1.2	0	0	10.4	0.4	0	1.8	0	0	5.7	79.2	56.4	30.3	43.35	27.3	27.5	99.9	86.7	99.9	96.9	99.9	89.8	99.9	99.6	99.4	94.4	-24.4005	-4.51861	6.22665	-12.6168	6.82882	36.5469	
0.1	1.3	0	0	10.4	0.5	0	1.8	0	0	5.8	78.9	56	30.4	43.2	27.1	27.5	99.9	85.5	99.9	98.1	99.9	88.9	99.6	99.3	99.5	92.8	-24.3661	-4.05984	6.22348	-12.6807	6.97102	36.1531	
0.11	1.3	0	0	10.4	0.5	0	1.8	0	0	5.8	78.9	56	30.4	43.2	27.1	27.5	99.9	85.5	99.9	98.1	99.9	88.9	99.6	99.3	99.5	92.8	-24.3661	-4.05984	6.22348	-12.6807	6.97102	36.1531	
0.12	1.3	0	0	10.4	0.5	0	1.8	0	0	5.8	78.9	56	30.4	43.2	27.1	27.5	99.9	85.5	99.9	98.1	99.9	88.9	99.6	99.3	99.5	92.8	-24.3661	-4.05984	6.22348	-12.6807	6.97102	36.1531	
0.13	1.3	0	0	10.4	0.5	0	1.8	0	0	5.8	78.9	56	30.4	43.2	27.1	27.5	99.9	85.5	99.9	98.1	99.9	88.9	99.6	99.3	99.5	92.8	-24.3661	-4.05984	6.22348	-12.6807	6.97102	36.1531	
0.14	1.3	0	0	10.4	0.5	0	1.8	0	0	5.8	78.9	56	30.4	43.2	27.1	27.5	99.9	85.5	99.9	98.1	99.9	88.9	99.6	99.3	99.5	92.8	-24.3661	-4.05984	6.22348	-12.6807	6.97102	36.1531	
0.15	1.3	0	0	10.4	0.5	0	1.8	0	0	5.8	78.9	56	30.4	43.2	27.1	27.5	99.9	85.5	99.9	98.1	99.9	88.9	99.6	99.3	99.5	92.8	-24.3661	-4.05984	6.22348	-12.6807	6.97102	36.1531	
0.16	1.3	0	0	10.4	0.5	0	1.8	0	0	5.8	78.9	56	30.4	43.2	27.1	27.5	99.9	85.5	99.9	98.1	99.9	88.9	99.6	99.3	99.5	92.8	-24.3661	-4.05984	6.22348	-12.6807	6.97102	36.1531	
0.171	1.3	0	0	10.4	0.5	0	1.8	0	0	5.8	78.9	56	30.4	43.2	27.1	27.5	99.9	85.5	99.9	98.1	99.9	88.9	99.6	99.3	99.5	92.8	-24.3661	-4.05984	6.22348	-12.6807	6.97102	36.1531	
0.181	1.3	0	0	10.4	0.5	0	1.8	0	0	5.8	78.9	56	30.4	43.2	27.1	27.5	99.9	85.5	99.9	98.1	99.9	88.9	99.6	99.3	99.5	92.8	-24.3661	-4.05984	6.22348	-12.6807	6.97102	36.1531	
0.191	1.3	0	0	10.4	0.5	0	1.8	0	0	5.8	78.9	56	30.4	43.2	27.1	27.5	99.9	85.5	99.9	98.1	99.9	88.9	99.6	99.3	99.5	92.8	-24.3661	-4.05984	6.22348	-12.6807	6.97102	36.1531	
0.201	1.3	0	0	10.4	0.5	0	1.8	0	0	5.8	78.9	56	30.4	43.2	27.1	27.5	99.9	85.5	99.9	98.1	99.9	88.9	99.6	99.3	99.5	92.8	-24.3661	-4.05984	6.22348	-12.6807	6.97102	36.1531	
0.211	1.3	0	0	10.4	0.5	0	1.8	0	0	5.8	78.9	56	30.4	43.2	27.1	27.5	99.9	85.5	99.9	98.1	99.9	88.9	99.6	99.3	99.5	92.8	-24.3661	-4.05984	6.22348	-12.6807	6.97102	36.1531	
0.221	1.3	0	0	10.4	0.5	0	1.8	0	0	5.8	78.9	56	30.4	43.2	27.1	27.5	99.9	85.5	99.9	98.1	99.9	88.9	99.6	99.3	99.5	92.8	-24.3661	-4.05984	6.22348	-12.6807	6.97102	36.1531	
0.231	1.3	0	0	10.4	0.5	0	1.8	0	0	5.8	78.9	56	30.4	43.2	27.1	27.5	99.9	85.5	99.9	98.1	99.9	88.9	99.6	99.3	99.5	92.8	-24.3661	-4.05984	6.22348	-12.6807	6.97102	36.1531	
0.241	1.3	0	0	10.4	0.5	0	1.8	0	0	5.8	78.9	56	30.4	43.2	27.1	27.5	99.9	85.5	99.9	98.1	99.9	88.9	99.6	99.3	99.5	92.8	-24.3661	-4.05984	6.22348	-12.6807	6.97102	36.1531	
0.251	1.3	0	0	10.4	0.5	0	1.8	0	0	5.8	78.9	56	30.4	43.2	27.1	27.5	99.9	85.5	99.9	98.1	99.9	88.9	99.6	99.3	99.5	92.8	-24.3661	-4.05984	6.22348	-12.6807	6.97102	36.1531	
0.261	1.3	0	0	10.4	0.5	0	1.8	0	0	5.8	78.9	56	30.4	43.2	27.1	27.5	99.9	85.5	99.9	98.1	99.9	88.9	99.6	99.3	99.5	92.8	-24.3661	-4.05984	6.22348	-12.6807	6.97102	36.1531	
0.271	1.3	0	0	10.4	0.5	0	1.8	0	0	5.8	78.9	56	30.4	43.2	27.1	27.5	99.9	85.5	99.9	98.1	99.9	88.9	99.6	99.3	99.5	92.8	-24.3661	-4.05984	6.22348	-12.6807	6.97102	36.1531	
0.281	1.3	0	0	10.4	0.5	0	1.8	0	0	5.8	78.9	56	30.4	43.2	27.1	27.5	99.9	85.5	99.9	98.1	99.9	88.9	99.6	99.3	99.5	92.8	-24.3661	-4.05984	6.22348	-12.6807	6.97102	36.1531	
0.29	1.3	0	0	10.4	0.5	0	1.8	0	0	5.8	78.9	56	30.4	43.2	27.1	27.5	99.9	85.5	99.9	98.1	99.9	88.9	99.6	99.3	99.5	92.8	-24.3661	-4.05984	6.22348	-12.6807	6.97102	36.1531	
0.3	1.3	0	0	10.4	0.5	0	1.8	0	0	5.8	78.9	56	30.4	43.2	27.1	27.5	99.9	85.5	99.9	98.1	99.9	88.9	99.6	99.3	99.5	92.8	-24.3661	-4.05984	6.22348	-12.6807	6.97102	36.1531	
0.31	1.3	0	0	10.4	0.5	0	1.8	0	0	5.8	78.9	56	30.4	43.2	27.1	27.5	99.9	85.5	99.9	98.1	99.9	88.9	99.6	99.3	99.5	92.8	-24.3661	-4.05984	6.22348	-12.6807	6.97102	36.1531	
0.32	1.3	0	0	10.4	0.5	0	1.8	0	0	5.8	78.9	56	30.4	43.2	27.1	27.5	99.9	85.5	99.9	98.1	99.9	88.9	99.6	99.3	99.5	92.8	-24.3661	-4.05984	6.22348	-12.6807	6.97102	36.1531	
0.33	1.3	0	0	10.4	0.5	0	1.8	0	0	5.8	78.9	56	30.4	43.2	27.1	27.5	99.9	85.5	99.9	98.1	99.9	88.9	99.6	99.3	99.5	92.8	-24.3661	-4.05984	6.22348	-12.6807	6.97102	36.1531	
0.34	1.3	0	0	10.4	0.5	0	1.8	0	0	5.8	78.9	56	30.4	43.2	27.1	27.5	99.9	85.5	99.9	98.1	99.9	88.9	99.6	99.3	99.5	92.8	-24.3661	-4.05984	6.22348	-12.6807	6.97102	36.1531	
0.35	1.3	0	0	10.4	0.5	0	1.8	0	0	5.8	78.9	56	30.4	43.2	27.1	27.5	99.9	85.5	99.9	98.1	99.9	88.9	99.6	99.3	99.5	92.8	-24.3661	-4.05984	6.22348	-12.6807	6.97102	36.1531	
0.36	1.3	0	0	10.4	0.5	0	1.8	0	0	5.8	78.9	56	30.4	43.2	27.1	27.5	99.9	85.5	99.9	98.1	99.9	88.9	99.6	99.3	99.5	92.8	-24.3661	-4.05984	6.22348	-12.6807	6.97102	36.1531	
0.37	1.3	0	0	10.4	0.5	0	1.8	0	0	5.8	78.9	56	30.4	43.2	27.1	27.5	99.9	85.5	99.9	98.1	99.9	88.9	99.6	99.3	99.5	92.8	-24.3661	-4.05984	6.22348	-12.6807	6.97102	36.1531	
0.38	1.3	0	0	10.4	0.5	0	1.8	0	0	5.8	78.9	56	30.4	43.2	27.1	27.5	99.9	85.5	99.9	98.1	99.9	88.9	99.6	99.3	99.5	92.8	-24.3661	-4.05984	6.22348	-12.6807	6.97102	36.1531	
0.39	1.3	0	0	10.4	0.5	0	1.8	0	0	5.8	78.9	56	30.4	43.2	27.1	27.5	99.9	85.5	99.9	98.1	99.9	88.9	99.6	99.3	99.5	92.8	-24.3661	-4.05984	6.22348	-12.6807	6.97102	36.1531	
0.4	1.3	0	0	10.4	0.5	0	1.8	0	0	5.8	78.9	56	30.4	43.2	27.1	27.5	99.9	85.5	99.9	98.1	99.9	88.9	99.6	99.3	99.5	92.8	-24.3661	-4.05984	6.22348	-12.6807	6.97102	36.1531	
0.41	1.3	0	0	10.4	0.5	0	1.8	0	0	5.8	78.9	56	30.4	43.2	27.1	27.5	99.9	85.5	99.9	98.1	99.9	88.9	99.6	99.3	99.5	92.8	-24.3661	-4.05984	6.22348	-12.6807	6.97102	36.1531	
0.42	1.3	0	0	10.4	0.5	0	1.8	0	0	5.8	78.9	56	30.4	43.2	27.1	27.5	99.9	85.5	99.9	98.1	99.9	88.9	99.6	99.3	99.5	92.8	-24.3661	-4.05984	6.22348	-12.6807	6.97102	36.1531	
0.43	1.3	0	0	10.4	0.5	0	1.8	0	0	5.8	78.9	56	30.4	43.2	27.1	27.5	99.9	85.5	99.9	98.1	99.9	88.9	99.6	99.3	99.5	92.8	-24.3661	-4.05984	6.22348	-12.6807	6.97102	36.1531	
0.44	1.3	0	0	10.4	0.5	0	1.8	0	0	5.8	78.9	56	30.4	43.2	27.1	27.5	99.9	85.5	99.9	98.1	99.9	88.9	99.6	99.3	99.5	92.8	-24.3661	-4.05984	6.22348	-12.6807	6.97102	36.1531	
0.45	1.3	0	0	10.4	0.5	0	1.8	0	0	5.8	78.9	56	30.4	43.2	27.1	27.5	99.9	85.5	99.9	98.1	99.9	88.9	99.6	99.3	99.5	92.8	-24.3661	-4.05984	6.22348	-12.6807	6.97102	36.1531	
0.46	1.3	0	0	10.4	0.5	0	1.8	0	0	5.8	78.9	56	30.4	43.2	27.1	27.5	99.9	85.5	99.9	98.1	99.9	88.9	99.6	99.3	99.5	92.8	-24.3661	-4.05984	6.22348	-12.6807	6.97102	36.1531	
0.47	1.4	0	0	10.4	0.6	0	1.8	0	0	5.8	78.6	56	30.2	43.1	27.1	27.5	100	84.9	99.9	98	99.9	88.7	99.5	99.4	99.9	93.5	-24.7173	-4.1896	6.23648	-11.8207	6.88775	36.0391	
0.48	1.5	0	0	10.3	0.6	0	1.8	0	0	5.8	78.2	56.2	30.1	43.15	27.2	27.8	99.9	85.4	99.9	98.9	99.9	88	99.4	99.5	99.9	94.7	-24.6284	-4.00476	6.27215	-12.2799	6.61461	35.8493	
0.49	1.5	0	0	10.3	0.6	0	1.8	0	0	5.8	78.2	56.2	30.1	43.15	27.2	27.8	99.9	85.4	99.9	98.9	99.9	88	99.4	99.5	99.9	94.7	-24.6284	-4.00476	6.27215	-12.2799	6.61461	35.8493	
0.5	1.5	0	0	10.3	0.6	0	1.8	0	0	5.8	78.2	56.2	30.1	43.15	27.2	27.8	99.9	85.4	99.9	98.9	99.9	88	99.4	99.5	99.9	94.7	-24.6284	-4.00476	6.27215	-12.2799	6.61461	35.8493	
0.51	1.5	0	0	10.3	0.6	0	1.8	0	0	5.8	78.2	56.2	30.1	43.15	27.2	27.8	99.9	85.4	99.9	98.9	99.9	88	99.4	99.5	99.9	94.7	-24.6284	-4.00476	6.27215	-12.2799	6.61461	35.8493	
0.52	1.5	0	0	10.3	0.6	0	1.8	0	0	5.8	78.2	56.2	30.1	43.15	27.2	27.8	99.9	85.4	99.9	98.9	99.9	88	99.4	99.5	99.9	94.7	-24.6284	-4.00476	6.27215	-12.2799	6.61461	35.8493	
0.53	1.5	0	0	10.3	0.6	0	1.8	0	0	5.8	78.2	56.2	30.1	43.15	27.2	27.8	99.9	85.4	99.9	98.9	99.9	88	99.4	99.5	99.9	94.7	-24.6284	-4.00476	6.27215	-12.2799	6.61461	35.8493	
0.54	1.5	0	0	10.3	0.6	0	1.8	0	0	5.8	78.2	56.2	30.1	43.15	27.2	27.8	99.9	85.4	99.9	98.9	99.9	88	99.4	99.5	99.9	94.7	-24.6284	-4.00476	6.27215	-12.2799	6.61461	35.8493	
0.55	1.5	0	0	10.3	0.6	0	1.8	0	0	5.8	78.2	56.2	30.1	43.15	27.2	27.8	99.9	85.4	99.9	98.9	99.9	88	99.4	99.5	99.9	94.7	-24.6284	-4.00476	6.27215	-12.2799	6.61461	35.8493	
0.56	1.5	0	0	10.3	0.6	0	1.8	0	0	5.8	78.2	56.2	30.1	43.15	27.2	27.8	99.9	85.4	99.9	98.9	99.9	88	99.4	99.5	99.9	94.7	-24.6284	-4.00476	6.27215	-12.2799	6.61461	35.8493	
0.57	1.5	0	0	10.3	0.6	0	1.8	0	0	5.8	78.2	56.2	30.1	43.15	27.2	27.8	99.9	85.4	99.9	98.9	99.9	88	99.4	99.5	99.9	94.7	-24.6284	-4.00476	6.27215	-12.2799	6.61461	35.8493	
0.58	1.5	0	0	10.3	0.6	0	1.8	0	0	5.8	78.2	56.2	30.1	43.15	27.2	27.8	99.9	85.4	99.9	98.9	99.9	88	99.4	99.5	99.9	94.7	-24.6284	-4.00476	6.27215	-12.2799	6.61461	35.8493	
0.59	1.5	0	0	10.3	0.6	0	1.8	0	0	5.8	78.2	56.2	30.1	43.15	27.2	27.8	99.9	85.4	99.9	98.9	99.9	88	99.4	99.5	99.9	94.7	-24.6284	-4.00476	6.27215	-12.2799	6.61461	35.8493	
0.6	1.5	0	0	10.3	0.6	0	1.8	0	0	5.8	78.2	56.2	30.1	43.15	27.2	27.8	99.9	85.4	99.9	98.9	99.9	88	99.4	99.5	99.9	94.7	-24.6284	-4.00476	6.27215	-12.2799	6.61461	35.8493	
0.61	1.5	0	0	10.3	0.6	0	1.8	0	0	5.8	78.2	56.2	30.1	43.15	27.2	27.8	99.9	85.4	99.9	98.9	99.9	88	99.4	99.5	99.9	94.7	-24.6284	-4.00476	6.27215	-12.2799	6.61461	35.8493	
0.62	1.5	0	0	10.3	0.6	0	1.8	0	0	5.8	78.2	56.2	30.1	43.15	27.2	27.8	99.9	85.4	99.9	98.9	99.9	88	99.4	99.5	99.9	94.7	-24.6284	-4.00476	6.27215	-12.2799	6.61461	35.8493	
0.63	1.5	0	0	10.3	0.6	0	1.8	0	0	5.8	78.2	56.2	30.1	43.15	27.2	27.8	99.9	85.4	99.9	98.9	99.9	88	99.4	99.5	99.9	94.7	-24.6284	-4.00476	6.27215	-12.2799	6.61461	35.8493	
0.64	1.5	0	0	10.3	0.6	0	1.8	0	0	5.8	78.2	56.2	30.1	43.15	27.2	27.8	99.9	85.4	99.9	98.9	99.9	88	99.4	99.5	99.9	94.7	-24.6284	-4.00476	6.27215	-12.2799	6.61461	35.8493	
0.65	1.5	0	0	10.3	0.6	0	1.8	0	0	5.8	78.2	56.2	30.1	43.15	27.2	27.8	99.9	85.4	99.9	98.9	99.9	88	99.4	99.5	99.9	94.7	-24.6284	-4.00476	6.27215	-12.2799	6.61461	35.8493	
0.66	1.5	0	0	10.3	0.6	0	1.8	0	0	5.8	78.2	56.2	30.1	43.15	27.2	27.8	99.9	85.4	99.9	98.9	99.9	88	99.4	99.5	99.9	94.7	-24.6284	-4.00476	6.27215	-12.2799	6.61461	35.8493	
0.67	1.5	0	0	10.3	0.6	0	1.8	0	0	5.8	78.2	56.2	30.1	43.15	27.2	27.8	99.9	85.4	99.9	98.9	99.9	88	99.4	99.5	99.9	94.7	-24.6284	-4.00476	6.27215	-12.2799	6.61461	35.8493	
0.68	1.5	0	0	10.3	0.6	0	1.8	0	0	5.8	78.2	56.2	30.1	43.15	27.2	27.8	99.9	85.4	99.9	98.9	99.9	88	99.4	99.5	99.9	94.7	-24.6284	-4.00476	6.27215	-12.2799	6.61461	35.8493	
0.69	1.5	0	0	10.3	0.6	0	1.8	0	0	5.8	78.2	56.2	30.1	43.15	27.2	27.8	99.9	85.4	99.9	98.9	99.9	88	99.4	99.5	99.9	94.7	-24.6284	-4.00476	6.27215	-12.2799	6.61461	35.8493	
0.7	1.5	0	0	10.3	0.6	0	1.8	0	0	5.8	78.2	56.2	30.1	43.15	27.2	27.8	99.9	85.4	99.9	98.9	99.9	88	99.4	99.5	99.9	94.7	-24.6284	-4.00476	6.27215	-12.2799	6.61461	35.8493	
0.71	1.5	0	0	10.3	0.6	0	1.8	0	0	5.8	78.2	56.2	30.1	43.15	27.2	27.8	99.9	85.4	99.9	98.9	99.9	88	99.4	99.5	99.9	94.7	-24.6284	-4.00476	6.27215	-12.2799	6.61461	35.8493	
0.72	1.5	0	0	10.3	0.6	0	1.8	0	0	5.8	78.2	56.2	30.1	43.15	27.2	27.8	99.9	85.4	99.9	98.9	99.9	88	99.4	99.5	99.9	94.7	-24.6284	-4.00476	6.27215	-12.2799	6.61461	35.8493	
0.73	1.5	0	0	10.3	0.6	0	1.8	0	0	5.8	78.2	56.2	30.1	43.15	27.2	27.8	99.9	85.4	99.9	98.9	99.9	88	99.4	99.5	99.9	94.7	-24.6284	-4.00476	6.27215	-12.2799	6.61461	35.8493	
0.74	1.5	0	0	10.3	0.6	0	1.8	0	0	5.8	78.2	56.2	30.1	43.15	27.2	27.8	99.9	85.4	99.9	98.9	99.9	88	99.4	99.5	99.9	94.7	-24.6284	-4.00476	6.27215	-12.2799	6.61461	35.8493	
0.75	1.5	0	0	10.3	0.6	0	1.8	0	0	5.8	78.2	56.2	30.1	43.15	27.2	27.8	99.9	85.4	99.9	98.9	99.9	88	99.4	99.5	99.9	94.7	-24.6284	-4.00476	6.27215	-12.2799	6.61461	35.8493	
0.76	1.5	0	0	10.3	0.6	0	1.8	0	0	5.8	78.2	56.2	30.1	43.15	27.2	27.8	99.9	85.4	99.9	98.9	99.9	88	99.4	99.5	99.9	94.7	-24.6284	-4.00476	6.27215	-12.2799	6.61461	35.8493	
0.77	1.5	0	0	10.3	0.6	0	1.8	0	0	5.8	78.2	56.2	30.1	43.15	27.2	27.8	99.9	85.4	99.9	98.9	99.9	88	99.4	99.5	99.9	94.7	-24.6284	-4.00476	6.27215	-12.2799	6.61461	35.8493	
0.78	1.5	0	0	10.3	0.6	0	1.8	0	0	5.8	78.2	56.2	30.1	43.15	27.2	27.8	99.9	85.4	99.9	98.9	99.9	88	99.4	99.5	99.9	94.7	-24.6284	-4.00476	6.27215	-12.2799	6.61461	35.8493	
0.79	1.5	0	0	10.3	0.6	0	1.8	0	0	5.8	78.2	56.2	30.1	43.15	27.2	27.8	99.9	85.4	99.9	98.9	99.9	88	99.4	99.5	99.9	94.7	-24.6284	-4.00476	6.27215	-12.2799	6.61461	35.8493	
0.8	1.5	0	0	10.3	0.6	0	1.8	0	0	5.8	78.2	56.2	30.1	43.15	27.2	27.8	99.9	85.4	99.9	98.9	99.9	88	99.4	99.5	99.9	94.7	-24.6284	-4.00476	6.27215	-12.2799	6.61461	35.8493	
0.81	1.5	0	0	10.3	0.6	0	1.8	0	0	5.8	78.2	56.2	30.1	43.15	27.2	27.8	99.9	85.4	99.9	98.9	99.9	88	99.4	99.5	99.9	94.7	-24.6284	-4.00476	6.27215	-12.2799	6.61461	35.8493	
0.82	1.5	0	0	10.3	0.6	0	1.8	0	0	5.8	78.2	56.2	30.1	43.15	27.2	27.8	99.9	85.4	99.9	98.9	99.9	88	99.4	99.5	99.9	94.7	-24.6284	-4.00476	6.27215	-12.2799	6.61461	35.8493	
0.83	1.5	0	0	10.3	0.6	0	1.8	0	0	5.8	78.2	56.2	30.1	43.15	27.2	27.8	99.9	85.4	99.9	98.9	99.9	88	99.4	99.5	99.9	94.7	-24.6284	-4.00476	6.27215	-12.2799	6.61461	35.8493	
0.84	1.5	0	0	10.6	0.7	0	1.8	0	0	6.4	77.7	55.9	29.7	42.8	28.6	28.2	99.9	91.7	99.9	93	99.9	92.9	99.9	99.8	99.4	94.7	-24.4811	-2.10807	8.83805	-11.4822	7.36704	35.7944	
0.85	1.5	0	0	10.6	0.7	0	1.8	0	0	6.4	77.7	55.9	29.7	42.8	28.6	28.2	99.9	91.7	99.9	93	99.9	92.9	99.9	99.8	99.4	94.7	-24.4811	-2.10807	8.83805	-11.4822	7.36704	35.7944	
0.86	1.5	0	0	10.6	0.7	0	1.8	0	0	6.4	77.7	55.9	29.7	42.8	28.6	28.2	99.9	91.7	99.9	93	99.9	92.9	99.9	99.8	99.4	94.7	-24.4811	-2.10807	8.83805	-11.4822	7.36704	35.7944	
0.87	1.5	0	0	10.6	0.7	0	1.8	0	0	6.4	77.7	55.9	29.7	42.8	28.6	28.2	99.9	91.7	99.9	93	99.9	92.9	99.9	99.8	99.4	94.7	-24.4811	-2.10807	8.83805	-11.4822	7.36704	35.7944	
0.88	1.5	0	0	10.6	0.7	0	1.8	0	0	6.4	77.7	55.9	29.7	42.8	28.6	28.2	99.9	91.7	99.9	93	99.9	92.9	99.9	99.8	99.4	94.7	-24.4811	-2.10807	8.83805	-11.4822	7.36704	35.7944	
0.89	1.5	0	0	10.6	0.7	0	1.8	0	0	6.4	77.7	55.9	29.7	42.8	28.6	28.2	99.9	91.7	99.9	93	99.9	92.9	99.9	99.8	99.4	94.7	-24.4811	-2.10807	8.83805	-11.4822	7.36704	35.7944	
0.9	1.5	0	0	10.6	0.7	0	1.8	0	0	6.4	77.7	55.9	29.7	42.8	28.6	28.2	99.9	91.7	99.9	93	99.9	92.9	99.9	99.8	99.4	94.7	-24.4811	-2.10807	8.83805	-11.4822	7.36704	35.7944	
0.91	1.5	0	0	10.6	0.7	0	1.8	0	0	6.4	77.7	55.9	29.7	42.8	28.6	28.2	99.9	91.7	99.9	93	99.9	92.9	99.9	99.8	99.4	94.7	-24.4811	-2.10807	8.83805	-11.4822	7.36704	35.7944	
0.92	1.5	0	0	10.6	0.7	0	1.8	0	0	6.4	77.7	55.9	29.7	42.8	28.6	28.2	99.9	91.7	99.9	93	99.9	92.9	99.9	99.8	99.4	94.7	-24.4811	-2.10807	8.83805	-11.4822	7.36704	35.7944	
0.93	1.5	0	0	10.6	0.7	0	1.8	0	0	6.4	77.7	55.9	29.7	42.8	28.6	28.2	99.9	91.7	99.9	93	99.9	92.9	99.9	99.8	99.4	94.7	-24.4811	-2.10807	8.83805	-11.4822	7.36704	35.7944	
0.94	1.5	0	0	10.6	0.7	0	1.8	0	0	6.4	77.7	55.9	29.7	42.8	28.6	28.2	99.9	91.7	99.9	93	99.9	92.9	99.9	99.8	99.4	94.7	-24.4811	-2.10807	8.83805	-11.4822	7.36704	35.7944	
0.95	1.5	0	0	10.6	0.7	0	1.8	0	0	6.4	77.7	55.9	29.7	42.8	28.6	28.2	99.9	91.7	99.9	93	99.9	92.9	99.9	99.8	99.4	94.7	-24.4811	-2.10807	8.83805	-11.4822	7.36704	35.7944	
0.96	1.5	0	0	10.6	0.7	0	1.8	0	0	6.4	77.7	55.9	29.7	42.8	28.6	28.2	99.9	91.7	99.9	93	99.9	92.9	99.9	99.8	99.4	94.7	-24.4811	-2.10807	8.83805	-11.4822	7.36704	35.7944	
0.97	1.5	0	0	10.6	0.7	0	1.8	0	0	6.4	77.7	55.9	29.7	42.8	28.6	28.2	99.9	91.7	99.9	93	99.9	92.9	99.9	99.8	99.4	94.7	-24.4811	-2.10807	8.83805	-11.4822	7.36704	35.7944	
0.98	1.5	0	0	10.6	0.7	0	1.8	0	0	6.4	77.7	55.9	29.7	42.8	28.6	28.2	99.9	91.7	99.9	93	99.9	92.9	99.9	99.8	99.4	94.7	-24.4811	-2.10807	8.83805	-11.4822	7.36704	35.7944	
0.99	1.5	0	0	10.6	0.7	0	1.8	0	0	6.4	77.7	55.9	29.7	42.8	28.6	28.2	99.9	91.7	99.9	93	99.9	92.9	99.9	99.8	99.4	94.7	-24.4811	-2.10807	8.83805	-11.4822	7.36704	35.7944	
1	1.5	0	0	10.6	0.7	0	1.8	0	0	6.4	77.7	55.9	29.7	42.8	28.6	28.2	99.9	91.7	99.9	93	99.9	92.9	99.9	99.8	99.4	94.7	-24.4811	-2.10807	8.83805	-11.4822	7.36704	35.7944	
1.01	1.5	0	0	10.6	0.7	0	1.8	0	0	6.4	77.7	55.9	29.7	42.8	28.6	28.2	99.9	91.7	99.9	93	99.9	92.9	99.9	99.8	99.4	94.7	-24.4811	-2.10807	8.83805	-11.4822	7.36704	35.7944	
1.02	1.5	0	0	10.6	0.7	0	1.8	0	0	6.4	77.7	55.9	29.7	42.8	28.6	28.2	99.9	91.7	99.9	93	99.9	92.9	99.9	99.8	99.4	94.7	-24.4811	-2.10807	8.83805	-11.4822	7.36704	35.7944	
1.03	1.5	0	0	10.6	0.7	0	1.8	0	0	6.4	77.7	55.9	29.7	42.8	28.6	28.2	99.9	91.7	99.9	93	99.9	92.9	99.9	99.8	99.4	94.7	-24.4811	-2.10807	8.83805	-11.4822	7.36704	35.7944	
1.04	1.5	0	0	10.6	0.7	0	1.8	0	0	6.4	77.7	55.9	29.7	42.8	28.6	28.2	99.9	91.7	99.9	93	99.9	92.9	99.9	99.8	99.4	94.7	-24.4811	-2.10807	8.83805	-11.4822	7.36704	35.7944	
1.05	1.5	0	0	10.6	0.7	0	1.8	0	0	6.4	77.7	55.9	29.7	42.8	28.6	28.2	99.9	91.7	99.9	93	99.9	92.9	99.9	99.8	99.4	94.7	-24.4811	-2.10807	8.83805	-11.4822	7.36704	35.7944	
1.06	1.5	0	0	10.6	0.7	0	1.8	0	0	6.4	77.7	55.9	29.7	42.8	28.6	28.2	99.9	91.7	99.9	93	99.9	92.9	99.9	99.8	99.4	94.7	-24.4811	-2.10807	8.83805	-11.4822	7.36704	35.7944	
1.07	1.5	0	0	10.6	0.7	0	1.8	0	0	6.4	77.7	55.9	29.7	42.8	28.6	28.2	99.9	91.7	99.9	93	99.9	92.9	99.9	99.8	99.4	94.7	-24.4811	-2.10807	8.83805	-11.4822	7.36704	35.7944	
1.08	1.5	0	0	10.6	0.7	0	1.8	0	0	6.4	77.7	55.9	29.7	42.8	28.6	28.2	99.9	91.7	99.9	93	99.9	92.9	99.9	99.8	99.4	94.7	-24.4811	-2.10807	8.83805	-11.4822	7.36704	35.7944	
1.09	1.5	0	0	10.6	0.7	0	1.8	0	0	6.4	77.7	55.9	29.7	42.8	28.6	28.2	99.9	91.7	99.9	93	99.9	92.9	99.9	99.8	99.4	94.7	-24.4811	-2.10807	8.83805	-11.4822	7.36704	35.7944	
1.1	1.5	0	0	10.6	0.7	0	1.8	0	0	6.4	77.7	55.9	29.7	42.8	28.6	28.2	99.9	91.7	99.9	93	99.9	92.9	99.9	99.8	99.4	94.7	-24.4811	-2.10807	8.83805	-11.4822	7.36704	35.7944	
1.11	1.5	0	0	10.6	0.7	0	1.8	0	0	6.4	77.7	55.9	29.7	42.8	28.6	28.2	99.9	91.7	99.9	93	99.9	92.9	99.9	99.8	99.4	94.7	-24.4811	-2.10807	8.83805	-11.4822	7.36704	35.7944	
1.12	1.5	0	0	10.6	0.7	0	1.8	0	0	6.4	77.7	55.9	29.7	42.8	28.6	28.2	99.9	91.7	99.9	93	99.9	92.9	99.9	99.8	99.4	94.7	-24.4811	-2.10807	8.83805	-11.4822	7.36704	35.7944	
1.13	1.5	0	0	10.6	0.7	0	1.8	0	0	6.4	77.7	55.9	29.7	42.8	28.6	28.2	99.9	91.7	99.9	93	99.9	92.9	99.9	99.8	99.4	94.7	-24.4811	-2.10807	8.83805	-11.4822	7.36704	35.7944	
1.14	1.5	0	0	10.6	0.7	0	1.8	0	0	6.4	77.7	55.9	29.7	42.8	28.6	28.2	99.9	91.7	99.9	93	99.9	92.9	99.9	99.8	99.4	94.7	-24.4811	-2.10807	8.83805	-11.4822	7.36704	35.7944	
1.15	1.5	0	0	10.6	0.7	0	1.8	0	0	6.4	77.7	55.9	29.7	42.8	28.6	28.2	99.9	91.7	99.9	93	99.9	92.9	99.9	99.8	99.4	94.7	-24.4811	-2.10807	8.83805	-11.4822	7.36704	35.7944	
1.16	1.5	0	0	10.6	0.7	0	1.8	0	0	6.4	77.7	55.9	29.7	42.8	28.6	28.2	99.9	91.7	99.9	93	99.9	92.9	99.9	99.8	99.4	94.7	-24.4811	-2.10807	8.83805	-11.4822	7.36704	35.7944	
1.17	1.5	0	0	10.6	0.7	0	1.8	0	0	6.4	77.7	55.9	29.7	42.8	28.6	28.2	99.9	91.7	99.9	93	99.9	92.9	99.9	99.8	99.4	94.7	-24.4811	-2.10807	8.83805	-11.4822	7.36704	35.7944	
1.18	1.5	0	0	10.6	0.7	0	1.8	0	0	6.4	77.7	55.9	29.7	42.8	28.6	28.2	99.9	91.7	99.9	93	99.9	92.9	99.9	99.8	99.4	94.7	-24.4811	-2.10807	8.83805	-11.4822	7.36704	35.7944	
1.19	1.5	0	0	10.6	0.7	0	1.8	0	0	6.4	77.7	55.9	29.7	42.8	28.6	28.2	99.9	91.7	99.9	93	99.9	92.9	99.9	99.8	99.4	94.7	-24.4811	-2.10807	8.83805	-11.4822	7.36704	35.7944	
1.2	1.5	0	0	10.6	0.7	0	1.8	0	0	6.4	77.7	55.9	29.7	42.8	28.6	28.2	99.9	91.7	99.9	93	99.9	92.9	99.9	99.8	99.4	94.7	-24.4811	-2.10807	8.83805	-11.4822	7.36704	35.7944	
1.21	1.2	0	0	11.7	0.7	0	1.7	0	0	8	77.9	55.9	29.6	42.75	31.9	28.6	99.9	99.9	99.9	95.7	99.9	95.3	99.7	99.9	99.9	92	-25.4467	-0.818601	19.2385	-8.06653	7.78592	37.273	
1.22	1.2	0	0	11.7	0.7	0	1.7	0	0	8	77.9	55.9	29.6	42.75	31.9	28.6	99.9	99.9	99.9	95.7	99.9	95.3	99.7	99.9	99.9	92	-25.4467	-0.818601	19.2385	-8.06653	7.78592	37.273	
1.23	1.2	0	0	11.7	0.7	0	1.7	0	0	8	77.9	55.9	29.6	42.75	31.9	28.6	99.9	99.9	99.9	95.7	99.9	95.3	99.7	99.9	99.9	92	-25.4467	-0.818601	19.2385	-8.06653	7.78592	37.273	
1.24	1.2	0	0	11.7	0.7	0	1.7	0	0	8	77.9	55.9	29.6	42.75	31.9	28.6	99.9	99.9	99.9	95.7	99.9	95.3	99.7	99.9	99.9	92	-25.4467	-0.818601	19.2385	-8.06653	7.78592	37.273	
1.25	1.2	0	0	11.7	0.7	0	1.7	0	0	8	77.9	55.9	29.6	42.75	31.9	28.6	99.9	99.9	99.9	95.7	99.9	95.3	99.7	99.9	99.9	92	-25.4467	-0.818601	19.2385	-8.06653	7.78592	37.273	
1.26	1.2	0	0	11.7	0.7	0	1.7	0	0	8	77.9	55.9	29.6	42.75	31.9	28.6	99.9	99.9	99.9	95.7	99.9	95.3	99.7	99.9	99.9	92	-25.4467	-0.818601	19.2385	-8.06653	7.78592	37.273	
1.27	1.2	0	0	11.7	0.7	0	1.7	0	0	8	77.9	55.9	29.6	42.75	31.9	28.6	99.9	99.9	99.9	95.7	99.9	95.3	99.7	99.9	99.9	92	-25.4467	-0.818601	19.2385	-8.06653	7.78592	37.273	
1.28	1.2	0	0	11.7	0.7	0	1.7	0	0	8	77.9	55.9	29.6	42.75	31.9	28.6	99.9	99.9	99.9	95.7	99.9	95.3	99.7	99.9	99.9	92	-25.4467	-0.818601	19.2385	-8.06653	7.78592	37.273	
1.29	1.2	0	0	11.7	0.7	0	1.7	0	0	8	77.9	55.9	29.6	42.75	31.9	28.6	99.9	99.9	99.9	95.7	99.9	95.3	99.7	99.9	99.9	92	-25.4467	-0.818601	19.2385	-8.06653	7.78592	37.273	
1.3	1.2	0	0	11.7	0.7	0	1.7	0	0	8	77.9	55.9	29.6	42.75	31.9	28.6	99.9	99.9	99.9	95.7	99.9	95.3	99.7	99.9	99.9	92	-25.4467	-0.818601	19.2385	-8.06653	7.78592	37.273	
1.31	1.2	0	0	11.7	0.7	0	1.7	0	0	8	77.9	55.9	29.6	42.75	31.9	28.6	99.9	99.9	99.9	95.7	99.9	95.3	99.7	99.9	99.9	92	-25.4467	-0.818601	19.2385	-8.06653	7.78592	37.273	
1.32	1.2	0	0	11.7	0.7	0	1.7	0	0	8	77.9	55.9	29.6	42.75	31.9	28.6	99.9	99.9	99.9	95.7	99.9	95.3	99.7	99.9	99.9	92	-25.4467	-0.818601	19.2385	-8.06653	7.78592	37.273	
1.33	1.2	0	0	11.7	0.7	0	1.7	0	0	8	77.9	55.9	29.6	42.75	31.9	28.6	99.9	99.9	99.9	95.7	99.9	95.3	99.7	99.9	99.9	92	-25.4467	-0.818601	19.2385	-8.06653	7.78592	37.273	
1.34	1.2	0	0	11.7	0.7	0	1.7	0	0	8	77.9	55.9	29.6	42.75	31.9	28.6	99.9	99.9	99.9	95.7	99.9	95.3	99.7	99.9	99.9	92	-25.4467	-0.818601	19.2385	-8.06653	7.78592	37.273	
1.35	1.2	0	0	11.7	0.7	0	1.7	0	0	8	77.9	55.9	29.6	42.75	31.9	28.6	99.9	99.9	99.9	95.7	99.9	95.3	99.7	99.9	99.9	92	-25.4467	-0.818601	19.2385	-8.06653	7.78592	37.273	
1.36	1.2	0	0	11.7	0.7	0	1.7	0	0	8	77.9	55.9	29.6	42.75	31.9	28.6	99.9	99.9	99.9	95.7	99.9	95.3	99.7	99.9	99.9	92	-25.4467	-0.818601	19.2385	-8.06653	7.78592	37.273	
1.37	1.2	0	0	11.7	0.7	0	1.7	0	0	8	77.9	55.9	29.6	42.75	31.9	28.6	99.9	99.9	99.9	95.7	99.9	95.3	99.7	99.9	99.9	92	-25.4467	-0.818601	19.2385	-8.06653	7.78592	37.273	
1.38	1.2	0	0	11.7	0.7	0	1.7	0	0	8	77.9	55.9	29.6	42.75	31.9	28.6	99.9	99.9	99.9	95.7	99.9	95.3	99.7	99.9	99.9	92	-25.4467	-0.818601	19.2385	-8.06653	7.78592	37.273	
1.39	1.2	0	0	11.7	0.7	0	1.7	0	0	8	77.9	55.9	29.6	42.75	31.9	28.6	99.9	99.9	99.9	95.7	99.9	95.3	99.7	99.9	99.9	92	-25.4467	-0.818601	19.2385	-8.06653	7.78592	37.273	
1.4	1.2	0	0	11.7	0.7	0	1.7	0	0	8	77.9	55.9	29.6	42.75	31.9	28.6	99.9	99.9	99.9	95.7	99.9	95.3	99.7	99.9	99.9	92	-25.4467	-0.818601	19.2385	-8.06653	7.78592	37.273	
1.41	1.2	0	0	11.7	0.7	0	1.7	0	0	8	77.9	55.9	29.6	42.75	31.9	28.6	99.9	99.9	99.9	95.7	99.9	95.3	99.7	99.9	99.9	92	-25.4467	-0.818601	19.2385	-8.06653	7.78592	37.273	
1.42	1.2	0	0	11.7	0.7	0	1.7	0	0	8	77.9	55.9	29.6	42.75	31.9	28.6	99.9	99.9	99.9	95.7	99.9	95.3	99.7	99.9	99.9	92	-25.4467	-0.818601	19.2385	-8.06653	7.78592	37.273	
1.43	1.2	0	0	11.7	0.7	0	1.7	0	0	8	77.9	55.9	29.6	42.75	31.9	28.6	99.9	99.9	99.9	95.7	99.9	95.3	99.7	99.9	99.9	92	-25.4467	-0.818601	19.2385	-8.06653	7.78592	37.273	
1.44	1.2	0	0	11.7	0.7	0	1.7	0	0	8	77.9	55.9	29.6	42.75	31.9	28.6	99.9	99.9	99.9	95.7	99.9	95.3	99.7	99.9	99.9	92	-25.4467	-0.818601	19.2385	-8.06653	7.78592	37.273	
1.45	1.2	0	0	11.7	0.7	0	1.7	0	0	8	77.9	55.9	29.6	42.75	31.9	28.6	99.9	99.9	99.9	95.7	99.9	95.3	99.7	99.9	99.9	92	-25.4467	-0.818601	19.2385	-8.06653	7.78592	37.273	
1.46	1.2	0	0	11.7	0.7	0	1.7	0	0	8	77.9	55.9	29.6	42.75	31.9	28.6	99.9	99.9	99.9	95.7	99.9	95.3	99.7	99.9	99.9	92	-25.4467	-0.818601	19.2385	-8.06653	7.78592	37.273	
1.47	1.2	0	0	11.7	0.7	0	1.7	0	0	8	77.9	55.9	29.6	42.75	31.9	28.6	99.9	99.9	99.9	95.7	99.9	95.3	99.7	99.9	99.9	92	-25.4467	-0.818601	19.2385	-8.06653	7.78592	37.273	
1.48	1.2	0	0	11.7	0.7	0	1.7	0	0	8	77.9	55.9	29.6	42.75	31.9	28.6	99.9	99.9	99.9	95.7	99.9	95.3	99.7	99.9	99.9	92	-25.4467	-0.818601	19.2385	-8.06653	7.78592	37.273	
1.49	1.2	0	0	11.7	0.7	0	1.7	0	0	8	77.9	55.9	29.6	42.75	31.9	28.6	99.9	99.9	99.9	95.7	99.9	95.3	99.7	99.9	99.9	92	-25.4467	-0.818601	19.2385	-8.06653	7.78592	37.273	
1.5	1.2	0	0	11.7	0.7	0	1.7	0	0	8	77.9	55.9	29.6	42.75	31.9	28.6	99.9	99.9	99.9	95.7	99.9	95.3	99.7	99.9	99.9	92	-25.4467	-0.818601	19.2385	-8.06653	7.78592	37.273	
1.51	1.2	0	0	11.7	0.7	0	1.7	0	0	8	77.9	55.9	29.6	42.75	31.9	28.6	99.9	99.9	99.9	95.7	99.9	95.3	99.7	99.9	99.9	92	-25.4467	-0.818601	19.2385	-8.06653	7.78592	37.273	
1.52	1.2	0	0	11.7	0.7	0	1.7	0	0	8	77.9	55.9	29.6	42.75	31.9	28.6	99.9	99.9	99.9	95.7	99.9	95.3	99.7	99.9	99.9	92	-25.4467	-0.818601	19.2385	-8.06653	7.78592	37.273	
1.53	1.2	0	0	11.7	0.7	0	1.7	0	0	8	77.9	55.9	29.6	42.75	31.9	28.6	99.9	99.9	99.9	95.7	99.9	95.3	99.7	99.9	99.9	92	-25.4467	-0.818601	19.2385	-8.06653	7.78592	37.273	
1.54	1.2	0	0	11.7	0.7	0	1.7	0	0	8	77.9	55.9	29.6	42.75	31.9	28.6	99.9	99.9	99.9	95.7	99.9	95.3	99.7	99.9	99.9	92	-25.4467	-0.818601	19.2385	-8.06653	7.78592	37.273	
1.55	1.2	0	0	11.7	0.7	0	1.7	0	0	8	77.9	55.9	29.6	42.75	31.9	28.6	99.9	99.9	99.9	95.7	99.9	95.3	99.7	99.9	99.9	92	-25.4467	-0.818601	19.2385	-8.06653	7.78592	37.273	
1.56	1.2	0	0	11.7	0.7	0	1.7	0	0	8	77.9	55.9	29.6	42.75	31.9	28.6	99.9	99.9	99.9	95.7	99.9	95.3	99.7	99.9	99.9	92	-25.4467	-0.818601	19.2385	-8.06653	7.78592	37.273	
1.57	1.2	0	0	11.7	0.7	0	1.7	0	0	8	77.9	55.9	29.6	42.75	31.9	28.6	99.9	99.9	99.9	95.7	99.9	95.3	99.7	99.9	99.9	92	-25.4467	-0.818601	19.2385	-8.06653	7.78592	37.273	
1.58	1.1	0	0	12.7	0.7	0	1.6	0	0	8.6	76	56.7	29.2	42.95	37.5	28.3	100	95.6	97	93.3	99.9	98.8	99.9	99.6	99.3	91.6	-25.8761	-0.509679	25.1519	-7.33335	8.81312	38.0357	
1.59	1.1	0	0	12.7	0.7	0	1.6	0	0	8.6	76	56.7	29.2	42.95	37.5	28.3	100	95.6	97	93.3	99.9	98.8	99.9	99.6	99.3	91.6	-25.8761	-0.509679	25.1519	-7.33335	8.81312	38.0357	
1.6	1.1	0	0	12.7	0.7	0	1.6	0	0	8.6	76	56.7	29.2	42.95	37.5	28.3	100	95.6	97	93.3	99.9	98.8	99.9	99.6	99.3	91.6	-25.8761	-0.509679	25.1519	-7.33335	8.81312	38.0357	
1.61	1.1	0	0	12.7	0.7	0	1.6	0	0	8.6	76	56.7	29.2	42.95	37.5	28.3	100	95.6	97	93.3	99.9	98.8	99.9	99.6	99.3	91.6	-25.8761	-0.509679	25.1519	-7.33335	8.81312	38.0357	
1.62	1.1	0	0	12.7	0.7	0	1.6	0	0	8.6	76	56.7	29.2	42.95	37.5	28.3	100	95.6	97	93.3	99.9	98.8	99.9	99.6	99.3	91.6	-25.8761	-0.509679	25.1519	-7.33335	8.81312	38.0357	
1.63	1.1	0	0	12.7	0.7	0	1.6	0	0	8.6	76	56.7	29.2	42.95	37.5	28.3	100	95.6	97	93.3	99.9	98.8	99.9	99.6	99.3	91.6	-25.8761	-0.509679	25.1519	-7.33335	8.81312	38.0357	
1.64	1.1	0	0	12.7	0.7	0	1.6	0	0	8.6	76	56.7	29.2	42.95	37.5	28.3	100	95.6	97	93.3	99.9	98.8	99.9	99.6	99.3	91.6	-25.8761	-0.509679	25.1519	-7.33335	8.81312	38.0357	
1.65	1.1	0	0	12.7	0.7	0	1.6	0	0	8.6	76	56.7	29.2	42.95	37.5	28.3	100	95.6	97	93.3	99.9	98.8	99.9	99.6	99.3	91.6	-25.8761	-0.509679	25.1519	-7.33335	8.81312	38.0357	
1.66	1.1	0	0	12.7	0.7	0	1.6	0	0	8.6	76	56.7	29.2	42.95	37.5	28.3	100	95.6	97	93.3	99.9	98.8	99.9	99.6	99.3	91.6	-25.8761	-0.509679	25.1519	-7.33335	8.81312	38.0357	
1.67	1.1	0	0	12.7	0.7	0	1.6	0	0	8.6	76	56.7	29.2	42.95	37.5	28.3	100	95.6	97	93.3	99.9	98.8	99.9	99.6	99.3	91.6	-25.8761	-0.509679	25.1519	-7.33335	8.81312	38.0357	
1.68	1.1	0	0	12.7	0.7	0	1.6	0	0	8.6	76	56.7	29.2	42.95	37.5	28.3	100	95.6	97	93.3	99.9	98.8	99.9	99.6	99.3	91.6	-25.8761	-0.509679	25.1519	-7.33335	8.81312	38.0357	
1.69	1.1	0	0	12.7	0.7	0	1.6	0	0	8.6	76	56.7	29.2	42.95	37.5	28.3	100	95.6	97	93.3	99.9	98.8	99.9	99.6	99.3	91.6	-25.8761	-0.509679	25.1519	-7.33335	8.81312	38.0357	
1.7	1.1	0	0	12.7	0.7	0	1.6	0	0	8.6	76	56.7	29.2	42.95	37.5	28.3	100	95.6	97	93.3	99.9	98.8	99.9	99.6	99.3	91.6	-25.8761	-0.509679	25.1519	-7.33335	8.81312	38.0357	
1.71	1.1	0	0	12.7	0.7	0	1.6	0	0	8.6	76	56.7	29.2	42.95	37.5	28.3	100	95.6	97	93.3	99.9	98.8	99.9	99.6	99.3	91.6	-25.8761	-0.509679	25.1519	-7.33335	8.81312	38.0357	
1.72	1.1	0	0	12.7	0.7	0	1.6	0	0	8.6	76	56.7	29.2	42.95	37.5	28.3	100	95.6	97	93.3	99.9	98.8	99.9	99.6	99.3	91.6	-25.8761	-0.509679	25.1519	-7.33335	8.81312	38.0357	
1.73	1.1	0	0	12.7	0.7	0	1.6	0	0	8.6	76	56.7	29.2	42.95	37.5	28.3	100	95.6	97	93.3	99.9	98.8	99.9	99.6	99.3	91.6	-25.8761	-0.509679	25.1519	-7.33335	8.81312	38.0357	
1.74	1.1	0	0	12.7	0.7	0	1.6	0	0	8.6	76	56.7	29.2	42.95	37.5	28.3	100	95.6	97	93.3	99.9	98.8	99.9	99.6	99.3	91.6	-25.8761	-0.509679	25.1519	-7.33335	8.81312	38.0357	
1.75	1.1	0	0	12.7	0.7	0	1.6	0	0	8.6	76	56.7	29.2	42.95	37.5	28.3	100	95.6	97	93.3	99.9	98.8	99.9	99.6	99.3	91.6	-25.8761	-0.509679	25.1519	-7.33335	8.81312	38.0357	
1.76	1.1	0	0	12.7	0.7	0	1.6	0	0	8.6	76	56.7	29.2	42.95	37.5	28.3	100	95.6	97	93.3	99.9	98.8	99.9	99.6	99.3	91.6	-25.8761	-0.509679	25.1519	-7.33335	8.81312	38.0357	
1.77	1.1	0	0	12.7	0.7	0	1.6	0	0	8.6	76	56.7	29.2	42.95	37.5	28.3	100	95.6	97	93.3	99.9	98.8	99.9	99.6	99.3	91.6	-25.8761	-0.509679	25.1519	-7.33335	8.81312	38.0357	
1.78	1.1	0	0	12.7	0.7	0	1.6	0	0	8.6	76	56.7	29.2	42.95	37.5	28.3	100	95.6	97	93.3	99.9	98.8	99.9	99.6	99.3	91.6	-25.8761	-0.509679	25.1519	-7.33335	8.81312	38.0357	
1.79	1.1	0	0	12.7	0.7	0	1.6	0	0	8.6	76	56.7	29.2	42.95	37.5	28.3	100	95.6	97	93.3	99.9	98.8	99.9	99.6	99.3	91.6	-25.8761	-0.509679	25.1519	-7.33335	8.81312	38.0357	
1.8	1.1	0	0	12.7	0.7	0	1.6	0	0	8.6	76	56.7	29.2	42.95	37.5	28.3	100	95.6	97	93.3	99.9	98.8	99.9	99.6	99.3	91.6	-25.8761	-0.509679	25.1519	-7.33335	8.81312	38.0357	
1.81	1.1	0	0	12.7	0.7	0	1.6	0	0	8.6	76	56.7	29.2	42.95	37.5	28.3	100	95.6	97	93.3	99.9	98.8	99.9	99.6	99.3	91.6	-25.8761	-0.509679	25.1519	-7.33335	8.81312	38.0357	
1.82	1.1	0	0	12.7	0.7	0	1.6	0	0	8.6	76	56.7	29.2	42.95	37.5	28.3	100	95.6	97	93.3	99.9	98.8	99.9	99.6	99.3	91.6	-25.8761	-0.509679	25.1519	-7.33335	8.81312	38.0357	
1.83	1.1	0	0	12.7	0.7	0	1.6	0	0	8.6	76	56.7	29.2	42.95	37.5	28.3	100	95.6	97	93.3	99.9	98.8	99.9	99.6	99.3	91.6	-25.8761	-0.509679	25.1519	-7.33335	8.81312	38.0357	
1.84	1.1	0	0	12.7	0.7	0	1.6	0	0	8.6	76	56.7	29.2	42.95	37.5	28.3	100	95.6	97	93.3	99.9	98.8	99.9	99.6	99.3	91.6	-25.8761	-0.509679	25.1519	-7.33335	8.81312	38.0357	
1.85	1.1	0	0	12.7	0.7	0	1.6	0	0	8.6	76	56.7	29.2	42.95	37.5	28.3	100	95.6	97	93.3	99.9	98.8	99.9	99.6	99.3	91.6	-25.8761	-0.509679	25.1519	-7.33335	8.81312	38.0357	
1.86	1.1	0	0	12.7	0.7	0	1.6	0	0	8.6	76	56.7	29.2	42.95	37.5	28.3	100	95.6	97	93.3	99.9	98.8	99.9	99.6	99.3	91.6	-25.8761	-0.509679	25.1519	-7.33335	8.81312	38.0357	
1.87	1.1	0	0	12.7	0.7	0	1.6	0	0	8.6	76	56.7	29.2	42.95	37.5	28.3	100	95.6	97	93.3	99.9	98.8	99.9	99.6	99.3	91.6	-25.8761	-0.509679	25.1519	-7.33335	8.81312	38.0357	
1.88	1.1	0	0	12.7	0.7	0	1.6	0	0	8.6	76	56.7	29.2	42.95	37.5	28.3	100	95.6	97	93.3	99.9	98.8	99.9	99.6	99.3	91.6	-25.8761	-0.509679	25.1519	-7.33335	8.81312	38.0357	
1.89	1.1	0	0	12.7	0.7	0	1.6	0	0	8.6	76	56.7	29.2	42.95	37.5	28.3	100	95.6	97	93.3	99.9	98.8	99.9	99.6	99.3	91.6	-25.8761	-0.509679	25.1519	-7.33335	8.81312	38.0357	
1.9	1.1	0	0	12.7	0.7	0	1.6	0	0	8.6	76	56.7	29.2	42.95	37.5	28.3	100	95.6	97	93.3	99.9	98.8	99.9	99.6	99.3	91.6	-25.8761	-0.509679	25.1519	-7.33335	8.81312	38.0357	
1.91	1.1	0	0	12.7	0.7	0	1.6	0	0	8.6	76	56.7	29.2	42.95	37.5	28.3	100	95.6	97	93.3	99.9	98.8	99.9	99.6	99.3	91.6	-25.8761	-0.509679	25.1519	-7.33335	8.81312	38.0357	
1.92	1.1	0	0	12.7	0.7	0	1.6	0	0	8.6	76	56.7	29.2	42.95	37.5	28.3	100	95.6	97	93.3	99.9	98.8	99.9	99.6	99.3	91.6	-25.8761	-0.509679	25.1519	-7.33335	8.81312	38.0357	
1.93	1.1	0	0	12.7	0.7	0	1.6	0	0	8.6	76	56.7	29.2	42.95	37.5	28.3	100	95.6	97	93.3	99.9	98.8	99.9	99.6	99.3	91.6	-25.8761	-0.509679	25.1519	-7.33335	8.81312	38.0357	
1.94	1.1	0	0	12.7	0.7	0	1.6	0	0	8.6	76	56.7	29.2	42.95	37.5	28.3	100	95.6	97	93.3	99.9	98.8	99.9	99.6	99.3	91.6	-25.8761	-0.509679	25.1519	-7.33335	8.81312	38.0357	
1.95	1.1	0	0	12.5	0.6	0	1.9	0	0	8	73.8	55.4	30	42.7	35.6	27.4	99.9	99.9	84.9	93	99.9	94.5	99.6	99.3	99.5	93.9	-25.5867	0.443564	19.5982	-7.26861	7.92595	37.1832	
1.96	1.1	0	0	12.5	0.6	0	1.9	0	0	8	73.8	55.4	30	42.7	35.6	27.4	99.9	99.9	84.9	93	99.9	94.5	99.6	99.3	99.5	93.9	-25.5867	0.443564	19.5982	-7.26861	7.92595	37.1832	
1.97	1.1	0	0	12.5	0.6	0	1.9	0	0	8	73.8	55.4	30	42.7	35.6	27.4	99.9	99.9	84.9	93	99.9	94.5	99.6	99.3	99.5	93.9	-25.5867	0.443564	19.5982	-7.26861	7.92595	37.1832	
1.98	1.1	0	0	12.5	0.6	0	1.9	0	0	8	73.8	55.4	30	42.7	35.6	27.4	99.9	99.9	84.9	93	99.9	94.5	99.6	99.3	99.5	93.9	-25.5867	0.443564	19.5982	-7.26861	7.92595	37.1832	
1.99	1.1	0	0	12.5	0.6	0	1.9	0	0	8	73.8	55.4	30	42.7	35.6	27.4	99.9	99.9	84.9	93	99.9	94.5	99.6	99.3	99.5	93.9	-25.5867	0.443564	19.5982	-7.26861	7.92595	37.1832	
2	1.1	0	0	12.5	0.6	0	1.9	0	0	8	73.8	55.4	30	42.7	35.6	27.4	99.9	99.9	84.9	93	99.9	94.5	99.6	99.3	99.5	93.9	-25.5867	0.443564	19.5982	-7.26861	7.92595	37.1832	
2.01	1.1	0	0	12.5	0.6	0	1.9	0	0	8	73.8	55.4	30	42.7	35.6	27.4	99.9	99.9	84.9	93	99.9	94.5	99.6	99.3	99.5	93.9	-25.5867	0.443564	19.5982	-7.26861	7.92595	37.1832	
2.02	1.1	0	0	12.5	0.6	0	1.9	0	0	8	73.8	55.4	30	42.7	35.6	27.4	99.9	99.9	84.9	93	99.9	94.5	99.6	99.3	99.5	93.9	-25.5867	0.443564	19.5982	-7.26861	7.92595	37.1832	
2.03	1.1	0	0	12.5	0.6	0	1.9	0	0	8	73.8	55.4	30	42.7	35.6	27.4	99.9	99.9	84.9	93	99.9	94.5	99.6	99.3	99.5	93.9	-25.5867	0.443564	19.5982	-7.26861	7.92595	37.1832	
2.04	1.1	0	0	12.5	0.6	0	1.9	0	0	8	73.8	55.4	30	42.7	35.6	27.4	99.9	99.9	84.9	93	99.9	94.5	99.6	99.3	99.5	93.9	-25.5867	0.443564	19.5982	-7.26861	7.92595	37.1832	
2.05	1.1	0	0	12.5	0.6	0	1.9	0	0	8	73.8	55.4	30	42.7	35.6	27.4	99.9	99.9	84.9	93	99.9	94.5	99.6	99.3	99.5	93.9	-25.5867	0.443564	19.5982	-7.26861	7.92595	37.1832	
2.06	1.1	0	0	12.5	0.6	0	1.9	0	0	8	73.8	55.4	30	42.7	35.6	27.4	99.9	99.9	84.9	93	99.9	94.5	99.6	99.3	99.5	93.9	-25.5867	0.443564	19.5982	-7.26861	7.92595	37.1832	
2.07	1.1	0	0	12.5	0.6	0	1.9	0	0	8	73.8	55.4	30	42.7	35.6	27.4	99.9	99.9	84.9	93	99.9	94.5	99.6	99.3	99.5	93.9	-25.5867	0.443564	19.5982	-7.26861	7.92595	37.1832	
2.08	1.1	0	0	12.5	0.6	0	1.9	0	0	8	73.8	55.4	30	42.7	35.6	27.4	99.9	99.9	84.9	93	99.9	94.5	99.6	99.3	99.5	93.9	-25.5867	0.443564	19.5982	-7.26861	7.92595	37.1832	
2.09	1.1	0	0	12.5	0.6	0	1.9	0	0	8	73.8	55.4	30	42.7	35.6	27.4	99.9	99.9	84.9	93	99.9	94.5	99.6	99.3	99.5	93.9	-25.5867	0.443564	19.5982	-7.26861	7.92595	37.1832	
2.1	1.1	0	0	12.5	0.6	0	1.9	0	0	8	73.8	55.4	30	42.7	35.6	27.4	99.9	99.9	84.9	93	99.9	94.5	99.6	99.3	99.5	93.9	-25.5867	0.443564	19.5982	-7.26861	7.92595	37.1832	
2.11	1.1	0	0	12.5	0.6	0	1.9	0	0	8	73.8	55.4	30	42.7	35.6	27.4	99.9	99.9	84.9	93	99.9	94.5	99.6	99.3	99.5	93.9	-25.5867	0.443564	19.5982	-7.26861	7.92595	37.1832	
2.12	1.1	0	0	12.5	0.6	0	1.9	0	0	8	73.8	55.4	30	42.7	35.6	27.4	99.9	99.9	84.9	93	99.9	94.5	99.6	99.3	99.5	93.9	-25.5867	0.443564	19.5982	-7.26861	7.92595	37.1832	
2.13	1.1	0	0	12.5	0.6	0	1.9	0	0	8	73.8	55.4	30	42.7	35.6	27.4	99.9	99.9	84.9	93	99.9	94.5	99.6	99.3	99.5	93.9	-25.5867	0.443564	19.5982	-7.26861	7.92595	37.1832	
2.14	1.1	0	0	12.5	0.6	0	1.9	0	0	8	73.8	55.4	30	42.7	35.6	27.4	99.9	99.9	84.9	93	99.9	94.5	99.6	99.3	99.5	93.9	-25.5867	0.443564	19.5982	-7.26861	7.92595	37.1832	
2.15	1.1	0	0	12.5	0.6	0	1.9	0	0	8	73.8	55.4	30	42.7	35.6	27.4	99.9	99.9	84.9	93	99.9	94.5	99.6	99.3	99.5	93.9	-25.5867	0.443564	19.5982	-7.26861	7.92595	37.1832	
2.16	1.1	0	0	12.5	0.6	0	1.9	0	0	8	73.8	55.4	30	42.7	35.6	27.4	99.9	99.9	84.9	93	99.9	94.5	99.6	99.3	99.5	93.9	-25.5867	0.443564	19.5982	-7.26861	7.92595	37.1832	
2.17	1.1	0	0	12.5	0.6	0	1.9	0	0	8	73.8	55.4	30	42.7	35.6	27.4	99.9	99.9	84.9	93	99.9	94.5	99.6	99.3	99.5	93.9	-25.5867	0.443564	19.5982	-7.26861	7.92595	37.1832	
2.18	1.1	0	0	12.5	0.6	0	1.9	0	0	8	73.8	55.4	30	42.7	35.6	27.4	99.9	99.9	84.9	93	99.9	94.5	99.6	99.3	99.5	93.9	-25.5867	0.443564	19.5982	-7.26861	7.92595	37.1832	
2.19	1.1	0	0	12.5	0.6	0	1.9	0	0	8	73.8	55.4	30	42.7	35.6	27.4	99.9	99.9	84.9	93	99.9	94.5	99.6	99.3	99.5	93.9	-25.5867	0.443564	19.5982	-7.26861	7.92595	37.1832	
2.2	1.1	0	0	12.5	0.6	0	1.9	0	0	8	73.8	55.4	30	42.7	35.6	27.4	99.9	99.9	84.9	93	99.9	94.5	99.6	99.3	99.5	93.9	-25.5867	0.443564	19.5982	-7.26861	7.92595	37.1832	
2.21	1.1	0	0	12.5	0.6	0	1.9	0	0	8	73.8	55.4	30	42.7	35.6	27.4	99.9	99.9	84.9	93	99.9	94.5	99.6	99.3	99.5	93.9	-25.5867	0.443564	19.5982	-7.26861	7.92595	37.1832	
2.22	1.1	0	0	12.5	0.6	0	1.9	0	0	8	73.8	55.4	30	42.7	35.6	27.4	99.9	99.9	84.9	93	99.9	94.5	99.6	99.3	99.5	93.9	-25.5867	0.443564	19.5982	-7.26861	7.92595	37.1832	
2.23	1.1	0	0	12.5	0.6	0	1.9	0	0	8	73.8	55.4	30	42.7	35.6	27.4	99.9	99.9	84.9	93	99.9	94.5	99.6	99.3	99.5	93.9	-25.5867	0.443564	19.5982	-7.26861	7.92595	37.1832	
2.24	1.1	0	0	12.5	0.6	0	1.9	0	0	8	73.8	55.4	30	42.7	35.6	27.4	99.9	99.9	84.9	93	99.9	94.5	99.6	99.3	99.5	93.9	-25.5867	0.443564	19.5982	-7.26861	7.92595	37.1832	
2.25	1.1	0	0	12.5	0.6	0	1.9	0	0	8	73.8	55.4	30	42.7	35.6	27.4	99.9	99.9	84.9	93	99.9	94.5	99.6	99.3	99.5	93.9	-25.5867	0.443564	19.5982	-7.26861	7.92595	37.1832	
2.26	1.1	0	0	12.5	0.6	0	1.9	0	0	8	73.8	55.4	30	42.7	35.6	27.4	99.9	99.9	84.9	93	99.9	94.5	99.6	99.3	99.5	93.9	-25.5867	0.443564	19.5982	-7.26861	7.92595	37.1832	
2.27	1.1	0	0	12.5	0.6	0	1.9	0	0	8	73.8	55.4	30	42.7	35.6	27.4	99.9	99.9	84.9	93	99.9	94.5	99.6	99.3	99.5	93.9	-25.5867	0.443564	19.5982	-7.26861	7.92595	37.1832	
2.28	1.1	0	0	12.5	0.6	0	1.9	0	0	8	73.8	55.4	30	42.7	35.6	27.4	99.9	99.9	84.9	93	99.9	94.5	99.6	99.3	99.5	93.9	-25.5867	0.443564	19.5982	-7.26861	7.92595	37.1832	
2.29	1.1	0	0	12.5	0.6	0	1.9	0	0	8	73.8	55.4	30	42.7	35.6	27.4	99.9	99.9	84.9	93	99.9	94.5	99.6	99.3	99.5	93.9	-25.5867	0.443564	19.5982	-7.26861	7.92595	37.1832	
2.3	1.1	0	0	12.5	0.6	0	1.9	0	0	8	73.8	55.4	30	42.7	35.6	27.4	99.9	99.9	84.9	93	99.9	94.5	99.6	99.3	99.5	93.9	-25.5867	0.443564	19.5982	-7.26861	7.92595	37.1832	
2.31	1.1	0	0	12.5	0.6	0	1.9	0	0	8	73.8	55.4	30	42.7	35.6	27.4	99.9	99.9	84.9	93	99.9	94.5	99.6	99.3	99.5	93.9	-25.5867	0.443564	19.5982	-7.26861	7.92595	37.1832	
2.32	1.3	0	0	11.8	0.7	0	1.9	0	0	6.6	73.4	54.2	29.4	41.8	33.8	27	99.9	99.9	90.2	84.6	99.9	89.4	99.7	99.9	99.9	95.4	-25.5423	-0.730414	6.51588	-7.54144	7.00027	35.4957	
2.33	1.3	0	0	11.8	0.7	0	1.9	0	0	6.6	73.4	54.2	29.4	41.8	33.8	27	99.9	99.9	90.2	84.6	99.9	89.4	99.7	99.9	99.9	95.4	-25.5423	-0.730414	6.51588	-7.54144	7.00027	35.4957	
2.34	1.3	0	0	11.8	0.7	0	1.9	0	0	6.6	73.4	54.2	29.4	41.8	33.8	27	99.9	99.9	90.2	84.6	99.9	89.4	99.7	99.9	99.9	95.4	-25.5423	-0.730414	6.51588	-7.54144	7.00027	35.4957	
2.35	1.3	0	0	11.8	0.7	0	1.9	0	0	6.6	73.4	54.2	29.4	41.8	33.8	27	99.9	99.9	90.2	84.6	99.9	89.4	99.7	99.9	99.9	95.4	-25.5423	-0.730414	6.51588	-7.54144	7.00027	35.4957	
2.36	1.3	0	0	11.8	0.7	0	1.9	0	0	6.6	73.4	54.2	29.4	41.8	33.8	27	99.9	99.9	90.2	84.6	99.9	89.4	99.7	99.9	99.9	95.4	-25.5423	-0.730414	6.51588	-7.54144	7.00027	35.4957	
2.37	1.3	0	0	11.8	0.7	0	1.9	0	0	6.6	73.4	54.2	29.4	41.8	33.8	27	99.9	99.9	90.2	84.6	99.9	89.4	99.7	99.9	99.9	95.4	-25.5423	-0.730414	6.51588	-7.54144	7.00027	35.4957	
2.38	1.3	0	0	11.8	0.7	0	1.9	0	0	6.6	73.4	54.2	29.4	41.8	33.8	27	99.9	99.9	90.2	84.6	99.9	89.4	99.7	99.9	99.9	95.4	-25.5423	-0.730414	6.51588	-7.54144	7.00027	35.4957	
2.39	1.3	0	0	11.8	0.7	0	1.9	0	0	6.6	73.4	54.2	29.4	41.8	33.8	27	99.9	99.9	90.2	84.6	99.9	89.4	99.7	99.9	99.9	95.4	-25.5423	-0.730414	6.51588	-7.54144	7.00027	35.4957	
2.4	1.3	0	0	11.8	0.7	0	1.9	0	0	6.6	73.4	54.2	29.4	41.8	33.8	27	99.9	99.9	90.2	84.6	99.9	89.4	99.7	99.9	99.9	95.4	-25.5423	-0.730414	6.51588	-7.54144	7.00027	35.4957	
2.41	1.3	0	0	11.8	0.7	0	1.9	0	0	6.6	73.4	54.2	29.4	41.8	33.8	27	99.9	99.9	90.2	84.6	99.9	89.4	99.7	99.9	99.9	95.4	-25.5423	-0.730414	6.51588	-7.54144	7.00027	35.4957	
2.42	1.3	0	0	11.8	0.7	0	1.9	0	0	6.6	73.4	54.2	29.4	41.8	33.8	27	99.9	99.9	90.2	84.6	99.9	89.4	99.7	99.9	99.9	95.4	-25.5423	-0.730414	6.51588	-7.54144	7.00027	35.4957	
2.43	1.3	0	0	11.8	0.7	0	1.9	0	0	6.6	73.4	54.2	29.4	41.8	33.8	27	99.9	99.9	90.2	84.6	99.9	89.4	99.7	99.9	99.9	95.4	-25.5423	-0.730414	6.51588	-7.54144	7.00027	35.4957	
2.44	1.3	0	0	11.8	0.7	0	1.9	0	0	6.6	73.4	54.2	29.4	41.8	33.8	27	99.9	99.9	90.2	84.6	99.9	89.4	99.7	99.9	99.9	95.4	-25.5423	-0.730414	6.51588	-7.54144	7.00027	35.4957	
2.45	1.3	0	0	11.8	0.7	0	1.9	0	0	6.6	73.4	54.2	29.4	41.8	33.8	27	99.9	99.9	90.2	84.6	99.9	89.4	99.7	99.9	99.9	95.4	-25.5423	-0.730414	6.51588	-7.54144	7.00027	35.4957	
2.46	1.3	0	0	11.8	0.7	0	1.9	0	0	6.6	73.4	54.2	29.4	41.8	33.8	27	99.9	99.9	90.2	84.6	99.9	89.4	99.7	99.9	99.9	95.4	-25.5423	-0.730414	6.51588	-7.54144	7.00027	35.4957	
2.47	1.3	0	0	11.8	0.7	0	1.9	0	0	6.6	73.4	54.2	29.4	41.8	33.8	27	99.9	99.9	90.2	84.6	99.9	89.4	99.7	99.9	99.9	95.4	-25.5423	-0.730414	6.51588	-7.54144	7.00027	35.4957	
2.48	1.3	0	0	11.8	0.7	0	1.9	0	0	6.6	73.4	54.2	29.4	41.8	33.8	27	99.9	99.9	90.2	84.6	99.9	89.4	99.7	99.9	99.9	95.4	-25.5423	-0.730414	6.51588	-7.54144	7.00027	35.4957	
2.49	1.3	0	0	11.8	0.7	0	1.9	0	0	6.6	73.4	54.2	29.4	41.8	33.8	27	99.9	99.9	90.2	84.6	99.9	89.4	99.7	99.9	99.9	95.4	-25.5423	-0.730414	6.51588	-7.54144	7.00027	35.4957	
2.5	1.3	0	0	11.8	0.7	0	1.9	0	0	6.6	73.4	54.2	29.4	41.8	33.8	27	99.9	99.9	90.2	84.6	99.9	89.4	99.7	99.9	99.9	95.4	-25.5423	-0.730414	6.51588	-7.54144	7.00027	35.4957	
2.51	1.3	0	0	11.8	0.7	0	1.9	0	0	6.6	73.4	54.2	29.4	41.8	33.8	27	99.9	99.9	90.2	84.6	99.9	89.4	99.7	99.9	99.9	95.4	-25.5423	-0.730414	6.51588	-7.54144	7.00027	35.4957	
2.52	1.3	0	0	11.8	0.7	0	1.9	0	0	6.6	73.4	54.2	29.4	41.8	33.8	27	99.9	99.9	90.2	84.6	99.9	89.4	99.7	99.9	99.9	95.4	-25.5423	-0.730414	6.51588	-7.54144	7.00027	35.4957	
2.53	1.3	0	0	11.8	0.7	0	1.9	0	0	6.6	73.4	54.2	29.4	41.8	33.8	27	99.9	99.9	90.2	84.6	99.9	89.4	99.7	99.9	99.9	95.4	-25.5423	-0.730414	6.51588	-7.54144	7.00027	35.4957	
2.54	1.3	0	0	11.8	0.7	0	1.9	0	0	6.6	73.4	54.2	29.4	41.8	33.8	27	99.9	99.9	90.2	84.6	99.9	89.4	99.7	99.9	99.9	95.4	-25.5423	-0.730414	6.51588	-7.54144	7.00027	35.4957	
2.55	1.3	0	0	11.8	0.7	0	1.9	0	0	6.6	73.4	54.2	29.4	41.8	33.8	27	99.9	99.9	90.2	84.6	99.9	89.4	99.7	99.9	99.9	95.4	-25.5423	-0.730414	6.51588	-7.54144	7.00027	35.4957	
2.56	1.3	0	0	11.8	0.7	0	1.9	0	0	6.6	73.4	54.2	29.4	41.8	33.8	27	99.9	99.9	90.2	84.6	99.9	89.4	99.7	99.9	99.9	95.4	-25.5423	-0.730414	6.51588	-7.54144	7.00027	35.4957	
2.57	1.3	0	0	11.8	0.7	0	1.9	0	0	6.6	73.4	54.2	29.4	41.8	33.8	27	99.9	99.9	90.2	84.6	99.9	89.4	99.7	99.9	99.9	95.4	-25.5423	-0.730414	6.51588	-7.54144	7.00027	35.4957	
2.58	1.3	0	0	11.8	0.7	0	1.9	0	0	6.6	73.4	54.2	29.4	41.8	33.8	27	99.9	99.9	90.2	84.6	99.9	89.4	99.7	99.9	99.9	95.4	-25.5423	-0.730414	6.51588	-7.54144	7.00027	35.4957	
2.59	1.3	0	0	11.8	0.7	0	1.9	0	0	6.6	73.4	54.2	29.4	41.8	33.8	27	99.9	99.9	90.2	84.6	99.9	89.4	99.7	99.9	99.9	95.4	-25.5423	-0.730414	6.51588	-7.54144	7.00027	35.4957	
2.6	1.3	0	0	11.8	0.7	0	1.9	0	0	6.6	73.4	54.2	29.4	41.8	33.8	27	99.9	99.9	90.2	84.6	99.9	89.4	99.7	99.9	99.9	95.4	-25.5423	-0.730414	6.51588	-7.54144	7.00027	35.4957	
2.61	1.3	0	0	11.8	0.7	0	1.9	0	0	6.6	73.4	54.2	29.4	41.8	33.8	27	99.9	99.9	90.2	84.6	99.9	89.4	99.7	99.9	99.9	95.4	-25.5423	-0.730414	6.51588	-7.54144	7.00027	35.4957	
2.62	1.3	0	0	11.8	0.7	0	1.9	0	0	6.6	73.4	54.2	29.4	41.8	33.8	27	99.9	99.9	90.2	84.6	99.9	89.4	99.7	99.9	99.9	95.4	-25.5423	-0.730414	6.51588	-7.54144	7.00027	35.4957	
2.63	1.3	0	0	11.8	0.7	0	1.9	0	0	6.6	73.4	54.2	29.4	41.8	33.8	27	99.9	99.9	90.2	84.6	99.9	89.4	99.7	99.9	99.9	95.4	-25.5423	-0.730414	6.51588	-7.54144	7.00027	35.4957	
2.64	1.3	0	0	11.8	0.7	0	1.9	0	0	6.6	73.4	54.2	29.4	41.8	33.8	27	99.9	99.9	90.2	84.6	99.9	89.4	99.7	99.9	99.9	95.4	-25.5423	-0.730414	6.51588	-7.54144	7.00027	35.4957	
2.65	1.3	0	0	11.8	0.7	0	1.9	0	0	6.6	73.4	54.2	29.4	41.8	33.8	27	99.9	99.9	90.2	84.6	99.9	89.4	99.7	99.9	99.9	95.4	-25.5423	-0.730414	6.51588	-7.54144	7.00027	35.4957	
2.66	1.3	0	0	11.8	0.7	0	1.9	0	0	6.6	73.4	54.2	29.4	41.8	33.8	27	99.9	99.9	90.2	84.6	99.9	89.4	99.7	99.9	99.9	95.4	-25.5423	-0.730414	6.51588	-7.54144	7.00027	35.4957	
2.67	1.3	0	0	11.8	0.7	0	1.9	0	0	6.6	73.4	54.2	29.4	41.8	33.8	27	99.9	99.9	90.2	84.6	99.9	89.4	99.7	99.9	99.9	95.4	-25.5423	-0.730414	6.51588	-7.54144	7.00027	35.4957	
2.68	1.3	0	0	11.8	0.7	0	1.9	0	0	6.6	73.4	54.2	29.4	41.8	33.8	27	99.9	99.9	90.2	84.6	99.9	89.4	99.7	99.9	99.9	95.4	-25.5423	-0.730414	6.51588	-7.54144	7.00027	35.4957	
2.69	1.3	0	0	11.6	0.7	0	1.8	0	0	5.9	75	53.6	29.6	41.6	32.5	26.2	100	99.9	99.9	98.4	99.9	86.9	99.4	99.9	99.9	99.9	-25.4941	-1.36797	-9.35844	-6.60197	5.48331	33.3082	
2.7	1.3	0	0	11.6	0.7	0	1.8	0	0	5.9	75	53.6	29.6	41.6	32.5	26.2	100	99.9	99.9	98.4	99.9	86.9	99.4	99.9	99.9	99.9	-25.4941	-1.36797	-9.35844	-6.60197	5.48331	33.3082	
2.71	1.3	0	0	11.6	0.7	0	1.8	0	0	5.9	75	53.6	29.6	41.6	32.5	26.2	100	99.9	99.9	98.4	99.9	86.9	99.4	99.9	99.9	99.9	-25.4941	-1.36797	-9.35844	-6.60197	5.48331	33.3082	
2.72	1.3	0	0	11.6	0.7	0	1.8	0	0	5.9	75	53.6	29.6	41.6	32.5	26.2	100	99.9	99.9	98.4	99.9	86.9	99.4	99.9	99.9	99.9	-25.4941	-1.36797	-9.35844	-6.60197	5.48331	33.3082	
2.73	1.3	0	0	11.6	0.7	0	1.8	0	0	5.9	75	53.6	29.6	41.6	32.5	26.2	100	99.9	99.9	98.4	99.9	86.9	99.4	99.9	99.9	99.9	-25.4941	-1.36797	-9.35844	-6.60197	5.48331	33.3082	
2.74	1.3	0	0	11.6	0.7	0	1.8	0	0	5.9	75	53.6	29.6	41.6	32.5	26.2	100	99.9	99.9	98.4	99.9	86.9	99.4	99.9	99.9	99.9	-25.4941	-1.36797	-9.35844	-6.60197	5.48331	33.3082	
2.75	1.3	0	0	11.6	0.7	0	1.8	0	0	5.9	75	53.6	29.6	41.6	32.5	26.2	100	99.9	99.9	98.4	99.9	86.9	99.4	99.9	99.9	99.9	-25.4941	-1.36797	-9.35844	-6.60197	5.48331	33.3082	
2.76	1.3	0	0	11.6	0.7	0	1.8	0	0	5.9	75	53.6	29.6	41.6	32.5	26.2	100	99.9	99.9	98.4	99.9	86.9	99.4	99.9	99.9	99.9	-25.4941	-1.36797	-9.35844	-6.60197	5.48331	33.3082	
2.77	1.3	0	0	11.6	0.7	0	1.8	0	0	5.9	75	53.6	29.6	41.6	32.5	26.2	100	99.9	99.9	98.4	99.9	86.9	99.4	99.9	99.9	99.9	-25.4941	-1.36797	-9.35844	-6.60197	5.48331	33.3082	
2.78	1.3	0	0	11.6	0.7	0	1.8	0	0	5.9	75	53.6	29.6	41.6	32.5	26.2	100	99.9	99.9	98.4	99.9	86.9	99.4	99.9	99.9	99.9	-25.4941	-1.36797	-9.35844	-6.60197	5.48331	33.3082	
2.79	1.3	0	0	11.6	0.7	0	1.8	0	0	5.9	75	53.6	29.6	41.6	32.5	26.2	100	99.9	99.9	98.4	99.9	86.9	99.4	99.9	99.9	99.9	-25.4941	-1.36797	-9.35844	-6.60197	5.48331	33.3082	
2.8	1.3	0	0	11.6	0.7	0	1.8	0	0	5.9	75	53.6	29.6	41.6	32.5	26.2	100	99.9	99.9	98.4	99.9	86.9	99.4	99.9	99.9	99.9	-25.4941	-1.36797	-9.35844	-6.60197	5.48331	33.3082	
2.81	1.3	0	0	11.6	0.7	0	1.8	0	0	5.9	75	53.6	29.6	41.6	32.5	26.2	100	99.9	99.9	98.4	99.9	86.9	99.4	99.9	99.9	99.9	-25.4941	-1.36797	-9.35844	-6.60197	5.48331	33.3082	
2.82	1.3	0	0	11.6	0.7	0	1.8	0	0	5.9	75	53.6	29.6	41.6	32.5	26.2	100	99.9	99.9	98.4	99.9	86.9	99.4	99.9	99.9	99.9	-25.4941	-1.36797	-9.35844	-6.60197	5.48331	33.3082	
2.83	1.3	0	0	11.6	0.7	0	1.8	0	0	5.9	75	53.6	29.6	41.6	32.5	26.2	100	99.9	99.9	98.4	99.9	86.9	99.4	99.9	99.9	99.9	-25.4941	-1.36797	-9.35844	-6.60197	5.48331	33.3082	
2.84	1.3	0	0	11.6	0.7	0	1.8	0	0	5.9	75	53.6	29.6	41.6	32.5	26.2	100	99.9	99.9	98.4	99.9	86.9	99.4	99.9	99.9	99.9	-25.4941	-1.36797	-9.35844	-6.60197	5.48331	33.3082	
2.85	1.3	0	0	11.6	0.7	0	1.8	0	0	5.9	75	53.6	29.6	41.6	32.5	26.2	100	99.9	99.9	98.4	99.9	86.9	99.4	99.9	99.9	99.9	-25.4941	-1.36797	-9.35844	-6.60197	5.48331	33.3082	
2.86	1.3	0	0	11.6	0.7	0	1.8	0	0	5.9	75	53.6	29.6	41.6	32.5	26.2	100	99.9	99.9	98.4	99.9	86.9	99.4	99.9	99.9	99.9	-25.4941	-1.36797	-9.35844	-6.60197	5.48331	33.3082	
2.87	1.3	0	0	11.6	0.7	0	1.8	0	0	5.9	75	53.6	29.6	41.6	32.5	26.2	100	99.9	99.9	98.4	99.9	86.9	99.4	99.9	99.9	99.9	-25.4941	-1.36797	-9.35844	-6.60197	5.48331	33.3082	
2.88	1.3	0	0	11.6	0.7	0	1.8	0	0	5.9	75	53.6	29.6	41.6	32.5	26.2	100	99.9	99.9	98.4	99.9	86.9	99.4	99.9	99.9	99.9	-25.4941	-1.36797	-9.35844	-6.60197	5.48331	33.3082	
2.89	1.3	0	0	11.6	0.7	0	1.8	0	0	5.9	75	53.6	29.6	41.6	32.5	26.2	100	99.9	99.9	98.4	99.9	86.9	99.4	99.9	99.9	99.9	-25.4941	-1.36797	-9.35844	-6.60197	5.48331	33.3082	
2.9	1.3	0	0	11.6	0.7	0	1.8	0	0	5.9	75	53.6	29.6	41.6	32.5	26.2	100	99.9	99.9	98.4	99.9	86.9	99.4	99.9	99.9	99.9	-25.4941	-1.36797	-9.35844	-6.60197	5.48331	33.3082	
2.91	1.3	0	0	11.6	0.7	0	1.8	0	0	5.9	75	53.6	29.6	41.6	32.5	26.2	100	99.9	99.9	98.4	99.9	86.9	99.4	99.9	99.9	99.9	-25.4941	-1.36797	-9.35844	-6.60197	5.48331	33.3082	
2.92	1.3	0	0	11.6	0.7	0	1.8	0	0	5.9	75	53.6	29.6	41.6	32.5	26.2	100	99.9	99.9	98.4	99.9	86.9	99.4	99.9	99.9	99.9	-25.4941	-1.36797	-9.35844	-6.60197	5.48331	33.3082	
2.93	1.3	0	0	11.6	0.7	0	1.8	0	0	5.9	75	53.6	29.6	41.6	32.5	26.2	100	99.9	99.9	98.4	99.9	86.9	99.4	99.9	99.9	99.9	-25.4941	-1.36797	-9.35844	-6.60197	5.48331	33.3082	
2.94	1.3	0	0	11.6	0.7	0	1.8	0	0	5.9	75	53.6	29.6	41.6	32.5	26.2	100	99.9	99.9	98.4	99.9	86.9	99.4	99.9	99.9	99.9	-25.4941	-1.36797	-9.35844	-6.60197	5.48331	33.3082	
2.95	1.3	0	0	11.6	0.7	0	1.8	0	0	5.9	75	53.6	29.6	41.6	32.5	26.2	100	99.9	99.9	98.4	99.9	86.9	99.4	99.9	99.9	99.9	-25.4941	-1.36797	-9.35844	-6.60197	5.48331	33.3082	
2.96	1.3	0	0	11.6	0.7	0	1.8	0	0	5.9	75	53.6	29.6	41.6	32.5	26.2	100	99.9	99.9	98.4	99.9	86.9	99.4	99.9	99.9	99.9	-25.4941	-1.36797	-9.35844	-6.60197	5.48331	33.3082	
2.97	1.3	0	0	11.6	0.7	0	1.8	0	0	5.9	75	53.6	29.6	41.6	32.5	26.2	100	99.9	99.9	98.4	99.9	86.9	99.4	99.9	99.9	99.9	-25.4941	-1.36797	-9.35844	-6.60197	5.48331	33.3082	
2.98	1.3	0	0	11.6	0.7	0	1.8	0	0	5.9	75	53.6	29.6	41.6	32.5	26.2	100	99.9	99.9	98.4	99.9	86.9	99.4	99.9	99.9	99.9	-25.4941	-1.36797	-9.35844	-6.60197	5.48331	33.3082	
2.99	1.3	0	0	11.6	0.7	0	1.8	0	0	5.9	75	53.6	29.6	41.6	32.5	26.2	100	99.9	99.9	98.4	99.9	86.9	99.4	99.9	99.9	99.9	-25.4941	-1.36797	-9.35844	-6.60197	5.48331	33.3082	
3	1.3	0	0	11.6	0.7	0	1.8	0	0	5.9	75	53.6	29.6	41.6	32.5	26.2	100	99.9	99.9	98.4	99.9	86.9	99.4	99.9	99.9	99.9	-25.4941	-1.36797	-9.35844	-6.60197	5.48331	33.3082	
3.01	1.3	0	0	11.6	0.7	0	1.8	0	0	5.9	75	53.6	29.6	41.6	32.5	26.2	100	99.9	99.9	98.4	99.9	86.9	99.4	99.9	99.9	99.9	-25.4941	-1.36797	-9.35844	-6.60197	5.48331	33.3082	
3.02	1.3	0	0	11.6	0.7	0	1.8	0	0	5.9	75	53.6	29.6	41.6	32.5	26.2	100	99.9	99.9	98.4	99.9	86.9	99.4	99.9	99.9	99.9	-25.4941	-1.36797	-9.35844	-6.60197	5.48331	33.3082	
3.03	1.3	0	0	11.6	0.7	0	1.8	0	0	5.9	75	53.6	29.6	41.6	32.5	26.2	100	99.9	99.9	98.4	99.9	86.9	99.4	99.9	99.9	99.9	-25.4941	-1.36797	-9.35844	-6.60197	5.48331	33.3082	
3.04	1.3	0	0	11.6	0.7	0	1.8	0	0	5.9	75	53.6	29.6	41.6	32.5	26.2	100	99.9	99.9	98.4	99.9	86.9	99.4	99.9	99.9	99.9	-25.4941	-1.36797	-9.35844	-6.60197	5.48331	33.3082	
3.05	1.3	0	0	11.6	0.7	0	1.8	0	0	5.9	75	53.6	29.6	41.6	32.5	26.2	100	99.9	99.9	98.4	99.9	86.9	99.4	99.9	99.9	99.9	-25.4941	-1.36797	-9.35844	-6.60197	5.48331	33.3082	
3.06	1.5	0	0	13.5	0.6	0	1.8	0	0	5.5	74.7	53.2	30.2	41.7	32.6	26.3	100	99.9	99.9	96.1	99.9	86.8	99.9	99.9	99.9	95.7	-24.2599	-0.143624	-15.0269	-6.25525	5.06297	31.7207	
3.07	1.5	0	0	13.5	0.6	0	1.8	0	0	5.5	74.7	53.2	30.2	41.7	32.6	26.3	100	99.9	99.9	96.1	99.9	86.8	99.9	99.9	99.9	95.7	-24.2599	-0.143624	-15.0269	-6.25525	5.06297	31.7207	
3.08	1.5	0	0	13.5	0.6	0	1.8	0	0	5.5	74.7	53.2	30.2	41.7	32.6	26.3	100	99.9	99.9	96.1	99.9	86.8	99.9	99.9	99.9	95.7	-24.2599	-0.143624	-15.0269	-6.25525	5.06297	31.7207	
3.09	1.5	0	0	13.5	0.6	0	1.8	0	0	5.5	74.7	53.2	30.2	41.7	32.6	26.3	100	99.9	99.9	96.1	99.9	86.8	99.9	99.9	99.9	95.7	-24.2599	-0.143624	-15.0269	-6.25525	5.06297	31.7207	
3.1	1.5	0	0	13.5	0.6	0	1.8	0	0	5.5	74.7	53.2	30.2	41.7	32.6	26.3	100	99.9	99.9	96.1	99.9	86.8	99.9	99.9	99.9	95.7	-24.2599	-0.143624	-15.0269	-6.25525	5.06297	31.7207	
3.11	1.5	0	0	13.5	0.6	0	1.8	0	0	5.5	74.7	53.2	30.2	41.7	32.6	26.3	100	99.9	99.9	96.1	99.9	86.8	99.9	99.9	99.9	95.7	-24.2599	-0.143624	-15.0269	-6.25525	5.06297	31.7207	
3.12	1.5	0	0	13.5	0.6	0	1.8	0	0	5.5	74.7	53.2	30.2	41.7	32.6	26.3	100	99.9	99.9	96.1	99.9	86.8	99.9	99.9	99.9	95.7	-24.2599	-0.143624	-15.0269	-6.25525	5.06297	31.7207	
3.13	1.5	0	0	13.5	0.6	0	1.8	0	0	5.5	74.7	53.2	30.2	41.7	32.6	26.3	100	99.9	99.9	96.1	99.9	86.8	99.9	99.9	99.9	95.7	-24.2599	-0.143624	-15.0269	-6.25525	5.06297	31.7207	
3.14	1.5	0	0	13.5	0.6	0	1.8	0	0	5.5	74.7	53.2	30.2	41.7	32.6	26.3	100	99.9	99.9	96.1	99.9	86.8	99.9	99.9	99.9	95.7	-24.2599	-0.143624	-15.0269	-6.25525	5.06297	31.7207	
3.15	1.5	0	0	13.5	0.6	0	1.8	0	0	5.5	74.7	53.2	30.2	41.7	32.6	26.3	100	99.9	99.9	96.1	99.9	86.8	99.9	99.9	99.9	95.7	-24.2599	-0.143624	-15.0269	-6.25525	5.06297	31.7207	
3.16	1.5	0	0	13.5	0.6	0	1.8	0	0	5.5	74.7	53.2	30.2	41.7	32.6	26.3	100	99.9	99.9	96.1	99.9	86.8	99.9	99.9	99.9	95.7	-24.2599	-0.143624	-15.0269	-6.25525	5.06297	31.7207	
3.17	1.5	0	0	13.5	0.6	0	1.8	0	0	5.5	74.7	53.2	30.2	41.7	32.6	26.3	100	99.9	99.9	96.1	99.9	86.8	99.9	99.9	99.9	95.7	-24.2599	-0.143624	-15.0269	-6.25525	5.06297	31.7207	
3.18	1.5	0	0	13.5	0.6	0	1.8	0	0	5.5	74.7	53.2	30.2	41.7	32.6	26.3	100	99.9	99.9	96.1	99.9	86.8	99.9	99.9	99.9	95.7	-24.2599	-0.143624	-15.0269	-6.25525	5.06297	31.7207	
3.19	1.5	0	0	13.5	0.6	0	1.8	0	0	5.5	74.7	53.2	30.2	41.7	32.6	26.3	100	99.9	99.9	96.1	99.9	86.8	99.9	99.9	99.9	95.7	-24.2599	-0.143624	-15.0269	-6.25525	5.06297	31.7207	
3.2	1.5	0	0	13.5	0.6	0	1.8	0	0	5.5	74.7	53.2	30.2	41.7	32.6	26.3	100	99.9	99.9	96.1	99.9	86.8	99.9	99.9	99.9	95.7	-24.2599	-0.143624	-15.0269	-6.25525	5.06297	31.7207	
3.21	1.5	0	0	13.5	0.6	0	1.8	0	0	5.5	74.7	53.2	30.2	41.7	32.6	26.3	100	99.9	99.9	96.1	99.9	86.8	99.9	99.9	99.9	95.7	-24.2599	-0.143624	-15.0269	-6.25525	5.06297	31.7207	
3.22	1.5	0	0	13.5	0.6	0	1.8	0	0	5.5	74.7	53.2	30.2	41.7	32.6	26.3	100	99.9	99.9	96.1	99.9	86.8	99.9	99.9	99.9	95.7	-24.2599	-0.143624	-15.0269	-6.25525	5.06297	31.7207	
3.23	1.5	0	0	13.5	0.6	0	1.8	0	0	5.5	74.7	53.2	30.2	41.7	32.6	26.3	100	99.9	99.9	96.1	99.9	86.8	99.9	99.9	99.9	95.7	-24.2599	-0.143624	-15.0269	-6.25525	5.06297	31.7207	
3.24	1.5	0	0	13.5	0.6	0	1.8	0	0	5.5	74.7	53.2	30.2	41.7	32.6	26.3	100	99.9	99.9	96.1	99.9	86.8	99.9	99.9	99.9	95.7	-24.2599	-0.143624	-15.0269	-6.25525	5.06297	31.7207	
3.25	1.5	0	0	13.5	0.6	0	1.8	0	0	5.5	74.7	53.2	30.2	41.7	32.6	26.3	100	99.9	99.9	96.1	99.9	86.8	99.9	99.9	99.9	95.7	-24.2599	-0.143624	-15.0269	-6.25525	5.06297	31.7207	
3.26	1.5	0	0	13.5	0.6	0	1.8	0	0	5.5	74.7	53.2	30.2	41.7	32.6	26.3	100	99.9	99.9	96.1	99.9	86.8	99.9	99.9	99.9	95.7	-24.2599	-0.143624	-15.0269	-6.25525	5.06297	31.7207	
3.27	1.5	0	0	13.5	0.6	0	1.8	0	0	5.5	74.7	53.2	30.2	41.7	32.6	26.3	100	99.9	99.9	96.1	99.9	86.8	99.9	99.9	99.9	95.7	-24.2599	-0.143624	-15.0269	-6.25525	5.06297	31.7207	
3.28	1.5	0	0	13.5	0.6	0	1.8	0	0	5.5	74.7	53.2	30.2	41.7	32.6	26.3	100	99.9	99.9	96.1	99.9	86.8	99.9	99.9	99.9	95.7	-24.2599	-0.143624	-15.0269	-6.25525	5.06297	31.7207	
3.29	1.5	0	0	13.5	0.6	0	1.8	0	0	5.5	74.7	53.2	30.2	41.7	32.6	26.3	100	99.9	99.9	96.1	99.9	86.8	99.9	99.9	99.9	95.7	-24.2599	-0.143624	-15.0269	-6.25525	5.06297	31.7207	
3.3	1.5	0	0	13.5	0.6	0	1.8	0	0	5.5	74.7	53.2	30.2	41.7	32.6	26.3	100	99.9	99.9	96.1	99.9	86.8	99.9	99.9	99.9	95.7	-24.2599	-0.143624	-15.0269	-6.25525	5.06297	31.7207	
3.31	1.5	0	0	13.5	0.6	0	1.8	0	0	5.5	74.7	53.2	30.2	41.7	32.6	26.3	100	99.9	99.9	96.1	99.9	86.8	99.9	99.9	99.9	95.7	-24.2599	-0.143624	-15.0269	-6.25525	5.06297	31.7207	
3.32	1.5	0	0	13.5	0.6	0	1.8	0	0	5.5	74.7	53.2	30.2	41.7	32.6	26.3	100	99.9	99.9	96.1	99.9	86.8	99.9	99.9	99.9	95.7	-24.2599	-0.143624	-15.0269	-6.25525	5.06297	31.7207	
3.33	1.5	0	0	13.5	0.6	0	1.8	0	0	5.5	74.7	53.2	30.2	41.7	32.6	26.3	100	99.9	99.9	96.1	99.9	86.8	99.9	99.9	99.9	95.7	-24.2599	-0.143624	-15.0269	-6.25525	5.06297	31.7207	
3.34	1.5	0	0	13.5	0.6	0	1.8	0	0	5.5	74.7	53.2	30.2	41.7	32.6	26.3	100	99.9	99.9	96.1	99.9	86.8	99.9	99.9	99.9	95.7	-24.2599	-0.143624	-15.0269	-6.25525	5.06297	31.7207	
3.35	1.5	0	0	13.5	0.6	0	1.8	0	0	5.5	74.7	53.2	30.2	41.7	32.6	26.3	100	99.9	99.9	96.1	99.9	86.8	99.9	99.9	99.9	95.7	-24.2599	-0.143624	-15.0269	-6.25525	5.06297	31.7207	
3.36	1.5	0	0	13.5	0.6	0	1.8	0	0	5.5	74.7	53.2	30.2	41.7	32.6	26.3	100	99.9	99.9	96.1	99.9	86.8	99.9	99.9	99.9	95.7	-24.2599	-0.143624	-15.0269	-6.25525	5.06297	31.7207	
3.37	1.5	0	0	13.5	0.6	0	1.8	0	0	5.5	74.7	53.2	30.2	41.7	32.6	26.3	100	99.9	99.9	96.1	99.9	86.8	99.9	99.9	99.9	95.7	-24.2599	-0.143624	-15.0269	-6.25525	5.06297	31.7207	
3.38	1.5	0	0	13.5	0.6	0	1.8	0	0	5.5	74.7	53.2	30.2	41.7	32.6	26.3	100	99.9	99.9	96.1	99.9	86.8	99.9	99.9	99.9	95.7	-24.2599	-0.143624	-15.0269	-6.25525	5.06297	31.7207	
3.39	1.5	0	0	13.5	0.6	0	1.8	0	0	5.5	74.7	53.2	30.2	41.7	32.6	26.3	100	99.9	99.9	96.1	99.9	86.8	99.9	99.9	99.9	95.7	-24.2599	-0.143624	-15.0269	-6.25525	5.06297	31.7207	
3.4	1.5	0	0	13.5	0.6	0	1.8	0	0	5.5	74.7	53.2	30.2	41.7	32.6	26.3	100	99.9	99.9	96.1	99.9	86.8	99.9	99.9	99.9	95.7	-24.2599	-0.143624	-15.0269	-6.25525	5.06297	31.7207	
3.41	1.5	0	0	13.5	0.6	0	1.8	0	0	5.5	74.7	53.2	30.2	41.7	32.6	26.3	100	99.9	99.9	96.1	99.9	86.8	99.9	99.9	99.9	95.7	-24.2599	-0.143624	-15.0269	-6.25525	5.06297	31.7207	
3.42	1.5	0	0	13.5	0.6	0	1.8	0	0	5.5	74.7	53.2	30.2	41.7	32.6	26.3	100	99.9	99.9	96.1	99.9	86.8	99.9	99.9	99.9	95.7	-24.2599	-0.143624	-15.0269	-6.25525	5.06297	31.7207	
3.43	1.6	0	0	13	0.5	0	1.8	0	0	5.3	73.7	52.2	29.8	41	33	26.4	100	92	97.7	95.6	99.9	93.9	99.6	99.3	99.7	99.1	-25.9133	-0.129561	-14.7147	-9.22896	5.51122	31.0754	
3.44	1.6	0	0	13	0.5	0	1.8	0	0	5.3	73.7	52.2	29.8	41	33	26.4	100	92	97.7	95.6	99.9	93.9	99.6	99.3	99.7	99.1	-25.9133	-0.129561	-14.7147	-9.22896	5.51122	31.0754	
3.45	1.6	0	0	13	0.5	0	1.8	0	0	5.3	73.7	52.2	29.8	41	33	26.4	100	92	97.7	95.6	99.9	93.9	99.6	99.3	99.7	99.1	-25.9133	-0.129561	-14.7147	-9.22896	5.51122	31.0754	
3.46	1.6	0	0	13	0.5	0	1.8	0	0	5.3	73.7	52.2	29.8	41	33	26.4	100	92	97.7	95.6	99.9	93.9	99.6	99.3	99.7	99.1	-25.9133	-0.129561	-14.7147	-9.22896	5.51122	31.0754	
3.47	1.6	0	0	13	0.5	0	1.8	0	0	5.3	73.7	52.2	29.8	41	33	26.4	100	92	97.7	95.6	99.9	93.9	99.6	99.3	99.7	99.1	-25.9133	-0.129561	-14.7147	-9.22896	5.51122	31.0754	
3.48	1.6	0	0	13	0.5	0	1.8	0	0	5.3	73.7	52.2	29.8	41	33	26.4	100	92	97.7	95.6	99.9	93.9	99.6	99.3	99.7	99.1	-25.9133	-0.129561	-14.7147	-9.22896	5.51122	31.0754	
3.49	1.6	0	0	13	0.5	0	1.8	0	0	5.3	73.7	52.2	29.8	41	33	26.4	100	92	97.7	95.6	99.9	93.9	99.6	99.3	99.7	99.1	-25.9133	-0.129561	-14.7147	-9.22896	5.51122	31.0754	
3.5	1.6	0	0	13	0.5	0	1.8	0	0	5.3	73.7	52.2	29.8	41	33	26.4	100	92	97.7	95.6	99.9	93.9	99.6	99.3	99.7	99.1	-25.9133	-0.129561	-14.7147	-9.22896	5.51122	31.0754	
3.51	1.6	0	0	13	0.5	0	1.8	0	0	5.3	73.7	52.2	29.8	41	33	26.4	100	92	97.7	95.6	99.9	93.9	99.6	99.3	99.7	99.1	-25.9133	-0.129561	-14.7147	-9.22896	5.51122	31.0754	
3.52	1.6	0	0	13	0.5	0	1.8	0	0	5.3	73.7	52.2	29.8	41	33	26.4	100	92	97.7	95.6	99.9	93.9	99.6	99.3	99.7	99.1	-25.9133	-0.129561	-14.7147	-9.22896	5.51122	31.0754	
3.53	1.6	0	0	13	0.5	0	1.8	0	0	5.3	73.7	52.2	29.8	41	33	26.4	100	92	97.7	95.6	99.9	93.9	99.6	99.3	99.7	99.1	-25.9133	-0.129561	-14.7147	-9.22896	5.51122	31.0754	
3.54	1.6	0	0	13	0.5	0	1.8	0	0	5.3	73.7	52.2	29.8	41	33	26.4	100	92	97.7	95.6	99.9	93.9	99.6	99.3	99.7	99.1	-25.9133	-0.129561	-14.7147	-9.22896	5.51122	31.0754	
3.55	1.6	0	0	13	0.5	0	1.8	0	0	5.3	73.7	52.2	29.8	41	33	26.4	100	92	97.7	95.6	99.9	93.9	99.6	99.3	99.7	99.1	-25.9133	-0.129561	-14.7147	-9.22896	5.51122	31.0754	
3.56	1.6	0	0	13	0.5	0	1.8	0	0	5.3	73.7	52.2	29.8	41	33	26.4	100	92	97.7	95.6	99.9	93.9	99.6	99.3	99.7	99.1	-25.9133	-0.129561	-14.7147	-9.22896	5.51122	31.0754	
3.57	1.6	0	0	13	0.5	0	1.8	0	0	5.3	73.7	52.2	29.8	41	33	26.4	100	92	97.7	95.6	99.9	93.9	99.6	99.3	99.7	99.1	-25.9133	-0.129561	-14.7147	-9.22896	5.51122	31.0754	
3.58	1.6	0	0	13	0.5	0	1.8	0	0	5.3	73.7	52.2	29.8	41	33	26.4	100	92	97.7	95.6	99.9	93.9	99.6	99.3	99.7	99.1	-25.9133	-0.129561	-14.7147	-9.22896	5.51122	31.0754	
3.59	1.6	0	0	13	0.5	0	1.8	0	0	5.3	73.7	52.2	29.8	41	33	26.4	100	92	97.7	95.6	99.9	93.9	99.6	99.3	99.7	99.1	-25.9133	-0.129561	-14.7147	-9.22896	5.51122	31.0754	
3.6	1.6	0	0	13	0.5	0	1.8	0	0	5.3	73.7	52.2	29.8	41	33	26.4	100	92	97.7	95.6	99.9	93.9	99.6	99.3	99.7	99.1	-25.9133	-0.129561	-14.7147	-9.22896	5.51122	31.0754	
3.61	1.6	0	0	13	0.5	0	1.8	0	0	5.3	73.7	52.2	29.8	41	33	26.4	100	92	97.7	95.6	99.9	93.9	99.6	99.3	99.7	99.1	-25.9133	-0.129561	-14.7147	-9.22896	5.51122	31.0754	
3.62	1.6	0	0	13	0.5	0	1.8	0	0	5.3	73.7	52.2	29.8	41	33	26.4	100	92	97.7	95.6	99.9	93.9	99.6	99.3	99.7	99.1	-25.9133	-0.129561	-14.7147	-9.22896	5.51122	31.0754	
3.63	1.6	0	0	13	0.5	0	1.8	0	0	5.3	73.7	52.2	29.8	41	33	26.4	100	92	97.7	95.6	99.9	93.9	99.6	99.3	99.7	99.1	-25.9133	-0.129561	-14.7147	-9.22896	5.51122	31.0754	
3.64	1.6	0	0	13	0.5	0	1.8	0	0	5.3	73.7	52.2	29.8	41	33	26.4	100	92	97.7	95.6	99.9	93.9	99.6	99.3	99.7	99.1	-25.9133	-0.129561	-14.7147	-9.22896	5.51122	31.0754	
3.65	1.6	0	0	13	0.5	0	1.8	0	0	5.3	73.7	52.2	29.8	41	33	26.4	100	92	97.7	95.6	99.9	93.9	99.6	99.3	99.7	99.1	-25.9133	-0.129561	-14.7147	-9.22896	5.51122	31.0754	
3.66	1.6	0	0	13	0.5	0	1.8	0	0	5.3	73.7	52.2	29.8	41	33	26.4	100	92	97.7	95.6	99.9	93.9	99.6	99.3	99.7	99.1	-25.9133	-0.129561	-14.7147	-9.22896	5.51122	31.0754	
3.67	1.6	0	0	13	0.5	0	1.8	0	0	5.3	73.7	52.2	29.8	41	33	26.4	100	92	97.7	95.6	99.9	93.9	99.6	99.3	99.7	99.1	-25.9133	-0.129561	-14.7147	-9.22896	5.51122	31.0754	
3.68	1.6	0	0	13	0.5	0	1.8	0	0	5.3	73.7	52.2	29.8	41	33	26.4	100	92	97.7	95.6	99.9	93.9	99.6	99.3	99.7	99.1	-25.9133	-0.129561	-14.7147	-9.22896	5.51122	31.0754	
3.69	1.6	0	0	13	0.5	0	1.8	0	0	5.3	73.7	52.2	29.8	41	33	26.4	100	92	97.7	95.6	99.9	93.9	99.6	99.3	99.7	99.1	-25.9133	-0.129561	-14.7147	-9.22896	5.51122	31.0754	
3.7	1.6	0	0	13	0.5	0	1.8	0	0	5.3	73.7	52.2	29.8	41	33	26.4	100	92	97.7	95.6	99.9	93.9	99.6	99.3	99.7	99.1	-25.9133	-0.129561	-14.7147	-9.22896	5.51122	31.0754	
3.71	1.6	0	0	13	0.5	0	1.8	0	0	5.3	73.7	52.2	29.8	41	33	26.4	100	92	97.7	95.6	99.9	93.9	99.6	99.3	99.7	99.1	-25.9133	-0.129561	-14.7147	-9.22896	5.51122	31.0754	
3.72	1.6	0	0	13	0.5	0	1.8	0	0	5.3	73.7	52.2	29.8	41	33	26.4	100	92	97.7	95.6	99.9	93.9	99.6	99.3	99.7	99.1	-25.9133	-0.129561	-14.7147	-9.22896	5.51122	31.0754	
3.73	1.6	0	0	13	0.5	0	1.8	0	0	5.3	73.7	52.2	29.8	41	33	26.4	100	92	97.7	95.6	99.9	93.9	99.6	99.3	99.7	99.1	-25.9133	-0.129561	-14.7147	-9.22896	5.51122	31.0754	
3.74	1.6	0	0	13	0.5	0	1.8	0	0	5.3	73.7	52.2	29.8	41	33	26.4	100	92	97.7	95.6	99.9	93.9	99.6	99.3	99.7	99.1	-25.9133	-0.129561	-14.7147	-9.22896	5.51122	31.0754	
3.75	1.6	0	0	13	0.5	0	1.8	0	0	5.3	73.7	52.2	29.8	41	33	26.4	100	92	97.7	95.6	99.9	93.9	99.6	99.3	99.7	99.1	-25.9133	-0.129561	-14.7147	-9.22896	5.51122	31.0754	
3.76	1.6	0	0	13	0.5	0	1.8	0	0	5.3	73.7	52.2	29.8	41	33	26.4	100	92	97.7	95.6	99.9	93.9	99.6	99.3	99.7	99.1	-25.9133	-0.129561	-14.7147	-9.22896	5.51122	31.0754	
3.77	1.6	0	0	13	0.5	0	1.8	0	0	5.3	73.7	52.2	29.8	41	33	26.4	100	92	97.7	95.6	99.9	93.9	99.6	99.3	99.7	99.1	-25.9133	-0.129561	-14.7147	-9.22896	5.51122	31.0754	
3.78	1.6	0	0	13	0.5	0	1.8	0	0	5.3	73.7	52.2	29.8	41	33	26.4	100	92	97.7	95.6	99.9	93.9	99.6	99.3	99.7	99.1	-25.9133	-0.129561	-14.7147	-9.22896	5.51122	31.0754	
3.79	1.5	0	0	12.5	0.6	0	2	0	0	5.3	72.3	51.7	29.4	40.55	36.2	26.7	100	93.5	91.8	91.3	99.9	98.2	99.4	99.3	99.5	94.9	-26.2683	0.639086	-12.384	-10.7804	5.48367	30.8689	
3.8	1.5	0	0	12.3	0.6	0	2	0	0	5.2	71.9	51.4	29.1	40.25	38.1	26.8	100	87.2	91.6	91.9	99.9	97.7	99.3	99.9	99.9	95.6	-25.8682	0.74738	-11.0585	-10.6027	5.2085	31.0812	
3.81	1.5	0	0	12.3	0.6	0	2	0	0	5.2	71.9	51.4	29.1	40.25	38.1	26.8	100	87.2	91.6	91.9	99.9	97.7	99.3	99.9	99.9	95.6	-25.8682	0.74738	-11.0585	-10.6027	5.2085	31.0812	
3.82	1.5	0	0	12.3	0.6	0	2	0	0	5.2	71.9	51.4	29.1	40.25	38.1	26.8	100	87.2	91.6	91.9	99.9	97.7	99.3	99.9	99.9	95.6	-25.8682	0.74738	-11.0585	-10.6027	5.2085	31.0812	
3.83	1.5	0	0	12.3	0.6	0	2	0	0	5.2	71.9	51.4	29.1	40.25	38.1	26.8	100	87.2	91.6	91.9	99.9	97.7	99.3	99.9	99.9	95.6	-25.8682	0.74738	-11.0585	-10.6027	5.2085	31.0812	
3.84	1.5	0	0	12.3	0.6	0	2	0	0	5.2	71.9	51.4	29.1	40.25	38.1	26.8	100	87.2	91.6	91.9	99.9	97.7	99.3	99.9	99.9	95.6	-25.8682	0.74738	-11.0585	-10.6027	5.2085	31.0812	
3.85	1.5	0	0	12.3	0.6	0	2	0	0	5.2	71.9	51.4	29.1	40.25	38.1	26.8	100	87.2	91.6	91.9	99.9	97.7	99.3	99.9	99.9	95.6	-25.8682	0.74738	-11.0585	-10.6027	5.2085	31.0812	
3.86	1.5	0	0	12.3	0.6	0	2	0	0	5.2	71.9	51.4	29.1	40.25	38.1	26.8	100	87.2	91.6	91.9	99.9	97.7	99.3	99.9	99.9	95.6	-25.8682	0.74738	-11.0585	-10.6027	5.2085	31.0812	
3.87	1.5	0	0	12.3	0.6	0	2	0	0	5.2	71.9	51.4	29.1	40.25	38.1	26.8	100	87.2	91.6	91.9	99.9	97.7	99.3	99.9	99.9	95.6	-25.8682	0.74738	-11.0585	-10.6027	5.2085	31.0812	
3.88	1.5	0	0	12.3	0.6	0	2	0	0	5.2	71.9	51.4	29.1	40.25	38.1	26.8	100	87.2	91.6	91.9	99.9	97.7	99.3	99.9	99.9	95.6	-25.8682	0.74738	-11.0585	-10.6027	5.2085	31.0812	
3.89	1.5	0	0	12.3	0.6	0	2	0	0	5.2	71.9	51.4	29.1	40.25	38.1	26.8	100	87.2	91.6	91.9	99.9	97.7	99.3	99.9	99.9	95.6	-25.8682	0.74738	-11.0585	-10.6027	5.2085	31.0812	
3.9	1.5	0	0	12.3	0.6	0	2	0	0	5.2	71.9	51.4	29.1	40.25	38.1	26.8	100	87.2	91.6	91.9	99.9	97.7	99.3	99.9	99.9	95.6	-25.8682	0.74738	-11.0585	-10.6027	5.2085	31.0812	
3.91	1.5	0	0	12.3	0.6	0	2	0	0	5.2	71.9	51.4	29.1	40.25	38.1	26.8	100	87.2	91.6	91.9	99.9	97.7	99.3	99.9	99.9	95.6	-25.8682	0.74738	-11.0585	-10.6027	5.2085	31.0812	
3.92	1.5	0	0	12.3	0.6	0	2	0	0	5.2	71.9	51.4	29.1	40.25	38.1	26.8	100	87.2	91.6	91.9	99.9	97.7	99.3	99.9	99.9	95.6	-25.8682	0.74738	-11.0585	-10.6027	5.2085	31.0812	
3.93	1.5	0	0	12.3	0.6	0	2	0	0	5.2	71.9	51.4	29.1	40.25	38.1	26.8	100	87.2	91.6	91.9	99.9	97.7	99.3	99.9	99.9	95.6	-25.8682	0.74738	-11.0585	-10.6027	5.2085	31.0812	
3.94	1.5	0	0	12.3	0.6	0	2	0	0	5.2	71.9	51.4	29.1	40.25	38.1	26.8	100	87.2	91.6	91.9	99.9	97.7	99.3	99.9	99.9	95.6	-25.8682	0.74738	-11.0585	-10.6027	5.2085	31.0812	
3.95	1.5	0	0	12.3	0.6	0	2	0	0	5.2	71.9	51.4	29.1	40.25	38.1	26.8	100	87.2	91.6	91.9	99.9	97.7	99.3	99.9	99.9	95.6	-25.8682	0.74738	-11.0585	-10.6027	5.2085	31.0812	
3.96	1.5	0	0	12.3	0.6	0	2	0	0	5.2	71.9	51.4	29.1	40.25	38.1	26.8	100	87.2	91.6	91.9	99.9	97.7	99.3	99.9	99.9	95.6	-25.8682	0.74738	-11.0585	-10.6027	5.2085	31.0812	
3.97	1.5	0	0	12.3	0.6	0	2	0	0	5.2	71.9	51.4	29.1	40.25	38.1	26.8	100	87.2	91.6	91.9	99.9	97.7	99.3	99.9	99.9	95.6	-25.8682	0.74738	-11.0585	-10.6027	5.2085	31.0812	
3.98	1.5	0	0	12.3	0.6	0	2	0	0	5.2	71.9	51.4	29.1	40.25	38.1	26.8	100	87.2	91.6	91.9	99.9	97.7	99.3	99.9	99.9	95.6	-25.8682	0.74738	-11.0585	-10.6027	5.2085	31.0812	
3.99	1.5	0	0	12.3	0.6	0	2	0	0	5.2	71.9	51.4	29.1	40.25	38.1	26.8	100	87.2	91.6	91.9	99.9	97.7	99.3	99.9	99.9	95.6	-25.8682	0.74738	-11.0585	-10.6027	5.2085	31.0812	
4	1.5	0	0	12.3	0.6	0	2	0	0	5.2	71.9	51.4	29.1	40.25	38.1	26.8	100	87.2	91.6	91.9	99.9	97.7	99.3	99.9	99.9	95.6	-25.8682	0.74738	-11.0585	-10.6027	5.2085	31.0812	
4.01	1.5	0	0	12.3	0.6	0	2	0	0	5.2	71.9	51.4	29.1	40.25	38.1	26.8	100	87.2	91.6	91.9	99.9	97.7	99.3	99.9	99.9	95.6	-25.8682	0.74738	-11.0585	-10.6027	5.2085	31.0812	
4.02	1.5	0	0	12.3	0.6	0	2	0	0	5.2	71.9	51.4	29.1	40.25	38.1	26.8	100	87.2	91.6	91.9	99.9	97.7	99.3	99.9	99.9	95.6	-25.8682	0.74738	-11.0585	-10.6027	5.2085	31.0812	
4.03	1.5	0	0	12.3	0.6	0	2	0	0	5.2	71.9	51.4	29.1	40.25	38.1	26.8	100	87.2	91.6	91.9	99.9	97.7	99.3	99.9	99.9	95.6	-25.8682	0.74738	-11.0585	-10.6027	5.2085	31.0812	
4.04	1.5	0	0	12.3	0.6	0	2	0	0	5.2	71.9	51.4	29.1	40.25	38.1	26.8	100	87.2	91.6	91.9	99.9	97.7	99.3	99.9	99.9	95.6	-25.8682	0.74738	-11.0585	-10.6027	5.2085	31.0812	
4.05	1.5	0	0	12.3	0.6	0	2	0	0	5.2	71.9	51.4	29.1	40.25	38.1	26.8	100	87.2	91.6	91.9	99.9	97.7	99.3	99.9	99.9	95.6	-25.8682	0.74738	-11.0585	-10.6027	5.2085	31.0812	
4.06	1.5	0	0	12.3	0.6	0	2	0	0	5.2	71.9	51.4	29.1	40.25	38.1	26.8	100	87.2	91.6	91.9	99.9	97.7	99.3	99.9	99.9	95.6	-25.8682	0.74738	-11.0585	-10.6027	5.2085	31.0812	
4.07	1.5	0	0	12.3	0.6	0	2	0	0	5.2	71.9	51.4	29.1	40.25	38.1	26.8	100	87.2	91.6	91.9	99.9	97.7	99.3	99.9	99.9	95.6	-25.8682	0.74738	-11.0585	-10.6027	5.2085	31.0812	
4.08	1.5	0	0	12.3	0.6	0	2	0	0	5.2	71.9	51.4	29.1	40.25	38.1	26.8	100	87.2	91.6	91.9	99.9	97.7	99.3	99.9	99.9	95.6	-25.8682	0.74738	-11.0585	-10.6027	5.2085	31.0812	
4.09	1.5	0	0	12.3	0.6	0	2	0	0	5.2	71.9	51.4	29.1	40.25	38.1	26.8	100	87.2	91.6	91.9	99.9	97.7	99.3	99.9	99.9	95.6	-25.8682	0.74738	-11.0585	-10.6027	5.2085	31.0812	
4.1	1.5	0	0	12.3	0.6	0	2	0	0	5.2	71.9	51.4	29.1	40.25	38.1	26.8	100	87.2	91.6	91.9	99.9	97.7	99.3	99.9	99.9	95.6	-25.8682	0.74738	-11.0585	-10.6027	5.2085	31.0812	
4.11	1.5	0	0	12.3	0.6	0	2	0	0	5.2	71.9	51.4	29.1	40.25	38.1	26.8	100	87.2	91.6	91.9	99.9	97.7	99.3	99.9	99.9	95.6	-25.8682	0.74738	-11.0585	-10.6027	5.2085	31.0812	
4.12	1.5	0	0	12.3	0.6	0	2	0	0	5.2	71.9	51.4	29.1	40.25	38.1	26.8	100	87.2	91.6	91.9	99.9	97.7	99.3	99.9	99.9	95.6	-25.8682	0.74738	-11.0585	-10.6027	5.2085	31.0812	
4.13	1.5	0	0	12.3	0.6	0	2	0	0	5.2	71.9	51.4	29.1	40.25	38.1	26.8	100	87.2	91.6	91.9	99.9	97.7	99.3	99.9	99.9	95.6	-25.8682	0.74738	-11.0585	-10.6027	5.2085	31.0812	
4.14	1.5	0	0	12.3	0.6	0	2	0	0	5.2	71.9	51.4	29.1	40.25	38.1	26.8	100	87.2	91.6	91.9	99.9	97.7	99.3	99.9	99.9	95.6	-25.8682	0.74738	-11.0585	-10.6027	5.2085	31.0812	
4.151	1.5	0	0	12.3	0.6	0	2	0	0	5.2	71.9	51.4	29.1	40.25	38.1	26.8	100	87.2	91.6	91.9	99.9	97.7	99.3	99.9	99.9	95.6	-25.8682	0.74738	-11.0585	-10.6027	5.2085	31.0812	
4.161	1.6	0	0	12.3	0.6	0.2	2	0	0	5.2	71.3	52.4	28.5	40.45	45.6	27.1	100	93	95.2	93.5	99.9	95.7	99.9	99.8	99.5	93.7	-25.7226	1.02484	-4.92023	-12.3011	5.41424	31.7587	
4.171	1.5	0	0.3	12.3	0.7	0.9	2	0	0	5.3	70.4	52.7	28.1	40.4	44.9	26.9	99.9	95.5	99.1	97.6	99.9	95.5	99.9	99.7	99.3	97	-25.9618	1.84132	-1.41693	-11.2845	5.35721	31.6207	
4.181	1.5	0	0.3	12.3	0.7	0.9	2	0	0	5.3	70.4	52.7	28.1	40.4	44.9	26.9	99.9	95.5	99.1	97.6	99.9	95.5	99.9	99.7	99.3	97	-25.9618	1.84132	-1.41693	-11.2845	5.35721	31.6207	
4.191	1.5	0	0.3	12.3	0.7	0.9	2	0	0	5.3	70.4	52.7	28.1	40.4	44.9	26.9	99.9	95.5	99.1	97.6	99.9	95.5	99.9	99.7	99.3	97	-25.9618	1.84132	-1.41693	-11.2845	5.35721	31.6207	
4.201	1.5	0	0.3	12.3	0.7	0.9	2	0	0	5.3	70.4	52.7	28.1	40.4	44.9	26.9	99.9	95.5	99.1	97.6	99.9	95.5	99.9	99.7	99.3	97	-25.9618	1.84132	-1.41693	-11.2845	5.35721	31.6207	
4.211	1.5	0	0.3	12.3	0.7	0.9	2	0	0	5.3	70.4	52.7	28.1	40.4	44.9	26.9	99.9	95.5	99.1	97.6	99.9	95.5	99.9	99.7	99.3	97	-25.9618	1.84132	-1.41693	-11.2845	5.35721	31.6207	
4.221	1.5	0	0.3	12.3	0.7	0.9	2	0	0	5.3	70.4	52.7	28.1	40.4	44.9	26.9	99.9	95.5	99.1	97.6	99.9	95.5	99.9	99.7	99.3	97	-25.9618	1.84132	-1.41693	-11.2845	5.35721	31.6207	
4.231	1.5	0	0.3	12.3	0.7	0.9	2	0	0	5.3	70.4	52.7	28.1	40.4	44.9	26.9	99.9	95.5	99.1	97.6	99.9	95.5	99.9	99.7	99.3	97	-25.9618	1.84132	-1.41693	-11.2845	5.35721	31.6207	
4.241	1.5	0	0.3	12.3	0.7	0.9	2	0	0	5.3	70.4	52.7	28.1	40.4	44.9	26.9	99.9	95.5	99.1	97.6	99.9	95.5	99.9	99.7	99.3	97	-25.9618	1.84132	-1.41693	-11.2845	5.35721	31.6207	
4.251	1.5	0	0.3	12.3	0.7	0.9	2	0	0	5.3	70.4	52.7	28.1	40.4	44.9	26.9	99.9	95.5	99.1	97.6	99.9	95.5	99.9	99.7	99.3	97	-25.9618	1.84132	-1.41693	-11.2845	5.35721	31.6207	
4.261	1.5	0	0.3	12.3	0.7	0.9	2	0	0	5.3	70.4	52.7	28.1	40.4	44.9	26.9	99.9	95.5	99.1	97.6	99.9	95.5	99.9	99.7	99.3	97	-25.9618	1.84132	-1.41693	-11.2845	5.35721	31.6207	
4.271	1.5	0	0.3	12.3	0.7	0.9	2	0	0	5.3	70.4	52.7	28.1	40.4	44.9	26.9	99.9	95.5	99.1	97.6	99.9	95.5	99.9	99.7	99.3	97	-25.9618	1.84132	-1.41693	-11.2845	5.35721	31.6207	
4.281	1.5	0	0.3	12.3	0.7	0.9	2	0	0	5.3	70.4	52.7	28.1	40.4	44.9	26.9	99.9	95.5	99.1	97.6	99.9	95.5	99.9	99.7	99.3	97	-25.9618	1.84132	-1.41693	-11.2845	5.35721	31.6207	
4.291	1.5	0	0.3	12.3	0.7	0.9	2	0	0	5.3	70.4	52.7	28.1	40.4	44.9	26.9	99.9	95.5	99.1	97.6	99.9	95.5	99.9	99.7	99.3	97	-25.9618	1.84132	-1.41693	-11.2845	5.35721	31.6207	
4.301	1.5	0	0.3	12.3	0.7	0.9	2	0	0	5.3	70.4	52.7	28.1	40.4	44.9	26.9	99.9	95.5	99.1	97.6	99.9	95.5	99.9	99.7	99.3	97	-25.9618	1.84132	-1.41693	-11.2845	5.35721	31.6207	
4.311	1.5	0	0.3	12.3	0.7	0.9	2	0	0	5.3	70.4	52.7	28.1	40.4	44.9	26.9	99.9	95.5	99.1	97.6	99.9	95.5	99.9	99.7	99.3	97	-25.9618	1.84132	-1.41693	-11.2845	5.35721	31.6207	
4.321	1.5	0	0.3	12.3	0.7	0.9	2	0	0	5.3	70.4	52.7	28.1	40.4	44.9	26.9	99.9	95.5	99.1	97.6	99.9	95.5	99.9	99.7	99.3	97	-25.9618	1.84132	-1.41693	-11.2845	5.35721	31.6207	
4.331	1.5	0	0.3	12.3	0.7	0.9	2	0	0	5.3	70.4	52.7	28.1	40.4	44.9	26.9	99.9	95.5	99.1	97.6	99.9	95.5	99.9	99.7	99.3	97	-25.9618	1.84132	-1.41693	-11.2845	5.35721	31.6207	
4.341	1.5	0	0.3	12.3	0.7	0.9	2	0	0	5.3	70.4	52.7	28.1	40.4	44.9	26.9	99.9	95.5	99.1	97.6	99.9	95.5	99.9	99.7	99.3	97	-25.9618	1.84132	-1.41693	-11.2845	5.35721	31.6207	
4.351	1.5	0	0.3	12.3	0.7	0.9	2	0	0	5.3	70.4	52.7	28.1	40.4	44.9	26.9	99.9	95.5	99.1	97.6	99.9	95.5	99.9	99.7	99.3	97	-25.9618	1.84132	-1.41693	-11.2845	5.35721	31.6207	
4.361	1.5	0	0.3	12.3	0.7	0.9	2	0	0	5.3	70.4	52.7	28.1	40.4	44.9	26.9	99.9	95.5	99.1	97.6	99.9	95.5	99.9	99.7	99.3	97	-25.9618	1.84132	-1.41693	-11.2845	5.35721	31.6207	
4.371	1.5	0	0.3	12.3	0.7	0.9	2	0	0	5.3	70.4	52.7	28.1	40.4	44.9	26.9	99.9	95.5	99.1	97.6	99.9	95.5	99.9	99.7	99.3	97	-25.9618	1.84132	-1.41693	-11.2845	5.35721	31.6207	
4.381	1.5	0	0.3	12.3	0.7	0.9	2	0	0	5.3	70.4	52.7	28.1	40.4	44.9	26.9	99.9	95.5	99.1	97.6	99.9	95.5	99.9	99.7	99.3	97	-25.9618	1.84132	-1.41693	-11.2845	5.35721	31.6207	
4.391	1.5	0	0.3	12.3	0.7	0.9	2	0	0	5.3	70.4	52.7	28.1	40.4	44.9	26.9	99.9	95.5	99.1	97.6	99.9	95.5	99.9	99.7	99.3	97	-25.9618	1.84132	-1.41693	-11.2845	5.35721	31.6207	
4.401	1.5	0	0.3	12.3	0.7	0.9	2	0	0	5.3	70.4	52.7	28.1	40.4	44.9	26.9	99.9	95.5	99.1	97.6	99.9	95.5	99.9	99.7	99.3	97	-25.9618	1.84132	-1.41693	-11.2845	5.35721	31.6207	
4.411	1.5	0	0.3	12.3	0.7	0.9	2	0	0	5.3	70.4	52.7	28.1	40.4	44.9	26.9	99.9	95.5	99.1	97.6	99.9	95.5	99.9	99.7	99.3	97	-25.9618	1.84132	-1.41693	-11.2845	5.35721	31.6207	
4.421	1.5	0	0.3	12.3	0.7	0.9	2	0	0	5.3	70.4	52.7	28.1	40.4	44.9	26.9	99.9	95.5	99.1	97.6	99.9	95.5	99.9	99.7	99.3	97	-25.9618	1.84132	-1.41693	-11.2845	5.35721	31.6207	
4.431	1.5	0	0.3	12.3	0.7	0.9	2	0	0	5.3	70.4	52.7	28.1	40.4	44.9	26.9	99.9	95.5	99.1	97.6	99.9	95.5	99.9	99.7	99.3	97	-25.9618	1.84132	-1.41693	-11.2845	5.35721	31.6207	
4.441	1.5	0	0.3	12.3	0.7	0.9	2	0	0	5.3	70.4	52.7	28.1	40.4	44.9	26.9	99.9	95.5	99.1	97.6	99.9	95.5	99.9	99.7	99.3	97	-25.9618	1.84132	-1.41693	-11.2845	5.35721	31.6207	
4.451	1.5	0	0.3	12.3	0.7	0.9	2	0	0	5.3	70.4	52.7	28.1	40.4	44.9	26.9	99.9	95.5	99.1	97.6	99.9	95.5	99.9	99.7	99.3	97	-25.9618	1.84132	-1.41693	-11.2845	5.35721	31.6207	
4.461	1.5	0	0.3	12.3	0.7	0.9	2	0	0	5.3	70.4	52.7	28.1	40.4	44.9	26.9	99.9	95.5	99.1	97.6	99.9	95.5	99.9	99.7	99.3	97	-25.9618	1.84132	-1.41693	-11.2845	5.35721	31.6207	
4.471	1.5	0	0.3	12.3	0.7	0.9	2	0	0	5.3	70.4	52.7	28.1	40.4	44.9	26.9	99.9	95.5	99.1	97.6	99.9	95.5	99.9	99.7	99.3	97	-25.9618	1.84132	-1.41693	-11.2845	5.35721	31.6207	
4.481	1.5	0	0.3	12.3	0.7	0.9	2	0	0	5.3	70.4	52.7	28.1	40.4	44.9	26.9	99.9	95.5	99.1	97.6	99.9	95.5	99.9	99.7	99.3	97	-25.9618	1.84132	-1.41693	-11.2845	5.35721	31.6207	
4.491	1.5	0	0.3	12.3	0.7	0.9	2	0	0	5.3	70.4	52.7	28.1	40.4	44.9	26.9	99.9	95.5	99.1	97.6	99.9	95.5	99.9	99.7	99.3	97	-25.9618	1.84132	-1.41693	-11.2845	5.35721	31.6207	
4.501	1.5	0	0.3	12.3	0.7	0.9	2	0	0	5.3	70.4	52.7	28.1	40.4	44.9	26.9	99.9	95.5	99.1	97.6	99.9	95.5	99.9	99.7	99.3	97	-25.9618	1.84132	-1.41693	-11.2845	5.35721	31.6207	
4.511	1.5	0	0.3	12.3	0.7	0.9	2	0	0	5.3	70.4	52.7	28.1	40.4	44.9	26.9	99.9	95.5	99.1	97.6	99.9	95.5	99.9	99.7	99.3	97	-25.9618	1.84132	-1.41693	-11.2845	5.35721	31.6207	
4.521	1.5	0	0.3	12.3	0.7	0.9	2	0	0	5.3	70.4	52.7	28.1	40.4	44.9	26.9	99.9	95.5	99.1	97.6	99.9	95.5	99.9	99.7	99.3	97	-25.9618	1.84132	-1.41693	-11.2845	5.35721	31.6207	
4.531	1.5	0	0.3	13.1	0.8	1.4	2.1	0	0	5.5	69.6	52.8	27.9	40.35	45.5	26.9	99.9	97.7	94.8	98.5	99.9	96.1	99.8	99.3	99.5	95.2	-26.1425	2.41371	2.39157	-12.2558	5.796	31.8943	
4.541	1.4	0	0.2	13.5	0.8	1.3	2.1	0.1	0	5.4	66.4	52.1	27.6	39.85	46.8	26.9	100	95	87.6	95.7	99.9	95.2	99.8	99.3	99.6	94.6	-26.0912	2.76216	3.41826	-10.5226	5.61885	32.0565	
4.551	1.4	0	0.2	13.5	0.8	1.3	2.1	0.1	0	5.4	66.4	52.1	27.6	39.85	46.8	26.9	100	95	87.6	95.7	99.9	95.2	99.8	99.3	99.6	94.6	-26.0912	2.76216	3.41826	-10.5226	5.61885	32.0565	
4.561	1.4	0	0.2	13.5	0.8	1.3	2.1	0.1	0	5.4	66.4	52.1	27.6	39.85	46.8	26.9	100	95	87.6	95.7	99.9	95.2	99.8	99.3	99.6	94.6	-26.0912	2.76216	3.41826	-10.5226	5.61885	32.0565	
4.571	1.4	0	0.2	13.5	0.8	1.3	2.1	0.1	0	5.4	66.4	52.1	27.6	39.85	46.8	26.9	100	95	87.6	95.7	99.9	95.2	99.8	99.3	99.6	94.6	-26.0912	2.76216	3.41826	-10.5226	5.61885	32.0565	
4.581	1.4	0	0.2	13.5	0.8	1.3	2.1	0.1	0	5.4	66.4	52.1	27.6	39.85	46.8	26.9	100	95	87.6	95.7	99.9	95.2	99.8	99.3	99.6	94.6	-26.0912	2.76216	3.41826	-10.5226	5.61885	32.0565	
4.591	1.4	0	0.2	13.5	0.8	1.3	2.1	0.1	0	5.4	66.4	52.1	27.6	39.85	46.8	26.9	100	95	87.6	95.7	99.9	95.2	99.8	99.3	99.6	94.6	-26.0912	2.76216	3.41826	-10.5226	5.61885	32.0565	
4.601	1.4	0	0.2	13.5	0.8	1.3	2.1	0.1	0	5.4	66.4	52.1	27.6	39.85	46.8	26.9	100	95	87.6	95.7	99.9	95.2	99.8	99.3	99.6	94.6	-26.0912	2.76216	3.41826	-10.5226	5.61885	32.0565	
4.611	1.4	0	0.2	13.5	0.8	1.3	2.1	0.1	0	5.4	66.4	52.1	27.6	39.85	46.8	26.9	100	95	87.6	95.7	99.9	95.2	99.8	99.3	99.6	94.6	-26.0912	2.76216	3.41826	-10.5226	5.61885	32.0565	
4.621	1.4	0	0.2	13.5	0.8	1.3	2.1	0.1	0	5.4	66.4	52.1	27.6	39.85	46.8	26.9	100	95	87.6	95.7	99.9	95.2	99.8	99.3	99.6	94.6	-26.0912	2.76216	3.41826	-10.5226	5.61885	32.0565	
4.631	1.4	0	0.2	13.5	0.8	1.3	2.1	0.1	0	5.4	66.4	52.1	27.6	39.85	46.8	26.9	100	95	87.6	95.7	99.9	95.2	99.8	99.3	99.6	94.6	-26.0912	2.76216	3.41826	-10.5226	5.61885	32.0565	
4.641	1.4	0	0.2	13.5	0.8	1.3	2.1	0.1	0	5.4	66.4	52.1	27.6	39.85	46.8	26.9	100	95	87.6	95.7	99.9	95.2	99.8	99.3	99.6	94.6	-26.0912	2.76216	3.41826	-10.5226	5.61885	32.0565	
4.651	1.4	0	0.2	13.5	0.8	1.3	2.1	0.1	0	5.4	66.4	52.1	27.6	39.85	46.8	26.9	100	95	87.6	95.7	99.9	95.2	99.8	99.3	99.6	94.6	-26.0912	2.76216	3.41826	-10.5226	5.61885	32.0565	
4.661	1.4	0	0.2	13.5	0.8	1.3	2.1	0.1	0	5.4	66.4	52.1	27.6	39.85	46.8	26.9	100	95	87.6	95.7	99.9	95.2	99.8	99.3	99.6	94.6	-26.0912	2.76216	3.41826	-10.5226	5.61885	32.0565	
4.671	1.4	0	0.2	13.5	0.8	1.3	2.1	0.1	0	5.4	66.4	52.1	27.6	39.85	46.8	26.9	100	95	87.6	95.7	99.9	95.2	99.8	99.3	99.6	94.6	-26.0912	2.76216	3.41826	-10.5226	5.61885	32.0565	
4.681	1.4	0	0.2	13.5	0.8	1.3	2.1	0.1	0	5.4	66.4	52.1	27.6	39.85	46.8	26.9	100	95	87.6	95.7	99.9	95.2	99.8	99.3	99.6	94.6	-26.0912	2.76216	3.41826	-10.5226	5.61885	32.0565	
4.691	1.4	0	0.2	13.5	0.8	1.3	2.1	0.1	0	5.4	66.4	52.1	27.6	39.85	46.8	26.9	100	95	87.6	95.7	99.9	95.2	99.8	99.3	99.6	94.6	-26.0912	2.76216	3.41826	-10.5226	5.61885	32.0565	
4.701	1.4	0	0.2	13.5	0.8	1.3	2.1	0.1	0	5.4	66.4	52.1	27.6	39.85	46.8	26.9	100	95	87.6	95.7	99.9	95.2	99.8	99.3	99.6	94.6	-26.0912	2.76216	3.41826	-10.5226	5.61885	32.0565	
4.711	1.4	0	0.2	13.5	0.8	1.3	2.1	0.1	0	5.4	66.4	52.1	27.6	39.85	46.8	26.9	100	95	87.6	95.7	99.9	95.2	99.8	99.3	99.6	94.6	-26.0912	2.76216	3.41826	-10.5226	5.61885	32.0565	
4.721	1.4	0	0.2	13.5	0.8	1.3	2.1	0.1	0	5.4	66.4	52.1	27.6	39.85	46.8	26.9	100	95	87.6	95.7	99.9	95.2	99.8	99.3	99.6	94.6	-26.0912	2.76216	3.41826	-10.5226	5.61885	32.0565	
4.731	1.4	0	0.2	13.5	0.8	1.3	2.1	0.1	0	5.4	66.4	52.1	27.6	39.85	46.8	26.9	100	95	87.6	95.7	99.9	95.2	99.8	99.3	99.6	94.6	-26.0912	2.76216	3.41826	-10.5226	5.61885	32.0565	
4.741	1.4	0	0.2	13.5	0.8	1.3	2.1	0.1	0	5.4	66.4	52.1	27.6	39.85	46.8	26.9	100	95	87.6	95.7	99.9	95.2	99.8	99.3	99.6	94.6	-26.0912	2.76216	3.41826	-10.5226	5.61885	32.0565	
4.751	1.4	0	0.2	13.5	0.8	1.3	2.1	0.1	0	5.4	66.4	52.1	27.6	39.85	46.8	26.9	100	95	87.6	95.7	99.9	95.2	99.8	99.3	99.6	94.6	-26.0912	2.76216	3.41826	-10.5226	5.61885	32.0565	
4.761	1.4	0	0.2	13.5	0.8	1.3	2.1	0.1	0	5.4	66.4	52.1	27.6	39.85	46.8	26.9	100	95	87.6	95.7	99.9	95.2	99.8	99.3	99.6	94.6	-26.0912	2.76216	3.41826	-10.5226	5.61885	32.0565	
4.771	1.4	0	0.2	13.5	0.8	1.3	2.1	0.1	0	5.4	66.4	52.1	27.6	39.85	46.8	26.9	100	95	87.6	95.7	99.9	95.2	99.8	99.3	99.6	94.6	-26.0912	2.76216	3.41826	-10.5226	5.61885	32.0565	
4.781	1.4	0	0.2	13.5	0.8	1.3	2.1	0.1	0	5.4	66.4	52.1	27.6	39.85	46.8	26.9	100	95	87.6	95.7	99.9	95.2	99.8	99.3	99.6	94.6	-26.0912	2.76216	3.41826	-10.5226	5.61885	32.0565	
4.791	1.4	0	0.2	13.5	0.8	1.3	2.1	0.1	0	5.4	66.4	52.1	27.6	39.85	46.8	26.9	100	95	87.6	95.7	99.9	95.2	99.8	99.3	99.6	94.6	-26.0912	2.76216	3.41826	-10.5226	5.61885	32.0565	
4.801	1.4	0	0.2	13.5	0.8	1.3	2.1	0.1	0	5.4	66.4	52.1	27.6	39.85	46.8	26.9	100	95	87.6	95.7	99.9	95.2	99.8	99.3	99.6	94.6	-26.0912	2.76216	3.41826	-10.5226	5.61885	32.0565	
4.811	1.4	0	0.2	13.5	0.8	1.3	2.1	0.1	0	5.4	66.4	52.1	27.6	39.85	46.8	26.9	100	95	87.6	95.7	99.9	95.2	99.8	99.3	99.6	94.6	-26.0912	2.76216	3.41826	-10.5226	5.61885	32.0565	
4.821	1.4	0	0.2	13.5	0.8	1.3	2.1	0.1	0	5.4	66.4	52.1	27.6	39.85	46.8	26.9	100	95	87.6	95.7	99.9	95.2	99.8	99.3	99.6	94.6	-26.0912	2.76216	3.41826	-10.5226	5.61885	32.0565	
4.831	1.4	0	0.2	13.5	0.8	1.3	2.1	0.1	0	5.4	66.4	52.1	27.6	39.85	46.8	26.9	100	95	87.6	95.7	99.9	95.2	99.8	99.3	99.6	94.6	-26.0912	2.76216	3.41826	-10.5226	5.61885	32.0565	
4.841	1.4	0	0.2	13.5	0.8	1.3	2.1	0.1	0	5.4	66.4	52.1	27.6	39.85	46.8	26.9	100	95	87.6	95.7	99.9	95.2	99.8	99.3	99.6	94.6	-26.0912	2.76216	3.41826	-10.5226	5.61885	32.0565	
4.851	1.4	0	0.2	13.5	0.8	1.3	2.1	0.1	0	5.4	66.4	52.1	27.6	39.85	46.8	26.9	100	95	87.6	95.7	99.9	95.2	99.8	99.3	99.6	94.6	-26.0912	2.76216	3.41826	-10.5226	5.61885	32.0565	
4.861	1.4	0	0.2	13.5	0.8	1.3	2.1	0.1	0	5.4	66.4	52.1	27.6	39.85	46.8	26.9	100	95	87.6	95.7	99.9	95.2	99.8	99.3	99.6	94.6	-26.0912	2.76216	3.41826	-10.5226	5.61885	32.0565	
4.871	1.4	0	0.2	13.5	0.8	1.3	2.1	0.1	0	5.4	66.4	52.1	27.6	39.85	46.8	26.9	100	95	87.6	95.7	99.9	95.2	99.8	99.3	99.6	94.6	-26.0912	2.76216	3.41826	-10.5226	5.61885	32.0565	
4.881	1.4	0	0.2	13.5	0.8	1.3	2.1	0.1	0	5.4	66.4	52.1	27.6	39.85	46.8	26.9	100	95	87.6	95.7	99.9	95.2	99.8	99.3	99.6	94.6	-26.0912	2.76216	3.41826	-10.5226	5.61885	32.0565	
4.891	1.4	0	0.2	13.5	0.8	1.3	2.1	0.1	0	5.4	66.4	52.1	27.6	39.85	46.8	26.9	100	95	87.6	95.7	99.9	95.2	99.8	99.3	99.6	94.6	-26.0912	2.76216	3.41826	-10.5226	5.61885	32.0565	
4.901	1.4	0	0.2	13.5	0.8	1.3	2.1	0.1	0	5.4	66.4	52.1	27.6	39.85	46.8	26.9	100	95	87.6	95.7	99.9	95.2	99.8	99.3	99.6	94.6	-26.0912	2.76216	3.41826	-10.5226	5.61885	32.0565	
4.911	1.4	0	0.3	13.5	0.9	1.1	1.9	0	0	5.5	65.1	51.8	27.6	39.7	46.5	27	99.9	93.2	84.2	93.8	99.9	93.9	99.4	99.9	99.9	93.2	-26.6481	2.84563	3.23978	-10.3951	5.98167	31.883	
4.921	1.4	0	0.3	13.5	0.9	1.1	1.9	0	0	5.5	65.1	51.8	27.6	39.7	46.5	27	99.9	93.2	84.2	93.8	99.9	93.9	99.4	99.9	99.9	93.2	-26.6481	2.84563	3.23978	-10.3951	5.98167	31.883	
4.931	1.4	0	0.3	13.5	0.9	1.1	1.9	0	0	5.5	65.1	51.8	27.6	39.7	46.5	27	99.9	93.2	84.2	93.8	99.9	93.9	99.4	99.9	99.9	93.2	-26.6481	2.84563	3.23978	-10.3951	5.98167	31.883	
4.941	1.4	0	0.3	13.5	0.9	1.1	1.9	0	0	5.5	65.1	51.8	27.6	39.7	46.5	27	99.9	93.2	84.2	93.8	99.9	93.9	99.4	99.9	99.9	93.2	-26.6481	2.84563	3.23978	-10.3951	5.98167	31.883	
4.951	1.4	0	0.3	13.5	0.9	1.1	1.9	0	0	5.5	65.1	51.8	27.6	39.7	46.5	27	99.9	93.2	84.2	93.8	99.9	93.9	99.4	99.9	99.9	93.2	-26.6481	2.84563	3.23978	-10.3951	5.98167	31.883	
4.961	1.4	0	0.3	13.5	0.9	1.1	1.9	0	0	5.5	65.1	51.8	27.6	39.7	46.5	27	99.9	93.2	84.2	93.8	99.9	93.9	99.4	99.9	99.9	93.2	-26.6481	2.84563	3.23978	-10.3951	5.98167	31.883	
4.971	1.4	0	0.3	13.5	0.9	1.1	1.9	0	0	5.5	65.1	51.8	27.6	39.7	46.5	27	99.9	93.2	84.2	93.8	99.9	93.9	99.4	99.9	99.9	93.2	-26.6481	2.84563	3.23978	-10.3951	5.98167	31.883	
4.981	1.4	0	0.3	13.5	0.9	1.1	1.9	0	0	5.5	65.1	51.8	27.6	39.7	46.5	27	99.9	93.2	84.2	93.8	99.9	93.9	99.4	99.9	99.9	93.2	-26.6481	2.84563	3.23978	-10.3951	5.98167	31.883	
4.991	1.4	0	0.3	13.5	0.9	1.1	1.9	0	0	5.5	65.1	51.8	27.6	39.7	46.5	27	99.9	93.2	84.2	93.8	99.9	93.9	99.4	99.9	99.9	93.2	-26.6481	2.84563	3.23978	-10.3951	5.98167	31.883	
5.001	1.4	0	0.3	13.5	0.9	1.1	1.9	0	0	5.5	65.1	51.8	27.6	39.7	46.5	27	99.9	93.2	84.2	93.8	99.9	93.9	99.4	99.9	99.9	93.2	-26.6481	2.84563	3.23978	-10.3951	5.98167	31.883	
5.011	1.4	0	0.3	13.5	0.9	1.1	1.9	0	0	5.5	65.1	51.8	27.6	39.7	46.5	27	99.9	93.2	84.2	93.8	99.9	93.9	99.4	99.9	99.9	93.2	-26.6481	2.84563	3.23978	-10.3951	5.98167	31.883	
5.021	1.4	0	0.3	13.5	0.9	1.1	1.9	0	0	5.5	65.1	51.8	27.6	39.7	46.5	27	99.9	93.2	84.2	93.8	99.9	93.9	99.4	99.9	99.9	93.2	-26.6481	2.84563	3.23978	-10.3951	5.98167	31.883	
5.031	1.4	0	0.3	13.5	0.9	1.1	1.9	0	0	5.5	65.1	51.8	27.6	39.7	46.5	27	99.9	93.2	84.2	93.8	99.9	93.9	99.4	99.9	99.9	93.2	-26.6481	2.84563	3.23978	-10.3951	5.98167	31.883	
5.041	1.4	0	0.3	13.5	0.9	1.1	1.9	0	0	5.5	65.1	51.8	27.6	39.7	46.5	27	99.9	93.2	84.2	93.8	99.9	93.9	99.4	99.9	99.9	93.2	-26.6481	2.84563	3.23978	-10.3951	5.98167	31.883	
5.051	1.4	0	0.3	13.5	0.9	1.1	1.9	0	0	5.5	65.1	51.8	27.6	39.7	46.5	27	99.9	93.2	84.2	93.8	99.9	93.9	99.4	99.9	99.9	93.2	-26.6481	2.84563	3.23978	-10.3951	5.98167	31.883	
5.061	1.4	0	0.3	13.5	0.9	1.1	1.9	0	0	5.5	65.1	51.8	27.6	39.7	46.5	27	99.9	93.2	84.2	93.8	99.9	93.9	99.4	99.9	99.9	93.2	-26.6481	2.84563	3.23978	-10.3951	5.98167	31.883	
5.071	1.4	0	0.3	13.5	0.9	1.1	1.9	0	0	5.5	65.1	51.8	27.6	39.7	46.5	27	99.9	93.2	84.2	93.8	99.9	93.9	99.4	99.9	99.9	93.2	-26.6481	2.84563	3.23978	-10.3951	5.98167	31.883	
5.081	1.4	0	0.3	13.5	0.9	1.1	1.9	0	0	5.5	65.1	51.8	27.6	39.7	46.5	27	99.9	93.2	84.2	93.8	99.9	93.9	99.4	99.9	99.9	93.2	-26.6481	2.84563	3.23978	-10.3951	5.98167	31.883	
5.091	1.4	0	0.3	13.5	0.9	1.1	1.9	0	0	5.5	65.1	51.8	27.6	39.7	46.5	27	99.9	93.2	84.2	93.8	99.9	93.9	99.4	99.9	99.9	93.2	-26.6481	2.84563	3.23978	-10.3951	5.98167	31.883	
5.101	1.4	0	0.3	13.5	0.9	1.1	1.9	0	0	5.5	65.1	51.8	27.6	39.7	46.5	27	99.9	93.2	84.2	93.8	99.9	93.9	99.4	99.9	99.9	93.2	-26.6481	2.84563	3.23978	-10.3951	5.98167	31.883	
5.111	1.4	0	0.3	13.5	0.9	1.1	1.9	0	0	5.5	65.1	51.8	27.6	39.7	46.5	27	99.9	93.2	84.2	93.8	99.9	93.9	99.4	99.9	99.9	93.2	-26.6481	2.84563	3.23978	-10.3951	5.98167	31.883	
5.121	1.4	0	0.3	13.5	0.9	1.1	1.9	0	0	5.5	65.1	51.8	27.6	39.7	46.5	27	99.9	93.2	84.2	93.8	99.9	93.9	99.4	99.9	99.9	93.2	-26.6481	2.84563	3.23978	-10.3951	5.98167	31.883	
5.131	1.4	0	0.3	13.5	0.9	1.1	1.9	0	0	5.5	65.1	51.8	27.6	39.7	46.5	27	99.9	93.2	84.2	93.8	99.9	93.9	99.4	99.9	99.9	93.2	-26.6481	2.84563	3.23978	-10.3951	5.98167	31.883	
5.141	1.4	0	0.3	13.5	0.9	1.1	1.9	0	0	5.5	65.1	51.8	27.6	39.7	46.5	27	99.9	93.2	84.2	93.8	99.9	93.9	99.4	99.9	99.9	93.2	-26.6481	2.84563	3.23978	-10.3951	5.98167	31.883	
5.151	1.4	0	0.3	13.5	0.9	1.1	1.9	0	0	5.5	65.1	51.8	27.6	39.7	46.5	27	99.9	93.2	84.2	93.8	99.9	93.9	99.4	99.9	99.9	93.2	-26.6481	2.84563	3.23978	-10.3951	5.98167	31.883	
5.161	1.4	0	0.3	13.5	0.9	1.1	1.9	0	0	5.5	65.1	51.8	27.6	39.7	46.5	27	99.9	93.2	84.2	93.8	99.9	93.9	99.4	99.9	99.9	93.2	-26.6481	2.84563	3.23978	-10.3951	5.98167	31.883	
5.171	1.4	0	0.3	13.5	0.9	1.1	1.9	0	0	5.5	65.1	51.8	27.6	39.7	46.5	27	99.9	93.2	84.2	93.8	99.9	93.9	99.4	99.9	99.9	93.2	-26.6481	2.84563	3.23978	-10.3951	5.98167	31.883	
5.181	1.4	0	0.3	13.5	0.9	1.1	1.9	0	0	5.5	65.1	51.8	27.6	39.7	46.5	27	99.9	93.2	84.2	93.8	99.9	93.9	99.4	99.9	99.9	93.2	-26.6481	2.84563	3.23978	-10.3951	5.98167	31.883	
5.191	1.4	0	0.3	13.5	0.9	1.1	1.9	0	0	5.5	65.1	51.8	27.6	39.7	46.5	27	99.9	93.2	84.2	93.8	99.9	93.9	99.4	99.9	99.9	93.2	-26.6481	2.84563	3.23978	-10.3951	5.98167	31.883	
5.201	1.4	0	0.3	13.5	0.9	1.1	1.9	0	0	5.5	65.1	51.8	27.6	39.7	46.5	27	99.9	93.2	84.2	93.8	99.9	93.9	99.4	99.9	99.9	93.2	-26.6481	2.84563	3.23978	-10.3951	5.98167	31.883	
5.211	1.4	0	0.3	13.5	0.9	1.1	1.9	0	0	5.5	65.1	51.8	27.6	39.7	46.5	27	99.9	93.2	84.2	93.8	99.9	93.9	99.4	99.9	99.9	93.2	-26.6481	2.84563	3.23978	-10.3951	5.98167	31.883	
5.221	1.4	0	0.3	13.5	0.9	1.1	1.9	0	0	5.5	65.1	51.8	27.6	39.7	46.5	27	99.9	93.2	84.2	93.8	99.9	93.9	99.4	99.9	99.9	93.2	-26.6481	2.84563	3.23978	-10.3951	5.98167	31.883	
5.231	1.4	0	0.3	13.5	0.9	1.1	1.9	0	0	5.5	65.1	51.8	27.6	39.7	46.5	27	99.9	93.2	84.2	93.8	99.9	93.9	99.4	99.9	99.9	93.2	-26.6481	2.84563	3.23978	-10.3951	5.98167	31.883	
5.241	1.4	0	0.3	13.5	0.9	1.1	1.9	0	0	5.5	65.1	51.8	27.6	39.7	46.5	27	99.9	93.2	84.2	93.8	99.9	93.9	99.4	99.9	99.9	93.2	-26.6481	2.84563	3.23978	-10.3951	5.98167	31.883	
5.251	1.4	0	0.3	13.5	0.9	1.1	1.9	0	0	5.5	65.1	51.8	27.6	39.7	46.5	27	99.9	93.2	84.2	93.8	99.9	93.9	99.4	99.9	99.9	93.2	-26.6481	2.84563	3.23978	-10.3951	5.98167	31.883	
5.261	1.4	0	0.3	13.5	0.9	1.1	1.9	0	0	5.5	65.1	51.8	27.6	39.7	46.5	27	99.9	93.2	84.2	93.8	99.9	93.9	99.4	99.9	99.9	93.2	-26.6481	2.84563	3.23978	-10.3951	5.98167	31.883	
5.271	1.4	0	0.3	13.7	0.8	1.1	2.1	0.1	0	5.3	64.3	51.5	27.5	39.5	46.1	27.2	100	92.7	84.2	92.7	99.9	94.5	99.7	99.9	99.9	93	-26.1582	3.13142	3.0657	-9.62595	5.60543	31.603	
5.281	1.4	0	0.3	13.7	0.8	1.1	2.1	0.1	0	5.3	64.3	51.5	27.5	39.5	46.1	27.2	100	92.7	84.2	92.7	99.9	94.5	99.7	99.9	99.9	93	-26.1582	3.13142	3.0657	-9.62595	5.60543	31.603	
5.291	1.4	0	0.3	13.7	0.8	1.1	2.1	0.1	0	5.3	64.3	51.5	27.5	39.5	46.1	27.2	100	92.7	84.2	92.7	99.9	94.5	99.7	99.9	99.9	93	-26.1582	3.13142	3.0657	-9.62595	5.60543	31.603	
5.301	1.4	0	0.3	13.7	0.8	1.1	2.1	0.1	0	5.3	64.3	51.5	27.5	39.5	46.1	27.2	100	92.7	84.2	92.7	99.9	94.5	99.7	99.9	99.9	93	-26.1582	3.13142	3.0657	-9.62595	5.60543	31.603	
5.311	1.4	0	0.3	13.7	0.8	1.1	2.1	0.1	0	5.3	64.3	51.5	27.5	39.5	46.1	27.2	100	92.7	84.2	92.7	99.9	94.5	99.7	99.9	99.9	93	-26.1582	3.13142	3.0657	-9.62595	5.60543	31.603	
5.321	1.4	0	0.3	13.7	0.8	1.1	2.1	0.1	0	5.3	64.3	51.5	27.5	39.5	46.1	27.2	100	92.7	84.2	92.7	99.9	94.5	99.7	99.9	99.9	93	-26.1582	3.13142	3.0657	-9.62595	5.60543	31.603	
5.331	1.4	0	0.3	13.7	0.8	1.1	2.1	0.1	0	5.3	64.3	51.5	27.5	39.5	46.1	27.2	100	92.7	84.2	92.7	99.9	94.5	99.7	99.9	99.9	93	-26.1582	3.13142	3.0657	-9.62595	5.60543	31.603	
5.341	1.4	0	0.3	13.7	0.8	1.1	2.1	0.1	0	5.3	64.3	51.5	27.5	39.5	46.1	27.2	100	92.7	84.2	92.7	99.9	94.5	99.7	99.9	99.9	93	-26.1582	3.13142	3.0657	-9.62595	5.60543	31.603	
5.351	1.4	0	0.3	13.7	0.8	1.1	2.1	0.1	0	5.3	64.3	51.5	27.5	39.5	46.1	27.2	100	92.7	84.2	92.7	99.9	94.5	99.7	99.9	99.9	93	-26.1582	3.13142	3.0657	-9.62595	5.60543	31.603	
5.361	1.4	0	0.3	13.7	0.8	1.1	2.1	0.1	0	5.3	64.3	51.5	27.5	39.5	46.1	27.2	100	92.7	84.2	92.7	99.9	94.5	99.7	99.9	99.9	93	-26.1582	3.13142	3.0657	-9.62595	5.60543	31.603	
5.371	1.4	0	0.3	13.7	0.8	1.1	2.1	0.1	0	5.3	64.3	51.5	27.5	39.5	46.1	27.2	100	92.7	84.2	92.7	99.9	94.5	99.7	99.9	99.9	93	-26.1582	3.13142	3.0657	-9.62595	5.60543	31.603	
5.381	1.4	0	0.3	13.7	0.8	1.1	2.1	0.1	0	5.3	64.3	51.5	27.5	39.5	46.1	27.2	100	92.7	84.2	92.7	99.9	94.5	99.7	99.9	99.9	93	-26.1582	3.13142	3.0657	-9.62595	5.60543	31.603	
5.391	1.4	0	0.3	13.7	0.8	1.1	2.1	0.1	0	5.3	64.3	51.5	27.5	39.5	46.1	27.2	100	92.7	84.2	92.7	99.9	94.5	99.7	99.9	99.9	93	-26.1582	3.13142	3.0657	-9.62595	5.60543	31.603	
5.401	1.4	0	0.3	13.7	0.8	1.1	2.1	0.1	0	5.3	64.3	51.5	27.5	39.5	46.1	27.2	100	92.7	84.2	92.7	99.9	94.5	99.7	99.9	99.9	93	-26.1582	3.13142	3.0657	-9.62595	5.60543	31.603	
5.411	1.4	0	0.3	13.7	0.8	1.1	2.1	0.1	0	5.3	64.3	51.5	27.5	39.5	46.1	27.2	100	92.7	84.2	92.7	99.9	94.5	99.7	99.9	99.9	93	-26.1582	3.13142	3.0657	-9.62595	5.60543	31.603	
