Hora de inicio de la toma de datos: 10:35:11
AT(s)	F1.1	F1.2	F2.1	F2.2	F3.1	F3.2	F4.1	F4.2	F5.1	F5.2	ABD1	ABD2	ABD3	ABD4	PA	TCO	P1	P2	P3	P4	P5	P6	P7	P8	P9	P10	HRoll	HPitch	HYaw	WRoll	WPitch	WYaw	
0.01	3.1	0.4	15.9	73.6	72.3	78.5	77.7	87.1	11.1	64.5	0	23.1	100	61.55	23.1	36	100	99.9	99.9	98.6	99.9	99.1	99.9	82.2	99.9	93.3	-17.3071	28.832	55.2212	-0.0151222	10.4033	107.581	
0.02	3.1	0.4	15.9	73.6	72.3	78.5	77.7	87.1	11.1	64.5	0	23.1	100	61.55	23.1	36	100	99.9	99.9	98.6	99.9	99.1	99.9	82.2	99.9	93.3	-17.3071	28.832	55.2212	-0.0151222	10.4033	107.581	
0.03	3.1	0.4	15.9	73.6	72.3	78.5	77.7	87.1	11.1	64.5	0	23.1	100	61.55	23.1	36	100	99.9	99.9	98.6	99.9	99.1	99.9	82.2	99.9	93.3	-17.3071	28.832	55.2212	-0.0151222	10.4033	107.581	
0.04	3.1	0.4	15.9	73.6	72.3	78.5	77.7	87.1	11.1	64.5	0	23.1	100	61.55	23.1	36	100	99.9	99.9	98.6	99.9	99.1	99.9	82.2	99.9	93.3	-17.3071	28.832	55.2212	-0.0151222	10.4033	107.581	
0.05	3.1	0.4	15.9	73.6	72.3	78.5	77.7	87.1	11.1	64.5	0	23.1	100	61.55	23.1	36	100	99.9	99.9	98.6	99.9	99.1	99.9	82.2	99.9	93.3	-17.3071	28.832	55.2212	-0.0151222	10.4033	107.581	
0.06	3.1	0.4	15.9	73.6	72.3	78.5	77.7	87.1	11.1	64.5	0	23.1	100	61.55	23.1	36	100	99.9	99.9	98.6	99.9	99.1	99.9	82.2	99.9	93.3	-17.3071	28.832	55.2212	-0.0151222	10.4033	107.581	
0.07	3.1	0.4	15.9	73.6	72.3	78.5	77.7	87.1	11.1	64.5	0	23.1	100	61.55	23.1	36	100	99.9	99.9	98.6	99.9	99.1	99.9	82.2	99.9	93.3	-17.3071	28.832	55.2212	-0.0151222	10.4033	107.581	
0.08	3.1	0.4	15.9	73.6	72.3	78.5	77.7	87.1	11.1	64.5	0	23.1	100	61.55	23.1	36	100	99.9	99.9	98.6	99.9	99.1	99.9	82.2	99.9	93.3	-17.3071	28.832	55.2212	-0.0151222	10.4033	107.581	
0.09	3.1	0.4	15.9	73.6	72.3	78.5	77.7	87.1	11.1	64.5	0	23.1	100	61.55	23.1	36	100	99.9	99.9	98.6	99.9	99.1	99.9	82.2	99.9	93.3	-17.3071	28.832	55.2212	-0.0151222	10.4033	107.581	
0.1	3.1	0.4	15.9	73.6	72.3	78.5	77.7	87.1	11.1	64.5	0	23.1	100	61.55	23.1	36	100	99.9	99.9	98.6	99.9	99.1	99.9	82.2	99.9	93.3	-17.3071	28.832	55.2212	-0.0151222	10.4033	107.581	
0.11	3.1	0.4	15.9	73.6	72.3	78.5	77.7	87.1	11.1	64.5	0	23.1	100	61.55	23.1	36	100	99.9	99.9	98.6	99.9	99.1	99.9	82.2	99.9	93.3	-17.3071	28.832	55.2212	-0.0151222	10.4033	107.581	
0.12	3.1	0.4	15.9	73.6	72.3	78.5	77.7	87.1	11.1	64.5	0	23.1	100	61.55	23.1	36	100	99.9	99.9	98.6	99.9	99.1	99.9	82.2	99.9	93.3	-17.3071	28.832	55.2212	-0.0151222	10.4033	107.581	
0.13	3.1	0.4	15.9	73.6	72.3	78.5	77.7	87.1	11.1	64.5	0	23.1	100	61.55	23.1	36	100	99.9	99.9	98.6	99.9	99.1	99.9	82.2	99.9	93.3	-17.3071	28.832	55.2212	-0.0151222	10.4033	107.581	
0.14	3.1	0.4	15.9	73.6	72.3	78.5	77.7	87.1	11.1	64.5	0	23.1	100	61.55	23.1	36	100	99.9	99.9	98.6	99.9	99.1	99.9	82.2	99.9	93.3	-17.3071	28.832	55.2212	-0.0151222	10.4033	107.581	
0.15	3.1	0.4	15.9	73.6	72.3	78.5	77.7	87.1	11.1	64.5	0	23.1	100	61.55	23.1	36	100	99.9	99.9	98.6	99.9	99.1	99.9	82.2	99.9	93.3	-17.3071	28.832	55.2212	-0.0151222	10.4033	107.581	
0.16	3.1	0.4	15.9	73.6	72.3	78.5	77.7	87.1	11.1	64.5	0	23.1	100	61.55	23.1	36	100	99.9	99.9	98.6	99.9	99.1	99.9	82.2	99.9	93.3	-17.3071	28.832	55.2212	-0.0151222	10.4033	107.581	
0.171	3.1	0.4	15.9	73.6	72.3	78.5	77.7	87.1	11.1	64.5	0	23.1	100	61.55	23.1	36	100	99.9	99.9	98.6	99.9	99.1	99.9	82.2	99.9	93.3	-17.3071	28.832	55.2212	-0.0151222	10.4033	107.581	
0.181	3.1	0.4	15.9	73.6	72.3	78.5	77.7	87.1	11.1	64.5	0	23.1	100	61.55	23.1	36	100	99.9	99.9	98.6	99.9	99.1	99.9	82.2	99.9	93.3	-17.3071	28.832	55.2212	-0.0151222	10.4033	107.581	
0.191	3.1	0.4	15.9	73.6	72.3	78.5	77.7	87.1	11.1	64.5	0	23.1	100	61.55	23.1	36	100	99.9	99.9	98.6	99.9	99.1	99.9	82.2	99.9	93.3	-17.3071	28.832	55.2212	-0.0151222	10.4033	107.581	
0.201	3.1	0.4	15.9	73.6	72.3	78.5	77.7	87.1	11.1	64.5	0	23.1	100	61.55	23.1	36	100	99.9	99.9	98.6	99.9	99.1	99.9	82.2	99.9	93.3	-17.3071	28.832	55.2212	-0.0151222	10.4033	107.581	
0.211	3.1	0.4	15.9	73.6	72.3	78.5	77.7	87.1	11.1	64.5	0	23.1	100	61.55	23.1	36	100	99.9	99.9	98.6	99.9	99.1	99.9	82.2	99.9	93.3	-17.3071	28.832	55.2212	-0.0151222	10.4033	107.581	
0.221	3.1	0.4	15.9	73.6	72.3	78.5	77.7	87.1	11.1	64.5	0	23.1	100	61.55	23.1	36	100	99.9	99.9	98.6	99.9	99.1	99.9	82.2	99.9	93.3	-17.3071	28.832	55.2212	-0.0151222	10.4033	107.581	
0.231	3.1	0.4	15.9	73.6	72.3	78.5	77.7	87.1	11.1	64.5	0	23.1	100	61.55	23.1	36	100	99.9	99.9	98.6	99.9	99.1	99.9	82.2	99.9	93.3	-17.3071	28.832	55.2212	-0.0151222	10.4033	107.581	
0.241	3.1	0.4	15.9	73.6	72.3	78.5	77.7	87.1	11.1	64.5	0	23.1	100	61.55	23.1	36	100	99.9	99.9	98.6	99.9	99.1	99.9	82.2	99.9	93.3	-17.3071	28.832	55.2212	-0.0151222	10.4033	107.581	
0.251	3.1	0.4	15.9	73.6	72.3	78.5	77.7	87.1	11.1	64.5	0	23.1	100	61.55	23.1	36	100	99.9	99.9	98.6	99.9	99.1	99.9	82.2	99.9	93.3	-17.3071	28.832	55.2212	-0.0151222	10.4033	107.581	
0.261	3.1	0.4	15.9	73.6	72.3	78.5	77.7	87.1	11.1	64.5	0	23.1	100	61.55	23.1	36	100	99.9	99.9	98.6	99.9	99.1	99.9	82.2	99.9	93.3	-17.3071	28.832	55.2212	-0.0151222	10.4033	107.581	
0.271	3.1	0.4	15.9	73.6	72.3	78.5	77.7	87.1	11.1	64.5	0	23.1	100	61.55	23.1	36	100	99.9	99.9	98.6	99.9	99.1	99.9	82.2	99.9	93.3	-17.3071	28.832	55.2212	-0.0151222	10.4033	107.581	
0.281	3.1	0.4	15.9	73.6	72.3	78.5	77.7	87.1	11.1	64.5	0	23.1	100	61.55	23.1	36	100	99.9	99.9	98.6	99.9	99.1	99.9	82.2	99.9	93.3	-17.3071	28.832	55.2212	-0.0151222	10.4033	107.581	
0.29	3.1	0.4	15.9	73.6	72.3	78.5	77.7	87.1	11.1	64.5	0	23.1	100	61.55	23.1	36	100	99.9	99.9	98.6	99.9	99.1	99.9	82.2	99.9	93.3	-17.3071	28.832	55.2212	-0.0151222	10.4033	107.581	
0.3	3.1	0.4	15.9	73.6	72.3	78.5	77.7	87.1	11.1	64.5	0	23.1	100	61.55	23.1	36	100	99.9	99.9	98.6	99.9	99.1	99.9	82.2	99.9	93.3	-17.3071	28.832	55.2212	-0.0151222	10.4033	107.581	
0.31	3.1	0.4	15.9	73.6	72.3	78.5	77.7	87.1	11.1	64.5	0	23.1	100	61.55	23.1	36	100	99.9	99.9	98.6	99.9	99.1	99.9	82.2	99.9	93.3	-17.3071	28.832	55.2212	-0.0151222	10.4033	107.581	
0.32	3.1	0.4	15.9	73.6	72.3	78.5	77.7	87.1	11.1	64.5	0	23.1	100	61.55	23.1	36	100	99.9	99.9	98.6	99.9	99.1	99.9	82.2	99.9	93.3	-17.3071	28.832	55.2212	-0.0151222	10.4033	107.581	
0.33	3.3	0.4	15.7	73.5	72	78.3	77.7	86.6	11	64.3	0	23.1	99.9	61.5	23.6	36	100	99.9	99.9	98.6	99.9	98.2	99.5	81.7	99.9	93.5	-17.8292	28.6428	55.0707	-0.252641	10.0913	107.528	
0.34	3.3	0.4	15.7	73.5	72	78.3	77.7	86.6	11	64.3	0	23.1	99.9	61.5	23.6	36	100	99.9	99.9	98.6	99.9	98.2	99.5	81.7	99.9	93.5	-17.8292	28.6428	55.0707	-0.252641	10.0913	107.528	
0.35	3.3	0.4	15.7	73.5	72	78.3	77.7	86.6	11	64.3	0	23.1	99.9	61.5	23.6	36	100	99.9	99.9	98.6	99.9	98.2	99.5	81.7	99.9	93.5	-17.8292	28.6428	55.0707	-0.252641	10.0913	107.528	
0.36	3.3	0.4	15.7	73.5	72	78.3	77.7	86.6	11	64.3	0	23.1	99.9	61.5	23.6	36	100	99.9	99.9	98.6	99.9	98.2	99.5	81.7	99.9	93.5	-17.8292	28.6428	55.0707	-0.252641	10.0913	107.528	
0.37	3.3	0.4	15.7	73.5	72	78.3	77.7	86.6	11	64.3	0	23.1	99.9	61.5	23.6	36	100	99.9	99.9	98.6	99.9	98.2	99.5	81.7	99.9	93.5	-17.8292	28.6428	55.0707	-0.252641	10.0913	107.528	
0.38	3.3	0.4	15.7	73.5	72	78.3	77.7	86.6	11	64.3	0	23.1	99.9	61.5	23.6	36	100	99.9	99.9	98.6	99.9	98.2	99.5	81.7	99.9	93.5	-17.8292	28.6428	55.0707	-0.252641	10.0913	107.528	
0.39	3.3	0.4	15.7	73.5	72	78.3	77.7	86.6	11	64.3	0	23.1	99.9	61.5	23.6	36	100	99.9	99.9	98.6	99.9	98.2	99.5	81.7	99.9	93.5	-17.8292	28.6428	55.0707	-0.252641	10.0913	107.528	
0.4	3.3	0.4	15.7	73.5	72	78.3	77.7	86.6	11	64.3	0	23.1	99.9	61.5	23.6	36	100	99.9	99.9	98.6	99.9	98.2	99.5	81.7	99.9	93.5	-17.8292	28.6428	55.0707	-0.252641	10.0913	107.528	
0.41	3.3	0.4	15.7	73.5	72	78.3	77.7	86.6	11	64.3	0	23.1	99.9	61.5	23.6	36	100	99.9	99.9	98.6	99.9	98.2	99.5	81.7	99.9	93.5	-17.8292	28.6428	55.0707	-0.252641	10.0913	107.528	
0.42	3.3	0.4	15.7	73.5	72	78.3	77.7	86.6	11	64.3	0	23.1	99.9	61.5	23.6	36	100	99.9	99.9	98.6	99.9	98.2	99.5	81.7	99.9	93.5	-17.8292	28.6428	55.0707	-0.252641	10.0913	107.528	
0.43	3.3	0.4	15.7	73.5	72	78.3	77.7	86.6	11	64.3	0	23.1	99.9	61.5	23.6	36	100	99.9	99.9	98.6	99.9	98.2	99.5	81.7	99.9	93.5	-17.8292	28.6428	55.0707	-0.252641	10.0913	107.528	
0.44	3.3	0.4	15.7	73.5	72	78.3	77.7	86.6	11	64.3	0	23.1	99.9	61.5	23.6	36	100	99.9	99.9	98.6	99.9	98.2	99.5	81.7	99.9	93.5	-17.8292	28.6428	55.0707	-0.252641	10.0913	107.528	
0.45	3.3	0.4	15.7	73.5	72	78.3	77.7	86.6	11	64.3	0	23.1	99.9	61.5	23.6	36	100	99.9	99.9	98.6	99.9	98.2	99.5	81.7	99.9	93.5	-17.8292	28.6428	55.0707	-0.252641	10.0913	107.528	
0.46	3.3	0.4	15.7	73.5	72	78.3	77.7	86.6	11	64.3	0	23.1	99.9	61.5	23.6	36	100	99.9	99.9	98.6	99.9	98.2	99.5	81.7	99.9	93.5	-17.8292	28.6428	55.0707	-0.252641	10.0913	107.528	
0.47	3.3	0.4	15.7	73.5	72	78.3	77.7	86.6	11	64.3	0	23.1	99.9	61.5	23.6	36	100	99.9	99.9	98.6	99.9	98.2	99.5	81.7	99.9	93.5	-17.8292	28.6428	55.0707	-0.252641	10.0913	107.528	
0.48	3.3	0.4	15.7	73.5	72	78.3	77.7	86.6	11	64.3	0	23.1	99.9	61.5	23.6	36	100	99.9	99.9	98.6	99.9	98.2	99.5	81.7	99.9	93.5	-17.8292	28.6428	55.0707	-0.252641	10.0913	107.528	
0.49	3.3	0.4	15.7	73.5	72	78.3	77.7	86.6	11	64.3	0	23.1	99.9	61.5	23.6	36	100	99.9	99.9	98.6	99.9	98.2	99.5	81.7	99.9	93.5	-17.8292	28.6428	55.0707	-0.252641	10.0913	107.528	
0.5	3.3	0.4	15.7	73.5	72	78.3	77.7	86.6	11	64.3	0	23.1	99.9	61.5	23.6	36	100	99.9	99.9	98.6	99.9	98.2	99.5	81.7	99.9	93.5	-17.8292	28.6428	55.0707	-0.252641	10.0913	107.528	
0.51	3.3	0.4	15.7	73.5	72	78.3	77.7	86.6	11	64.3	0	23.1	99.9	61.5	23.6	36	100	99.9	99.9	98.6	99.9	98.2	99.5	81.7	99.9	93.5	-17.8292	28.6428	55.0707	-0.252641	10.0913	107.528	
0.52	3.3	0.4	15.7	73.5	72	78.3	77.7	86.6	11	64.3	0	23.1	99.9	61.5	23.6	36	100	99.9	99.9	98.6	99.9	98.2	99.5	81.7	99.9	93.5	-17.8292	28.6428	55.0707	-0.252641	10.0913	107.528	
0.53	3.3	0.4	15.7	73.5	72	78.3	77.7	86.6	11	64.3	0	23.1	99.9	61.5	23.6	36	100	99.9	99.9	98.6	99.9	98.2	99.5	81.7	99.9	93.5	-17.8292	28.6428	55.0707	-0.252641	10.0913	107.528	
0.54	3.3	0.4	15.7	73.5	72	78.3	77.7	86.6	11	64.3	0	23.1	99.9	61.5	23.6	36	100	99.9	99.9	98.6	99.9	98.2	99.5	81.7	99.9	93.5	-17.8292	28.6428	55.0707	-0.252641	10.0913	107.528	
0.55	3.3	0.4	15.7	73.5	72	78.3	77.7	86.6	11	64.3	0	23.1	99.9	61.5	23.6	36	100	99.9	99.9	98.6	99.9	98.2	99.5	81.7	99.9	93.5	-17.8292	28.6428	55.0707	-0.252641	10.0913	107.528	
0.56	3.3	0.4	15.7	73.5	72	78.3	77.7	86.6	11	64.3	0	23.1	99.9	61.5	23.6	36	100	99.9	99.9	98.6	99.9	98.2	99.5	81.7	99.9	93.5	-17.8292	28.6428	55.0707	-0.252641	10.0913	107.528	
0.57	3.3	0.4	15.7	73.5	72	78.3	77.7	86.6	11	64.3	0	23.1	99.9	61.5	23.6	36	100	99.9	99.9	98.6	99.9	98.2	99.5	81.7	99.9	93.5	-17.8292	28.6428	55.0707	-0.252641	10.0913	107.528	
0.58	3.3	0.4	15.7	73.5	72	78.3	77.7	86.6	11	64.3	0	23.1	99.9	61.5	23.6	36	100	99.9	99.9	98.6	99.9	98.2	99.5	81.7	99.9	93.5	-17.8292	28.6428	55.0707	-0.252641	10.0913	107.528	
0.59	3.3	0.4	15.7	73.5	72	78.3	77.7	86.6	11	64.3	0	23.1	99.9	61.5	23.6	36	100	99.9	99.9	98.6	99.9	98.2	99.5	81.7	99.9	93.5	-17.8292	28.6428	55.0707	-0.252641	10.0913	107.528	
0.6	3.3	0.4	15.7	73.5	72	78.3	77.7	86.6	11	64.3	0	23.1	99.9	61.5	23.6	36	100	99.9	99.9	98.6	99.9	98.2	99.5	81.7	99.9	93.5	-17.8292	28.6428	55.0707	-0.252641	10.0913	107.528	
0.61	3.3	0.4	15.7	73.5	72	78.3	77.7	86.6	11	64.3	0	23.1	99.9	61.5	23.6	36	100	99.9	99.9	98.6	99.9	98.2	99.5	81.7	99.9	93.5	-17.8292	28.6428	55.0707	-0.252641	10.0913	107.528	
0.62	3.3	0.4	15.7	73.5	72	78.3	77.7	86.6	11	64.3	0	23.1	99.9	61.5	23.6	36	100	99.9	99.9	98.6	99.9	98.2	99.5	81.7	99.9	93.5	-17.8292	28.6428	55.0707	-0.252641	10.0913	107.528	
0.63	3.3	0.4	15.7	73.5	72	78.3	77.7	86.6	11	64.3	0	23.1	99.9	61.5	23.6	36	100	99.9	99.9	98.6	99.9	98.2	99.5	81.7	99.9	93.5	-17.8292	28.6428	55.0707	-0.252641	10.0913	107.528	
0.64	3.3	0.4	15.7	73.5	72	78.3	77.7	86.6	11	64.3	0	23.1	99.9	61.5	23.6	36	100	99.9	99.9	98.6	99.9	98.2	99.5	81.7	99.9	93.5	-17.8292	28.6428	55.0707	-0.252641	10.0913	107.528	
0.65	3.3	0.4	15.7	73.5	72	78.3	77.7	86.6	11	64.3	0	23.1	99.9	61.5	23.6	36	100	99.9	99.9	98.6	99.9	98.2	99.5	81.7	99.9	93.5	-17.8292	28.6428	55.0707	-0.252641	10.0913	107.528	
0.66	3.3	0.4	15.7	73.5	72	78.3	77.7	86.6	11	64.3	0	23.1	99.9	61.5	23.6	36	100	99.9	99.9	98.6	99.9	98.2	99.5	81.7	99.9	93.5	-17.8292	28.6428	55.0707	-0.252641	10.0913	107.528	
0.67	3.3	0.4	15.7	73.5	72	78.3	77.7	86.6	11	64.3	0	23.1	99.9	61.5	23.6	36	100	99.9	99.9	98.6	99.9	98.2	99.5	81.7	99.9	93.5	-17.8292	28.6428	55.0707	-0.252641	10.0913	107.528	
0.68	3.3	0.4	15.7	73.5	72	78.3	77.7	86.6	11	64.3	0	23.1	99.9	61.5	23.6	36	100	99.9	99.9	98.6	99.9	98.2	99.5	81.7	99.9	93.5	-17.8292	28.6428	55.0707	-0.252641	10.0913	107.528	
0.69	3.3	0.4	15.7	73.5	72	78.3	77.7	86.6	11	64.3	0	23.1	99.9	61.5	23.6	36	100	99.9	99.9	98.6	99.9	98.2	99.5	81.7	99.9	93.5	-17.8292	28.6428	55.0707	-0.252641	10.0913	107.528	
0.7	3.5	0.4	16	73.5	71.8	78.1	77.6	86.5	11	64.2	0	23.1	100	61.55	23.6	36	100	99.9	99.9	98.7	99.9	98.4	99.9	81.1	99.9	93.5	-17.859	28.6581	55.0528	-0.41696	10.125	107.5	
0.71	3.4	0.5	16.2	73.4	71.9	77.9	77.5	86.4	10.8	64.1	0	23.1	100	61.55	23.6	35.9	100	99.9	99.9	98.9	99.9	98.4	99.6	81.4	99.4	93.2	-17.8589	28.6262	55.0475	-0.116551	10.0617	107.542	
0.72	3.4	0.5	16.2	73.4	71.9	77.9	77.5	86.4	10.8	64.1	0	23.1	100	61.55	23.6	35.9	100	99.9	99.9	98.9	99.9	98.4	99.6	81.4	99.4	93.2	-17.8589	28.6262	55.0475	-0.116551	10.0617	107.542	
0.73	3.4	0.5	16.2	73.4	71.9	77.9	77.5	86.4	10.8	64.1	0	23.1	100	61.55	23.6	35.9	100	99.9	99.9	98.9	99.9	98.4	99.6	81.4	99.4	93.2	-17.8589	28.6262	55.0475	-0.116551	10.0617	107.542	
0.74	3.4	0.5	16.2	73.4	71.9	77.9	77.5	86.4	10.8	64.1	0	23.1	100	61.55	23.6	35.9	100	99.9	99.9	98.9	99.9	98.4	99.6	81.4	99.4	93.2	-17.8589	28.6262	55.0475	-0.116551	10.0617	107.542	
0.75	3.4	0.5	16.2	73.4	71.9	77.9	77.5	86.4	10.8	64.1	0	23.1	100	61.55	23.6	35.9	100	99.9	99.9	98.9	99.9	98.4	99.6	81.4	99.4	93.2	-17.8589	28.6262	55.0475	-0.116551	10.0617	107.542	
0.76	3.4	0.5	16.2	73.4	71.9	77.9	77.5	86.4	10.8	64.1	0	23.1	100	61.55	23.6	35.9	100	99.9	99.9	98.9	99.9	98.4	99.6	81.4	99.4	93.2	-17.8589	28.6262	55.0475	-0.116551	10.0617	107.542	
0.77	3.4	0.5	16.2	73.4	71.9	77.9	77.5	86.4	10.8	64.1	0	23.1	100	61.55	23.6	35.9	100	99.9	99.9	98.9	99.9	98.4	99.6	81.4	99.4	93.2	-17.8589	28.6262	55.0475	-0.116551	10.0617	107.542	
0.78	3.4	0.5	16.2	73.4	71.9	77.9	77.5	86.4	10.8	64.1	0	23.1	100	61.55	23.6	35.9	100	99.9	99.9	98.9	99.9	98.4	99.6	81.4	99.4	93.2	-17.8589	28.6262	55.0475	-0.116551	10.0617	107.542	
0.79	3.4	0.5	16.2	73.4	71.9	77.9	77.5	86.4	10.8	64.1	0	23.1	100	61.55	23.6	35.9	100	99.9	99.9	98.9	99.9	98.4	99.6	81.4	99.4	93.2	-17.8589	28.6262	55.0475	-0.116551	10.0617	107.542	
0.8	3.4	0.5	16.2	73.4	71.9	77.9	77.5	86.4	10.8	64.1	0	23.1	100	61.55	23.6	35.9	100	99.9	99.9	98.9	99.9	98.4	99.6	81.4	99.4	93.2	-17.8589	28.6262	55.0475	-0.116551	10.0617	107.542	
0.81	3.4	0.5	16.2	73.4	71.9	77.9	77.5	86.4	10.8	64.1	0	23.1	100	61.55	23.6	35.9	100	99.9	99.9	98.9	99.9	98.4	99.6	81.4	99.4	93.2	-17.8589	28.6262	55.0475	-0.116551	10.0617	107.542	
0.82	3.4	0.5	16.2	73.4	71.9	77.9	77.5	86.4	10.8	64.1	0	23.1	100	61.55	23.6	35.9	100	99.9	99.9	98.9	99.9	98.4	99.6	81.4	99.4	93.2	-17.8589	28.6262	55.0475	-0.116551	10.0617	107.542	
0.83	3.4	0.5	16.2	73.4	71.9	77.9	77.5	86.4	10.8	64.1	0	23.1	100	61.55	23.6	35.9	100	99.9	99.9	98.9	99.9	98.4	99.6	81.4	99.4	93.2	-17.8589	28.6262	55.0475	-0.116551	10.0617	107.542	
0.84	3.4	0.5	16.2	73.4	71.9	77.9	77.5	86.4	10.8	64.1	0	23.1	100	61.55	23.6	35.9	100	99.9	99.9	98.9	99.9	98.4	99.6	81.4	99.4	93.2	-17.8589	28.6262	55.0475	-0.116551	10.0617	107.542	
0.85	3.4	0.5	16.2	73.4	71.9	77.9	77.5	86.4	10.8	64.1	0	23.1	100	61.55	23.6	35.9	100	99.9	99.9	98.9	99.9	98.4	99.6	81.4	99.4	93.2	-17.8589	28.6262	55.0475	-0.116551	10.0617	107.542	
0.86	3.4	0.5	16.2	73.4	71.9	77.9	77.5	86.4	10.8	64.1	0	23.1	100	61.55	23.6	35.9	100	99.9	99.9	98.9	99.9	98.4	99.6	81.4	99.4	93.2	-17.8589	28.6262	55.0475	-0.116551	10.0617	107.542	
0.87	3.4	0.5	16.2	73.4	71.9	77.9	77.5	86.4	10.8	64.1	0	23.1	100	61.55	23.6	35.9	100	99.9	99.9	98.9	99.9	98.4	99.6	81.4	99.4	93.2	-17.8589	28.6262	55.0475	-0.116551	10.0617	107.542	
0.88	3.4	0.5	16.2	73.4	71.9	77.9	77.5	86.4	10.8	64.1	0	23.1	100	61.55	23.6	35.9	100	99.9	99.9	98.9	99.9	98.4	99.6	81.4	99.4	93.2	-17.8589	28.6262	55.0475	-0.116551	10.0617	107.542	
0.89	3.4	0.5	16.2	73.4	71.9	77.9	77.5	86.4	10.8	64.1	0	23.1	100	61.55	23.6	35.9	100	99.9	99.9	98.9	99.9	98.4	99.6	81.4	99.4	93.2	-17.8589	28.6262	55.0475	-0.116551	10.0617	107.542	
0.9	3.4	0.5	16.2	73.4	71.9	77.9	77.5	86.4	10.8	64.1	0	23.1	100	61.55	23.6	35.9	100	99.9	99.9	98.9	99.9	98.4	99.6	81.4	99.4	93.2	-17.8589	28.6262	55.0475	-0.116551	10.0617	107.542	
0.91	3.4	0.5	16.2	73.4	71.9	77.9	77.5	86.4	10.8	64.1	0	23.1	100	61.55	23.6	35.9	100	99.9	99.9	98.9	99.9	98.4	99.6	81.4	99.4	93.2	-17.8589	28.6262	55.0475	-0.116551	10.0617	107.542	
0.92	3.4	0.5	16.2	73.4	71.9	77.9	77.5	86.4	10.8	64.1	0	23.1	100	61.55	23.6	35.9	100	99.9	99.9	98.9	99.9	98.4	99.6	81.4	99.4	93.2	-17.8589	28.6262	55.0475	-0.116551	10.0617	107.542	
0.93	3.4	0.5	16.2	73.4	71.9	77.9	77.5	86.4	10.8	64.1	0	23.1	100	61.55	23.6	35.9	100	99.9	99.9	98.9	99.9	98.4	99.6	81.4	99.4	93.2	-17.8589	28.6262	55.0475	-0.116551	10.0617	107.542	
0.94	3.4	0.5	16.2	73.4	71.9	77.9	77.5	86.4	10.8	64.1	0	23.1	100	61.55	23.6	35.9	100	99.9	99.9	98.9	99.9	98.4	99.6	81.4	99.4	93.2	-17.8589	28.6262	55.0475	-0.116551	10.0617	107.542	
0.95	3.4	0.5	16.2	73.4	71.9	77.9	77.5	86.4	10.8	64.1	0	23.1	100	61.55	23.6	35.9	100	99.9	99.9	98.9	99.9	98.4	99.6	81.4	99.4	93.2	-17.8589	28.6262	55.0475	-0.116551	10.0617	107.542	
0.96	3.4	0.5	16.2	73.4	71.9	77.9	77.5	86.4	10.8	64.1	0	23.1	100	61.55	23.6	35.9	100	99.9	99.9	98.9	99.9	98.4	99.6	81.4	99.4	93.2	-17.8589	28.6262	55.0475	-0.116551	10.0617	107.542	
0.97	3.4	0.5	16.2	73.4	71.9	77.9	77.5	86.4	10.8	64.1	0	23.1	100	61.55	23.6	35.9	100	99.9	99.9	98.9	99.9	98.4	99.6	81.4	99.4	93.2	-17.8589	28.6262	55.0475	-0.116551	10.0617	107.542	
0.98	3.4	0.5	16.2	73.4	71.9	77.9	77.5	86.4	10.8	64.1	0	23.1	100	61.55	23.6	35.9	100	99.9	99.9	98.9	99.9	98.4	99.6	81.4	99.4	93.2	-17.8589	28.6262	55.0475	-0.116551	10.0617	107.542	
0.99	3.4	0.5	16.2	73.4	71.9	77.9	77.5	86.4	10.8	64.1	0	23.1	100	61.55	23.6	35.9	100	99.9	99.9	98.9	99.9	98.4	99.6	81.4	99.4	93.2	-17.8589	28.6262	55.0475	-0.116551	10.0617	107.542	
1	3.4	0.5	16.2	73.4	71.9	77.9	77.5	86.4	10.8	64.1	0	23.1	100	61.55	23.6	35.9	100	99.9	99.9	98.9	99.9	98.4	99.6	81.4	99.4	93.2	-17.8589	28.6262	55.0475	-0.116551	10.0617	107.542	
1.01	3.4	0.5	16.2	73.4	71.9	77.9	77.5	86.4	10.8	64.1	0	23.1	100	61.55	23.6	35.9	100	99.9	99.9	98.9	99.9	98.4	99.6	81.4	99.4	93.2	-17.8589	28.6262	55.0475	-0.116551	10.0617	107.542	
1.02	3.4	0.5	16.2	73.4	71.9	77.9	77.5	86.4	10.8	64.1	0	23.1	100	61.55	23.6	35.9	100	99.9	99.9	98.9	99.9	98.4	99.6	81.4	99.4	93.2	-17.8589	28.6262	55.0475	-0.116551	10.0617	107.542	
1.03	3.4	0.5	16.2	73.4	71.9	77.9	77.5	86.4	10.8	64.1	0	23.1	100	61.55	23.6	35.9	100	99.9	99.9	98.9	99.9	98.4	99.6	81.4	99.4	93.2	-17.8589	28.6262	55.0475	-0.116551	10.0617	107.542	
1.04	3.4	0.5	16.2	73.4	71.9	77.9	77.5	86.4	10.8	64.1	0	23.1	100	61.55	23.6	35.9	100	99.9	99.9	98.9	99.9	98.4	99.6	81.4	99.4	93.2	-17.8589	28.6262	55.0475	-0.116551	10.0617	107.542	
1.05	3.4	0.5	16.2	73.4	71.9	77.9	77.5	86.4	10.8	64.1	0	23.1	100	61.55	23.6	35.9	100	99.9	99.9	98.9	99.9	98.4	99.6	81.4	99.4	93.2	-17.8589	28.6262	55.0475	-0.116551	10.0617	107.542	
1.06	3.4	0.5	16.2	73.4	71.9	77.9	77.5	86.4	10.8	64.1	0	23.1	100	61.55	23.6	35.9	100	99.9	99.9	98.9	99.9	98.4	99.6	81.4	99.4	93.2	-17.8589	28.6262	55.0475	-0.116551	10.0617	107.542	
1.07	3.4	0.4	15.7	73.4	71.9	78	77.4	86.1	11	64	0	23	100	61.5	23.8	36.1	99.9	99.9	99.9	98.6	99.9	98	99.6	82.3	99.9	93.7	-18.1202	28.6212	54.9509	-0.246936	10.2149	107.534	
1.08	3.2	0.3	15.9	73.3	71.3	77.8	77.4	86.2	11	63.8	0	22.8	100	61.4	23.3	36	100	99.9	99.9	98.6	99.9	99.4	99.9	82.9	99.4	93	-18.1494	28.4639	54.9583	-0.204067	10.183	107.606	
1.09	3.2	0.3	15.9	73.3	71.3	77.8	77.4	86.2	11	63.8	0	22.8	100	61.4	23.3	36	100	99.9	99.9	98.6	99.9	99.4	99.9	82.9	99.4	93	-18.1494	28.4639	54.9583	-0.204067	10.183	107.606	
1.1	3.2	0.3	15.9	73.3	71.3	77.8	77.4	86.2	11	63.8	0	22.8	100	61.4	23.3	36	100	99.9	99.9	98.6	99.9	99.4	99.9	82.9	99.4	93	-18.1494	28.4639	54.9583	-0.204067	10.183	107.606	
1.11	3.2	0.3	15.9	73.3	71.3	77.8	77.4	86.2	11	63.8	0	22.8	100	61.4	23.3	36	100	99.9	99.9	98.6	99.9	99.4	99.9	82.9	99.4	93	-18.1494	28.4639	54.9583	-0.204067	10.183	107.606	
1.12	3.2	0.3	15.9	73.3	71.3	77.8	77.4	86.2	11	63.8	0	22.8	100	61.4	23.3	36	100	99.9	99.9	98.6	99.9	99.4	99.9	82.9	99.4	93	-18.1494	28.4639	54.9583	-0.204067	10.183	107.606	
1.13	3.2	0.3	15.9	73.3	71.3	77.8	77.4	86.2	11	63.8	0	22.8	100	61.4	23.3	36	100	99.9	99.9	98.6	99.9	99.4	99.9	82.9	99.4	93	-18.1494	28.4639	54.9583	-0.204067	10.183	107.606	
1.14	3.2	0.3	15.9	73.3	71.3	77.8	77.4	86.2	11	63.8	0	22.8	100	61.4	23.3	36	100	99.9	99.9	98.6	99.9	99.4	99.9	82.9	99.4	93	-18.1494	28.4639	54.9583	-0.204067	10.183	107.606	
1.15	3.2	0.3	15.9	73.3	71.3	77.8	77.4	86.2	11	63.8	0	22.8	100	61.4	23.3	36	100	99.9	99.9	98.6	99.9	99.4	99.9	82.9	99.4	93	-18.1494	28.4639	54.9583	-0.204067	10.183	107.606	
1.16	3.2	0.3	15.9	73.3	71.3	77.8	77.4	86.2	11	63.8	0	22.8	100	61.4	23.3	36	100	99.9	99.9	98.6	99.9	99.4	99.9	82.9	99.4	93	-18.1494	28.4639	54.9583	-0.204067	10.183	107.606	
1.17	3.2	0.3	15.9	73.3	71.3	77.8	77.4	86.2	11	63.8	0	22.8	100	61.4	23.3	36	100	99.9	99.9	98.6	99.9	99.4	99.9	82.9	99.4	93	-18.1494	28.4639	54.9583	-0.204067	10.183	107.606	
1.18	3.2	0.3	15.9	73.3	71.3	77.8	77.4	86.2	11	63.8	0	22.8	100	61.4	23.3	36	100	99.9	99.9	98.6	99.9	99.4	99.9	82.9	99.4	93	-18.1494	28.4639	54.9583	-0.204067	10.183	107.606	
1.19	3.2	0.3	15.9	73.3	71.3	77.8	77.4	86.2	11	63.8	0	22.8	100	61.4	23.3	36	100	99.9	99.9	98.6	99.9	99.4	99.9	82.9	99.4	93	-18.1494	28.4639	54.9583	-0.204067	10.183	107.606	
1.2	3.2	0.3	15.9	73.3	71.3	77.8	77.4	86.2	11	63.8	0	22.8	100	61.4	23.3	36	100	99.9	99.9	98.6	99.9	99.4	99.9	82.9	99.4	93	-18.1494	28.4639	54.9583	-0.204067	10.183	107.606	
1.21	3.2	0.3	15.9	73.3	71.3	77.8	77.4	86.2	11	63.8	0	22.8	100	61.4	23.3	36	100	99.9	99.9	98.6	99.9	99.4	99.9	82.9	99.4	93	-18.1494	28.4639	54.9583	-0.204067	10.183	107.606	
1.22	3.2	0.3	15.9	73.3	71.3	77.8	77.4	86.2	11	63.8	0	22.8	100	61.4	23.3	36	100	99.9	99.9	98.6	99.9	99.4	99.9	82.9	99.4	93	-18.1494	28.4639	54.9583	-0.204067	10.183	107.606	
1.23	3.2	0.3	15.9	73.3	71.3	77.8	77.4	86.2	11	63.8	0	22.8	100	61.4	23.3	36	100	99.9	99.9	98.6	99.9	99.4	99.9	82.9	99.4	93	-18.1494	28.4639	54.9583	-0.204067	10.183	107.606	
1.24	3.2	0.3	15.9	73.3	71.3	77.8	77.4	86.2	11	63.8	0	22.8	100	61.4	23.3	36	100	99.9	99.9	98.6	99.9	99.4	99.9	82.9	99.4	93	-18.1494	28.4639	54.9583	-0.204067	10.183	107.606	
1.25	3.2	0.3	15.9	73.3	71.3	77.8	77.4	86.2	11	63.8	0	22.8	100	61.4	23.3	36	100	99.9	99.9	98.6	99.9	99.4	99.9	82.9	99.4	93	-18.1494	28.4639	54.9583	-0.204067	10.183	107.606	
1.26	3.2	0.3	15.9	73.3	71.3	77.8	77.4	86.2	11	63.8	0	22.8	100	61.4	23.3	36	100	99.9	99.9	98.6	99.9	99.4	99.9	82.9	99.4	93	-18.1494	28.4639	54.9583	-0.204067	10.183	107.606	
1.27	3.2	0.3	15.9	73.3	71.3	77.8	77.4	86.2	11	63.8	0	22.8	100	61.4	23.3	36	100	99.9	99.9	98.6	99.9	99.4	99.9	82.9	99.4	93	-18.1494	28.4639	54.9583	-0.204067	10.183	107.606	
1.28	3.2	0.3	15.9	73.3	71.3	77.8	77.4	86.2	11	63.8	0	22.8	100	61.4	23.3	36	100	99.9	99.9	98.6	99.9	99.4	99.9	82.9	99.4	93	-18.1494	28.4639	54.9583	-0.204067	10.183	107.606	
1.29	3.2	0.3	15.9	73.3	71.3	77.8	77.4	86.2	11	63.8	0	22.8	100	61.4	23.3	36	100	99.9	99.9	98.6	99.9	99.4	99.9	82.9	99.4	93	-18.1494	28.4639	54.9583	-0.204067	10.183	107.606	
1.3	3.2	0.3	15.9	73.3	71.3	77.8	77.4	86.2	11	63.8	0	22.8	100	61.4	23.3	36	100	99.9	99.9	98.6	99.9	99.4	99.9	82.9	99.4	93	-18.1494	28.4639	54.9583	-0.204067	10.183	107.606	
1.31	3.2	0.3	15.9	73.3	71.3	77.8	77.4	86.2	11	63.8	0	22.8	100	61.4	23.3	36	100	99.9	99.9	98.6	99.9	99.4	99.9	82.9	99.4	93	-18.1494	28.4639	54.9583	-0.204067	10.183	107.606	
1.32	3.2	0.3	15.9	73.3	71.3	77.8	77.4	86.2	11	63.8	0	22.8	100	61.4	23.3	36	100	99.9	99.9	98.6	99.9	99.4	99.9	82.9	99.4	93	-18.1494	28.4639	54.9583	-0.204067	10.183	107.606	
1.33	3.2	0.3	15.9	73.3	71.3	77.8	77.4	86.2	11	63.8	0	22.8	100	61.4	23.3	36	100	99.9	99.9	98.6	99.9	99.4	99.9	82.9	99.4	93	-18.1494	28.4639	54.9583	-0.204067	10.183	107.606	
1.34	3.2	0.3	15.9	73.3	71.3	77.8	77.4	86.2	11	63.8	0	22.8	100	61.4	23.3	36	100	99.9	99.9	98.6	99.9	99.4	99.9	82.9	99.4	93	-18.1494	28.4639	54.9583	-0.204067	10.183	107.606	
1.35	3.2	0.3	15.9	73.3	71.3	77.8	77.4	86.2	11	63.8	0	22.8	100	61.4	23.3	36	100	99.9	99.9	98.6	99.9	99.4	99.9	82.9	99.4	93	-18.1494	28.4639	54.9583	-0.204067	10.183	107.606	
1.36	3.2	0.3	15.9	73.3	71.3	77.8	77.4	86.2	11	63.8	0	22.8	100	61.4	23.3	36	100	99.9	99.9	98.6	99.9	99.4	99.9	82.9	99.4	93	-18.1494	28.4639	54.9583	-0.204067	10.183	107.606	
1.37	3.2	0.3	15.9	73.3	71.3	77.8	77.4	86.2	11	63.8	0	22.8	100	61.4	23.3	36	100	99.9	99.9	98.6	99.9	99.4	99.9	82.9	99.4	93	-18.1494	28.4639	54.9583	-0.204067	10.183	107.606	
1.38	3.2	0.3	15.9	73.3	71.3	77.8	77.4	86.2	11	63.8	0	22.8	100	61.4	23.3	36	100	99.9	99.9	98.6	99.9	99.4	99.9	82.9	99.4	93	-18.1494	28.4639	54.9583	-0.204067	10.183	107.606	
1.39	3.2	0.3	15.9	73.3	71.3	77.8	77.4	86.2	11	63.8	0	22.8	100	61.4	23.3	36	100	99.9	99.9	98.6	99.9	99.4	99.9	82.9	99.4	93	-18.1494	28.4639	54.9583	-0.204067	10.183	107.606	
1.4	3.2	0.3	15.9	73.3	71.3	77.8	77.4	86.2	11	63.8	0	22.8	100	61.4	23.3	36	100	99.9	99.9	98.6	99.9	99.4	99.9	82.9	99.4	93	-18.1494	28.4639	54.9583	-0.204067	10.183	107.606	
1.41	3.2	0.3	15.9	73.3	71.3	77.8	77.4	86.2	11	63.8	0	22.8	100	61.4	23.3	36	100	99.9	99.9	98.6	99.9	99.4	99.9	82.9	99.4	93	-18.1494	28.4639	54.9583	-0.204067	10.183	107.606	
1.42	3.2	0.3	15.9	73.3	71.3	77.8	77.4	86.2	11	63.8	0	22.8	100	61.4	23.3	36	100	99.9	99.9	98.6	99.9	99.4	99.9	82.9	99.4	93	-18.1494	28.4639	54.9583	-0.204067	10.183	107.606	
1.43	3.2	0.3	15.9	73.3	71.3	77.8	77.4	86.2	11	63.8	0	22.8	100	61.4	23.3	36	100	99.9	99.9	98.6	99.9	99.4	99.9	82.9	99.4	93	-18.1494	28.4639	54.9583	-0.204067	10.183	107.606	
1.44	3.3	0.2	15.8	73.2	71.3	77.9	77.5	86.2	10.9	63.7	0	22.9	100	61.45	23.8	35.9	100	99.9	99.9	98.6	99.9	99.1	99.9	83.7	99.9	94.9	-18.4808	28.589	54.7961	-0.341016	10.2067	107.606	
1.45	3.3	0.3	16.2	73.2	71.7	77.4	77.3	85.6	10.8	63.8	0	23.1	99.9	61.5	23.8	36	99.9	99.9	99.9	98.6	99.9	99.5	99.9	83.2	99.6	96.9	-18.6309	28.5241	54.7196	-0.777534	9.96843	107.56	
1.46	3.3	0.3	16.2	73.2	71.7	77.4	77.3	85.6	10.8	63.8	0	23.1	99.9	61.5	23.8	36	99.9	99.9	99.9	98.6	99.9	99.5	99.9	83.2	99.6	96.9	-18.6309	28.5241	54.7196	-0.777534	9.96843	107.56	
1.47	3.3	0.3	16.2	73.2	71.7	77.4	77.3	85.6	10.8	63.8	0	23.1	99.9	61.5	23.8	36	99.9	99.9	99.9	98.6	99.9	99.5	99.9	83.2	99.6	96.9	-18.6309	28.5241	54.7196	-0.777534	9.96843	107.56	
1.48	3.3	0.3	16.2	73.2	71.7	77.4	77.3	85.6	10.8	63.8	0	23.1	99.9	61.5	23.8	36	99.9	99.9	99.9	98.6	99.9	99.5	99.9	83.2	99.6	96.9	-18.6309	28.5241	54.7196	-0.777534	9.96843	107.56	
1.49	3.3	0.3	16.2	73.2	71.7	77.4	77.3	85.6	10.8	63.8	0	23.1	99.9	61.5	23.8	36	99.9	99.9	99.9	98.6	99.9	99.5	99.9	83.2	99.6	96.9	-18.6309	28.5241	54.7196	-0.777534	9.96843	107.56	
1.5	3.3	0.3	16.2	73.2	71.7	77.4	77.3	85.6	10.8	63.8	0	23.1	99.9	61.5	23.8	36	99.9	99.9	99.9	98.6	99.9	99.5	99.9	83.2	99.6	96.9	-18.6309	28.5241	54.7196	-0.777534	9.96843	107.56	
1.51	3.3	0.3	16.2	73.2	71.7	77.4	77.3	85.6	10.8	63.8	0	23.1	99.9	61.5	23.8	36	99.9	99.9	99.9	98.6	99.9	99.5	99.9	83.2	99.6	96.9	-18.6309	28.5241	54.7196	-0.777534	9.96843	107.56	
1.52	3.3	0.3	16.2	73.2	71.7	77.4	77.3	85.6	10.8	63.8	0	23.1	99.9	61.5	23.8	36	99.9	99.9	99.9	98.6	99.9	99.5	99.9	83.2	99.6	96.9	-18.6309	28.5241	54.7196	-0.777534	9.96843	107.56	
1.53	3.3	0.3	16.2	73.2	71.7	77.4	77.3	85.6	10.8	63.8	0	23.1	99.9	61.5	23.8	36	99.9	99.9	99.9	98.6	99.9	99.5	99.9	83.2	99.6	96.9	-18.6309	28.5241	54.7196	-0.777534	9.96843	107.56	
1.54	3.3	0.3	16.2	73.2	71.7	77.4	77.3	85.6	10.8	63.8	0	23.1	99.9	61.5	23.8	36	99.9	99.9	99.9	98.6	99.9	99.5	99.9	83.2	99.6	96.9	-18.6309	28.5241	54.7196	-0.777534	9.96843	107.56	
1.55	3.3	0.3	16.2	73.2	71.7	77.4	77.3	85.6	10.8	63.8	0	23.1	99.9	61.5	23.8	36	99.9	99.9	99.9	98.6	99.9	99.5	99.9	83.2	99.6	96.9	-18.6309	28.5241	54.7196	-0.777534	9.96843	107.56	
1.56	3.3	0.3	16.2	73.2	71.7	77.4	77.3	85.6	10.8	63.8	0	23.1	99.9	61.5	23.8	36	99.9	99.9	99.9	98.6	99.9	99.5	99.9	83.2	99.6	96.9	-18.6309	28.5241	54.7196	-0.777534	9.96843	107.56	
1.57	3.3	0.3	16.2	73.2	71.7	77.4	77.3	85.6	10.8	63.8	0	23.1	99.9	61.5	23.8	36	99.9	99.9	99.9	98.6	99.9	99.5	99.9	83.2	99.6	96.9	-18.6309	28.5241	54.7196	-0.777534	9.96843	107.56	
1.58	3.3	0.3	16.2	73.2	71.7	77.4	77.3	85.6	10.8	63.8	0	23.1	99.9	61.5	23.8	36	99.9	99.9	99.9	98.6	99.9	99.5	99.9	83.2	99.6	96.9	-18.6309	28.5241	54.7196	-0.777534	9.96843	107.56	
1.59	3.3	0.3	16.2	73.2	71.7	77.4	77.3	85.6	10.8	63.8	0	23.1	99.9	61.5	23.8	36	99.9	99.9	99.9	98.6	99.9	99.5	99.9	83.2	99.6	96.9	-18.6309	28.5241	54.7196	-0.777534	9.96843	107.56	
1.6	3.3	0.3	16.2	73.2	71.7	77.4	77.3	85.6	10.8	63.8	0	23.1	99.9	61.5	23.8	36	99.9	99.9	99.9	98.6	99.9	99.5	99.9	83.2	99.6	96.9	-18.6309	28.5241	54.7196	-0.777534	9.96843	107.56	
1.61	3.3	0.3	16.2	73.2	71.7	77.4	77.3	85.6	10.8	63.8	0	23.1	99.9	61.5	23.8	36	99.9	99.9	99.9	98.6	99.9	99.5	99.9	83.2	99.6	96.9	-18.6309	28.5241	54.7196	-0.777534	9.96843	107.56	
1.62	3.3	0.3	16.2	73.2	71.7	77.4	77.3	85.6	10.8	63.8	0	23.1	99.9	61.5	23.8	36	99.9	99.9	99.9	98.6	99.9	99.5	99.9	83.2	99.6	96.9	-18.6309	28.5241	54.7196	-0.777534	9.96843	107.56	
1.63	3.3	0.3	16.2	73.2	71.7	77.4	77.3	85.6	10.8	63.8	0	23.1	99.9	61.5	23.8	36	99.9	99.9	99.9	98.6	99.9	99.5	99.9	83.2	99.6	96.9	-18.6309	28.5241	54.7196	-0.777534	9.96843	107.56	
1.64	3.3	0.3	16.2	73.2	71.7	77.4	77.3	85.6	10.8	63.8	0	23.1	99.9	61.5	23.8	36	99.9	99.9	99.9	98.6	99.9	99.5	99.9	83.2	99.6	96.9	-18.6309	28.5241	54.7196	-0.777534	9.96843	107.56	
1.65	3.3	0.3	16.2	73.2	71.7	77.4	77.3	85.6	10.8	63.8	0	23.1	99.9	61.5	23.8	36	99.9	99.9	99.9	98.6	99.9	99.5	99.9	83.2	99.6	96.9	-18.6309	28.5241	54.7196	-0.777534	9.96843	107.56	
1.66	3.3	0.3	16.2	73.2	71.7	77.4	77.3	85.6	10.8	63.8	0	23.1	99.9	61.5	23.8	36	99.9	99.9	99.9	98.6	99.9	99.5	99.9	83.2	99.6	96.9	-18.6309	28.5241	54.7196	-0.777534	9.96843	107.56	
1.67	3.3	0.3	16.2	73.2	71.7	77.4	77.3	85.6	10.8	63.8	0	23.1	99.9	61.5	23.8	36	99.9	99.9	99.9	98.6	99.9	99.5	99.9	83.2	99.6	96.9	-18.6309	28.5241	54.7196	-0.777534	9.96843	107.56	
1.68	3.3	0.3	16.2	73.2	71.7	77.4	77.3	85.6	10.8	63.8	0	23.1	99.9	61.5	23.8	36	99.9	99.9	99.9	98.6	99.9	99.5	99.9	83.2	99.6	96.9	-18.6309	28.5241	54.7196	-0.777534	9.96843	107.56	
1.69	3.3	0.3	16.2	73.2	71.7	77.4	77.3	85.6	10.8	63.8	0	23.1	99.9	61.5	23.8	36	99.9	99.9	99.9	98.6	99.9	99.5	99.9	83.2	99.6	96.9	-18.6309	28.5241	54.7196	-0.777534	9.96843	107.56	
1.7	3.3	0.3	16.2	73.2	71.7	77.4	77.3	85.6	10.8	63.8	0	23.1	99.9	61.5	23.8	36	99.9	99.9	99.9	98.6	99.9	99.5	99.9	83.2	99.6	96.9	-18.6309	28.5241	54.7196	-0.777534	9.96843	107.56	
1.71	3.3	0.3	16.2	73.2	71.7	77.4	77.3	85.6	10.8	63.8	0	23.1	99.9	61.5	23.8	36	99.9	99.9	99.9	98.6	99.9	99.5	99.9	83.2	99.6	96.9	-18.6309	28.5241	54.7196	-0.777534	9.96843	107.56	
1.72	3.3	0.3	16.2	73.2	71.7	77.4	77.3	85.6	10.8	63.8	0	23.1	99.9	61.5	23.8	36	99.9	99.9	99.9	98.6	99.9	99.5	99.9	83.2	99.6	96.9	-18.6309	28.5241	54.7196	-0.777534	9.96843	107.56	
1.73	3.3	0.3	16.2	73.2	71.7	77.4	77.3	85.6	10.8	63.8	0	23.1	99.9	61.5	23.8	36	99.9	99.9	99.9	98.6	99.9	99.5	99.9	83.2	99.6	96.9	-18.6309	28.5241	54.7196	-0.777534	9.96843	107.56	
1.74	3.3	0.3	16.2	73.2	71.7	77.4	77.3	85.6	10.8	63.8	0	23.1	99.9	61.5	23.8	36	99.9	99.9	99.9	98.6	99.9	99.5	99.9	83.2	99.6	96.9	-18.6309	28.5241	54.7196	-0.777534	9.96843	107.56	
1.75	3.3	0.3	16.2	73.2	71.7	77.4	77.3	85.6	10.8	63.8	0	23.1	99.9	61.5	23.8	36	99.9	99.9	99.9	98.6	99.9	99.5	99.9	83.2	99.6	96.9	-18.6309	28.5241	54.7196	-0.777534	9.96843	107.56	
1.76	3.3	0.3	16.2	73.2	71.7	77.4	77.3	85.6	10.8	63.8	0	23.1	99.9	61.5	23.8	36	99.9	99.9	99.9	98.6	99.9	99.5	99.9	83.2	99.6	96.9	-18.6309	28.5241	54.7196	-0.777534	9.96843	107.56	
1.77	3.3	0.3	16.2	73.2	71.7	77.4	77.3	85.6	10.8	63.8	0	23.1	99.9	61.5	23.8	36	99.9	99.9	99.9	98.6	99.9	99.5	99.9	83.2	99.6	96.9	-18.6309	28.5241	54.7196	-0.777534	9.96843	107.56	
1.78	3.3	0.3	16.2	73.2	71.7	77.4	77.3	85.6	10.8	63.8	0	23.1	99.9	61.5	23.8	36	99.9	99.9	99.9	98.6	99.9	99.5	99.9	83.2	99.6	96.9	-18.6309	28.5241	54.7196	-0.777534	9.96843	107.56	
1.79	3.3	0.3	16.2	73.2	71.7	77.4	77.3	85.6	10.8	63.8	0	23.1	99.9	61.5	23.8	36	99.9	99.9	99.9	98.6	99.9	99.5	99.9	83.2	99.6	96.9	-18.6309	28.5241	54.7196	-0.777534	9.96843	107.56	
1.8	3.3	0.3	16.2	73.2	71.7	77.4	77.3	85.6	10.8	63.8	0	23.1	99.9	61.5	23.8	36	99.9	99.9	99.9	98.6	99.9	99.5	99.9	83.2	99.6	96.9	-18.6309	28.5241	54.7196	-0.777534	9.96843	107.56	
1.81	3.4	0.4	16.9	72.9	71.5	77.1	77.1	85	10.8	63.4	0	22.9	100	61.45	23.8	36	99.9	99.9	99.9	98.9	99.9	98.6	99.6	83	99.4	98.2	-18.1827	28.8145	54.9071	-0.400573	10.0673	107.646	
1.82	3.4	0.4	16.9	72.9	71.5	77.1	77.1	85	10.8	63.4	0	22.9	100	61.45	23.8	36	99.9	99.9	99.9	98.9	99.9	98.6	99.6	83	99.4	98.2	-18.1827	28.8145	54.9071	-0.400573	10.0673	107.646	
1.83	3.4	0.4	16.9	72.9	71.5	77.1	77.1	85	10.8	63.4	0	22.9	100	61.45	23.8	36	99.9	99.9	99.9	98.9	99.9	98.6	99.6	83	99.4	98.2	-18.1827	28.8145	54.9071	-0.400573	10.0673	107.646	
1.84	3.4	0.4	16.9	72.9	71.5	77.1	77.1	85	10.8	63.4	0	22.9	100	61.45	23.8	36	99.9	99.9	99.9	98.9	99.9	98.6	99.6	83	99.4	98.2	-18.1827	28.8145	54.9071	-0.400573	10.0673	107.646	
1.85	3.4	0.4	16.9	72.9	71.5	77.1	77.1	85	10.8	63.4	0	22.9	100	61.45	23.8	36	99.9	99.9	99.9	98.9	99.9	98.6	99.6	83	99.4	98.2	-18.1827	28.8145	54.9071	-0.400573	10.0673	107.646	
1.86	3.4	0.4	16.9	72.9	71.5	77.1	77.1	85	10.8	63.4	0	22.9	100	61.45	23.8	36	99.9	99.9	99.9	98.9	99.9	98.6	99.6	83	99.4	98.2	-18.1827	28.8145	54.9071	-0.400573	10.0673	107.646	
1.87	3.4	0.4	16.9	72.9	71.5	77.1	77.1	85	10.8	63.4	0	22.9	100	61.45	23.8	36	99.9	99.9	99.9	98.9	99.9	98.6	99.6	83	99.4	98.2	-18.1827	28.8145	54.9071	-0.400573	10.0673	107.646	
1.88	3.4	0.4	16.9	72.9	71.5	77.1	77.1	85	10.8	63.4	0	22.9	100	61.45	23.8	36	99.9	99.9	99.9	98.9	99.9	98.6	99.6	83	99.4	98.2	-18.1827	28.8145	54.9071	-0.400573	10.0673	107.646	
