Hora de inicio de la toma de datos: 10:43:00
AT(s)	F1.1	F1.2	F2.1	F2.2	F3.1	F3.2	F4.1	F4.2	F5.1	F5.2	ABD1	ABD2	ABD3	ABD4	PA	TCO	P1	P2	P3	P4	P5	P6	P7	P8	P9	P10	HRoll	HPitch	HYaw	WRoll	WPitch	WYaw	
0.01	60.4	0	39.8	63	15.8	48.5	7.4	43.3	8.5	73.2	0	0	0	0	31.4	50.9	8.1	99.9	26	18.4	99.9	99.8	99.9	99.9	99.8	99.4	-4.36694	-0.791197	152.742	3.13064	18.7865	120.801	
0.02	60.4	0	39.8	63	15.8	48.5	7.4	43.3	8.5	73.2	0	0	0	0	31.4	50.9	8.1	99.9	26	18.4	99.9	99.8	99.9	99.9	99.8	99.4	-4.36694	-0.791197	152.742	3.13064	18.7865	120.801	
0.03	60.4	0	39.8	63	15.8	48.5	7.4	43.3	8.5	73.2	0	0	0	0	31.4	50.9	8.1	99.9	26	18.4	99.9	99.8	99.9	99.9	99.8	99.4	-4.36694	-0.791197	152.742	3.13064	18.7865	120.801	
0.04	60.4	0	39.8	63	15.8	48.5	7.4	43.3	8.5	73.2	0	0	0	0	31.4	50.9	8.1	99.9	26	18.4	99.9	99.8	99.9	99.9	99.8	99.4	-4.36694	-0.791197	152.742	3.13064	18.7865	120.801	
0.05	60.4	0	39.8	63	15.8	48.5	7.4	43.3	8.5	73.2	0	0	0	0	31.4	50.9	8.1	99.9	26	18.4	99.9	99.8	99.9	99.9	99.8	99.4	-4.36694	-0.791197	152.742	3.13064	18.7865	120.801	
0.06	60.4	0	39.8	63	15.8	48.5	7.4	43.3	8.5	73.2	0	0	0	0	31.4	50.9	8.1	99.9	26	18.4	99.9	99.8	99.9	99.9	99.8	99.4	-4.36694	-0.791197	152.742	3.13064	18.7865	120.801	
0.07	60.4	0	39.8	63	15.8	48.5	7.4	43.3	8.5	73.2	0	0	0	0	31.4	50.9	8.1	99.9	26	18.4	99.9	99.8	99.9	99.9	99.8	99.4	-4.36694	-0.791197	152.742	3.13064	18.7865	120.801	
0.08	60.4	0	39.8	63	15.8	48.5	7.4	43.3	8.5	73.2	0	0	0	0	31.4	50.9	8.1	99.9	26	18.4	99.9	99.8	99.9	99.9	99.8	99.4	-4.36694	-0.791197	152.742	3.13064	18.7865	120.801	
0.09	60.4	0	39.8	63	15.8	48.5	7.4	43.3	8.5	73.2	0	0	0	0	31.4	50.9	8.1	99.9	26	18.4	99.9	99.8	99.9	99.9	99.8	99.4	-4.36694	-0.791197	152.742	3.13064	18.7865	120.801	
0.1	60.4	0	39.8	63	15.8	48.5	7.4	43.3	8.5	73.2	0	0	0	0	31.4	50.9	8.1	99.9	26	18.4	99.9	99.8	99.9	99.9	99.8	99.4	-4.36694	-0.791197	152.742	3.13064	18.7865	120.801	
0.11	60.4	0	39.8	63	15.8	48.5	7.4	43.3	8.5	73.2	0	0	0	0	31.4	50.9	8.1	99.9	26	18.4	99.9	99.8	99.9	99.9	99.8	99.4	-4.36694	-0.791197	152.742	3.13064	18.7865	120.801	
0.12	60.4	0	39.8	63	15.8	48.5	7.4	43.3	8.5	73.2	0	0	0	0	31.4	50.9	8.1	99.9	26	18.4	99.9	99.8	99.9	99.9	99.8	99.4	-4.36694	-0.791197	152.742	3.13064	18.7865	120.801	
0.13	60.4	0	39.8	63	15.8	48.5	7.4	43.3	8.5	73.2	0	0	0	0	31.4	50.9	8.1	99.9	26	18.4	99.9	99.8	99.9	99.9	99.8	99.4	-4.36694	-0.791197	152.742	3.13064	18.7865	120.801	
0.14	60.4	0	39.8	63	15.8	48.5	7.4	43.3	8.5	73.2	0	0	0	0	31.4	50.9	8.1	99.9	26	18.4	99.9	99.8	99.9	99.9	99.8	99.4	-4.36694	-0.791197	152.742	3.13064	18.7865	120.801	
0.15	60.4	0	39.8	63	15.8	48.5	7.4	43.3	8.5	73.2	0	0	0	0	31.4	50.9	8.1	99.9	26	18.4	99.9	99.8	99.9	99.9	99.8	99.4	-4.36694	-0.791197	152.742	3.13064	18.7865	120.801	
0.16	60.4	0	39.8	63	15.8	48.5	7.4	43.3	8.5	73.2	0	0	0	0	31.4	50.9	8.1	99.9	26	18.4	99.9	99.8	99.9	99.9	99.8	99.4	-4.36694	-0.791197	152.742	3.13064	18.7865	120.801	
0.171	60.4	0	39.8	63	15.8	48.5	7.4	43.3	8.5	73.2	0	0	0	0	31.4	50.9	8.1	99.9	26	18.4	99.9	99.8	99.9	99.9	99.8	99.4	-4.36694	-0.791197	152.742	3.13064	18.7865	120.801	
0.181	60.4	0	39.8	63	15.8	48.5	7.4	43.3	8.5	73.2	0	0	0	0	31.4	50.9	8.1	99.9	26	18.4	99.9	99.8	99.9	99.9	99.8	99.4	-4.36694	-0.791197	152.742	3.13064	18.7865	120.801	
0.191	60.4	0	39.8	63	15.8	48.5	7.4	43.3	8.5	73.2	0	0	0	0	31.4	50.9	8.1	99.9	26	18.4	99.9	99.8	99.9	99.9	99.8	99.4	-4.36694	-0.791197	152.742	3.13064	18.7865	120.801	
0.201	60.4	0	39.8	63	15.8	48.5	7.4	43.3	8.5	73.2	0	0	0	0	31.4	50.9	8.1	99.9	26	18.4	99.9	99.8	99.9	99.9	99.8	99.4	-4.36694	-0.791197	152.742	3.13064	18.7865	120.801	
0.211	60.4	0	39.8	63	15.8	48.5	7.4	43.3	8.5	73.2	0	0	0	0	31.4	50.9	8.1	99.9	26	18.4	99.9	99.8	99.9	99.9	99.8	99.4	-4.36694	-0.791197	152.742	3.13064	18.7865	120.801	
0.221	60.4	0	39.8	63	15.8	48.5	7.4	43.3	8.5	73.2	0	0	0	0	31.4	50.9	8.1	99.9	26	18.4	99.9	99.8	99.9	99.9	99.8	99.4	-4.36694	-0.791197	152.742	3.13064	18.7865	120.801	
0.231	60.4	0	39.8	63	15.8	48.5	7.4	43.3	8.5	73.2	0	0	0	0	31.4	50.9	8.1	99.9	26	18.4	99.9	99.8	99.9	99.9	99.8	99.4	-4.36694	-0.791197	152.742	3.13064	18.7865	120.801	
0.241	60.4	0	39.8	63	15.8	48.5	7.4	43.3	8.5	73.2	0	0	0	0	31.4	50.9	8.1	99.9	26	18.4	99.9	99.8	99.9	99.9	99.8	99.4	-4.36694	-0.791197	152.742	3.13064	18.7865	120.801	
0.251	60.4	0	39.8	63	15.8	48.5	7.4	43.3	8.5	73.2	0	0	0	0	31.4	50.9	8.1	99.9	26	18.4	99.9	99.8	99.9	99.9	99.8	99.4	-4.36694	-0.791197	152.742	3.13064	18.7865	120.801	
0.261	60.4	0	39.8	63	15.8	48.5	7.4	43.3	8.5	73.2	0	0	0	0	31.4	50.9	8.1	99.9	26	18.4	99.9	99.8	99.9	99.9	99.8	99.4	-4.36694	-0.791197	152.742	3.13064	18.7865	120.801	
0.271	60.4	0	39.8	63	15.8	48.5	7.4	43.3	8.5	73.2	0	0	0	0	31.4	50.9	8.1	99.9	26	18.4	99.9	99.8	99.9	99.9	99.8	99.4	-4.36694	-0.791197	152.742	3.13064	18.7865	120.801	
0.281	60.4	0	39.8	63	15.8	48.5	7.4	43.3	8.5	73.2	0	0	0	0	31.4	50.9	8.1	99.9	26	18.4	99.9	99.8	99.9	99.9	99.8	99.4	-4.36694	-0.791197	152.742	3.13064	18.7865	120.801	
0.29	60.4	0	39.8	63	15.8	48.5	7.4	43.3	8.5	73.2	0	0	0	0	31.4	50.9	8.1	99.9	26	18.4	99.9	99.8	99.9	99.9	99.8	99.4	-4.36694	-0.791197	152.742	3.13064	18.7865	120.801	
0.3	60.4	0	39.8	63	15.8	48.5	7.4	43.3	8.5	73.2	0	0	0	0	31.4	50.9	8.1	99.9	26	18.4	99.9	99.8	99.9	99.9	99.8	99.4	-4.36694	-0.791197	152.742	3.13064	18.7865	120.801	
0.31	60.4	0	39.8	63	15.8	48.5	7.4	43.3	8.5	73.2	0	0	0	0	31.4	50.9	8.1	99.9	26	18.4	99.9	99.8	99.9	99.9	99.8	99.4	-4.36694	-0.791197	152.742	3.13064	18.7865	120.801	
0.32	60.4	0	39.8	63	15.8	48.5	7.4	43.3	8.5	73.2	0	0	0	0	31.4	50.9	8.1	99.9	26	18.4	99.9	99.8	99.9	99.9	99.8	99.4	-4.36694	-0.791197	152.742	3.13064	18.7865	120.801	
0.33	58.8	0	40.3	61.4	16	46.9	7.4	42.5	8.2	73	0	0	0	0	31.3	50.2	8.7	99.9	26.9	20.6	99.9	98.8	99.4	99.8	99.9	99.9	-2.32366	-2.50543	153.023	5.47424	17.4607	121.738	
0.34	58.8	0	40.3	61.4	16	46.9	7.4	42.5	8.2	73	0	0	0	0	31.3	50.2	8.7	99.9	26.9	20.6	99.9	98.8	99.4	99.8	99.9	99.9	-2.32366	-2.50543	153.023	5.47424	17.4607	121.738	
0.35	58.8	0	40.3	61.4	16	46.9	7.4	42.5	8.2	73	0	0	0	0	31.3	50.2	8.7	99.9	26.9	20.6	99.9	98.8	99.4	99.8	99.9	99.9	-2.32366	-2.50543	153.023	5.47424	17.4607	121.738	
0.36	58.8	0	40.3	61.4	16	46.9	7.4	42.5	8.2	73	0	0	0	0	31.3	50.2	8.7	99.9	26.9	20.6	99.9	98.8	99.4	99.8	99.9	99.9	-2.32366	-2.50543	153.023	5.47424	17.4607	121.738	
0.37	58.8	0	40.3	61.4	16	46.9	7.4	42.5	8.2	73	0	0	0	0	31.3	50.2	8.7	99.9	26.9	20.6	99.9	98.8	99.4	99.8	99.9	99.9	-2.32366	-2.50543	153.023	5.47424	17.4607	121.738	
0.38	58.8	0	40.3	61.4	16	46.9	7.4	42.5	8.2	73	0	0	0	0	31.3	50.2	8.7	99.9	26.9	20.6	99.9	98.8	99.4	99.8	99.9	99.9	-2.32366	-2.50543	153.023	5.47424	17.4607	121.738	
0.39	58.8	0	40.3	61.4	16	46.9	7.4	42.5	8.2	73	0	0	0	0	31.3	50.2	8.7	99.9	26.9	20.6	99.9	98.8	99.4	99.8	99.9	99.9	-2.32366	-2.50543	153.023	5.47424	17.4607	121.738	
0.4	58.8	0	40.3	61.4	16	46.9	7.4	42.5	8.2	73	0	0	0	0	31.3	50.2	8.7	99.9	26.9	20.6	99.9	98.8	99.4	99.8	99.9	99.9	-2.32366	-2.50543	153.023	5.47424	17.4607	121.738	
0.41	58.8	0	40.3	61.4	16	46.9	7.4	42.5	8.2	73	0	0	0	0	31.3	50.2	8.7	99.9	26.9	20.6	99.9	98.8	99.4	99.8	99.9	99.9	-2.32366	-2.50543	153.023	5.47424	17.4607	121.738	
0.42	58.8	0	40.3	61.4	16	46.9	7.4	42.5	8.2	73	0	0	0	0	31.3	50.2	8.7	99.9	26.9	20.6	99.9	98.8	99.4	99.8	99.9	99.9	-2.32366	-2.50543	153.023	5.47424	17.4607	121.738	
0.43	58.8	0	40.3	61.4	16	46.9	7.4	42.5	8.2	73	0	0	0	0	31.3	50.2	8.7	99.9	26.9	20.6	99.9	98.8	99.4	99.8	99.9	99.9	-2.32366	-2.50543	153.023	5.47424	17.4607	121.738	
0.44	58.8	0	40.3	61.4	16	46.9	7.4	42.5	8.2	73	0	0	0	0	31.3	50.2	8.7	99.9	26.9	20.6	99.9	98.8	99.4	99.8	99.9	99.9	-2.32366	-2.50543	153.023	5.47424	17.4607	121.738	
0.45	58.8	0	40.3	61.4	16	46.9	7.4	42.5	8.2	73	0	0	0	0	31.3	50.2	8.7	99.9	26.9	20.6	99.9	98.8	99.4	99.8	99.9	99.9	-2.32366	-2.50543	153.023	5.47424	17.4607	121.738	
0.46	58.8	0	40.3	61.4	16	46.9	7.4	42.5	8.2	73	0	0	0	0	31.3	50.2	8.7	99.9	26.9	20.6	99.9	98.8	99.4	99.8	99.9	99.9	-2.32366	-2.50543	153.023	5.47424	17.4607	121.738	
0.47	58.8	0	40.3	61.4	16	46.9	7.4	42.5	8.2	73	0	0	0	0	31.3	50.2	8.7	99.9	26.9	20.6	99.9	98.8	99.4	99.8	99.9	99.9	-2.32366	-2.50543	153.023	5.47424	17.4607	121.738	
0.48	58.8	0	40.3	61.4	16	46.9	7.4	42.5	8.2	73	0	0	0	0	31.3	50.2	8.7	99.9	26.9	20.6	99.9	98.8	99.4	99.8	99.9	99.9	-2.32366	-2.50543	153.023	5.47424	17.4607	121.738	
0.49	58.8	0	40.3	61.4	16	46.9	7.4	42.5	8.2	73	0	0	0	0	31.3	50.2	8.7	99.9	26.9	20.6	99.9	98.8	99.4	99.8	99.9	99.9	-2.32366	-2.50543	153.023	5.47424	17.4607	121.738	
0.5	58.8	0	40.3	61.4	16	46.9	7.4	42.5	8.2	73	0	0	0	0	31.3	50.2	8.7	99.9	26.9	20.6	99.9	98.8	99.4	99.8	99.9	99.9	-2.32366	-2.50543	153.023	5.47424	17.4607	121.738	
0.51	58.8	0	40.3	61.4	16	46.9	7.4	42.5	8.2	73	0	0	0	0	31.3	50.2	8.7	99.9	26.9	20.6	99.9	98.8	99.4	99.8	99.9	99.9	-2.32366	-2.50543	153.023	5.47424	17.4607	121.738	
0.52	58.8	0	40.3	61.4	16	46.9	7.4	42.5	8.2	73	0	0	0	0	31.3	50.2	8.7	99.9	26.9	20.6	99.9	98.8	99.4	99.8	99.9	99.9	-2.32366	-2.50543	153.023	5.47424	17.4607	121.738	
0.53	58.8	0	40.3	61.4	16	46.9	7.4	42.5	8.2	73	0	0	0	0	31.3	50.2	8.7	99.9	26.9	20.6	99.9	98.8	99.4	99.8	99.9	99.9	-2.32366	-2.50543	153.023	5.47424	17.4607	121.738	
0.54	58.8	0	40.3	61.4	16	46.9	7.4	42.5	8.2	73	0	0	0	0	31.3	50.2	8.7	99.9	26.9	20.6	99.9	98.8	99.4	99.8	99.9	99.9	-2.32366	-2.50543	153.023	5.47424	17.4607	121.738	
0.55	58.8	0	40.3	61.4	16	46.9	7.4	42.5	8.2	73	0	0	0	0	31.3	50.2	8.7	99.9	26.9	20.6	99.9	98.8	99.4	99.8	99.9	99.9	-2.32366	-2.50543	153.023	5.47424	17.4607	121.738	
0.56	58.8	0	40.3	61.4	16	46.9	7.4	42.5	8.2	73	0	0	0	0	31.3	50.2	8.7	99.9	26.9	20.6	99.9	98.8	99.4	99.8	99.9	99.9	-2.32366	-2.50543	153.023	5.47424	17.4607	121.738	
0.57	58.8	0	40.3	61.4	16	46.9	7.4	42.5	8.2	73	0	0	0	0	31.3	50.2	8.7	99.9	26.9	20.6	99.9	98.8	99.4	99.8	99.9	99.9	-2.32366	-2.50543	153.023	5.47424	17.4607	121.738	
0.58	58.8	0	40.3	61.4	16	46.9	7.4	42.5	8.2	73	0	0	0	0	31.3	50.2	8.7	99.9	26.9	20.6	99.9	98.8	99.4	99.8	99.9	99.9	-2.32366	-2.50543	153.023	5.47424	17.4607	121.738	
0.59	58.8	0	40.3	61.4	16	46.9	7.4	42.5	8.2	73	0	0	0	0	31.3	50.2	8.7	99.9	26.9	20.6	99.9	98.8	99.4	99.8	99.9	99.9	-2.32366	-2.50543	153.023	5.47424	17.4607	121.738	
0.6	58.8	0	40.3	61.4	16	46.9	7.4	42.5	8.2	73	0	0	0	0	31.3	50.2	8.7	99.9	26.9	20.6	99.9	98.8	99.4	99.8	99.9	99.9	-2.32366	-2.50543	153.023	5.47424	17.4607	121.738	
0.61	58.8	0	40.3	61.4	16	46.9	7.4	42.5	8.2	73	0	0	0	0	31.3	50.2	8.7	99.9	26.9	20.6	99.9	98.8	99.4	99.8	99.9	99.9	-2.32366	-2.50543	153.023	5.47424	17.4607	121.738	
0.62	58.8	0	40.3	61.4	16	46.9	7.4	42.5	8.2	73	0	0	0	0	31.3	50.2	8.7	99.9	26.9	20.6	99.9	98.8	99.4	99.8	99.9	99.9	-2.32366	-2.50543	153.023	5.47424	17.4607	121.738	
0.63	58.8	0	40.3	61.4	16	46.9	7.4	42.5	8.2	73	0	0	0	0	31.3	50.2	8.7	99.9	26.9	20.6	99.9	98.8	99.4	99.8	99.9	99.9	-2.32366	-2.50543	153.023	5.47424	17.4607	121.738	
0.64	58.8	0	40.3	61.4	16	46.9	7.4	42.5	8.2	73	0	0	0	0	31.3	50.2	8.7	99.9	26.9	20.6	99.9	98.8	99.4	99.8	99.9	99.9	-2.32366	-2.50543	153.023	5.47424	17.4607	121.738	
0.65	58.8	0	40.3	61.4	16	46.9	7.4	42.5	8.2	73	0	0	0	0	31.3	50.2	8.7	99.9	26.9	20.6	99.9	98.8	99.4	99.8	99.9	99.9	-2.32366	-2.50543	153.023	5.47424	17.4607	121.738	
0.66	58.8	0	40.3	61.4	16	46.9	7.4	42.5	8.2	73	0	0	0	0	31.3	50.2	8.7	99.9	26.9	20.6	99.9	98.8	99.4	99.8	99.9	99.9	-2.32366	-2.50543	153.023	5.47424	17.4607	121.738	
0.67	58.8	0	40.3	61.4	16	46.9	7.4	42.5	8.2	73	0	0	0	0	31.3	50.2	8.7	99.9	26.9	20.6	99.9	98.8	99.4	99.8	99.9	99.9	-2.32366	-2.50543	153.023	5.47424	17.4607	121.738	
0.68	58.8	0	40.3	61.4	16	46.9	7.4	42.5	8.2	73	0	0	0	0	31.3	50.2	8.7	99.9	26.9	20.6	99.9	98.8	99.4	99.8	99.9	99.9	-2.32366	-2.50543	153.023	5.47424	17.4607	121.738	
0.69	58.8	0	40.3	61.4	16	46.9	7.4	42.5	8.2	73	0	0	0	0	31.3	50.2	8.7	99.9	26.9	20.6	99.9	98.8	99.4	99.8	99.9	99.9	-2.32366	-2.50543	153.023	5.47424	17.4607	121.738	
0.7	58.1	0	43.7	55.1	16	45.1	7.5	39.8	8	71.7	0	0	0	0	30.9	49.1	8.5	99.9	23.1	19.7	99.9	99.8	99.8	99.5	99.3	99.4	-4.82951	-2.83607	152.548	2.76228	18.1931	120.362	
0.71	58.1	0	43.7	55.1	16	45.1	7.5	39.8	8	71.7	0	0	0	0	30.9	49.1	8.5	99.9	23.1	19.7	99.9	99.8	99.8	99.5	99.3	99.4	-4.82951	-2.83607	152.548	2.76228	18.1931	120.362	
0.72	58.1	0	43.7	55.1	16	45.1	7.5	39.8	8	71.7	0	0	0	0	30.9	49.1	8.5	99.9	23.1	19.7	99.9	99.8	99.8	99.5	99.3	99.4	-4.82951	-2.83607	152.548	2.76228	18.1931	120.362	
0.73	58.1	0	43.7	55.1	16	45.1	7.5	39.8	8	71.7	0	0	0	0	30.9	49.1	8.5	99.9	23.1	19.7	99.9	99.8	99.8	99.5	99.3	99.4	-4.82951	-2.83607	152.548	2.76228	18.1931	120.362	
0.74	58.1	0	43.7	55.1	16	45.1	7.5	39.8	8	71.7	0	0	0	0	30.9	49.1	8.5	99.9	23.1	19.7	99.9	99.8	99.8	99.5	99.3	99.4	-4.82951	-2.83607	152.548	2.76228	18.1931	120.362	
0.75	58.1	0	43.7	55.1	16	45.1	7.5	39.8	8	71.7	0	0	0	0	30.9	49.1	8.5	99.9	23.1	19.7	99.9	99.8	99.8	99.5	99.3	99.4	-4.82951	-2.83607	152.548	2.76228	18.1931	120.362	
0.76	58.1	0	43.7	55.1	16	45.1	7.5	39.8	8	71.7	0	0	0	0	30.9	49.1	8.5	99.9	23.1	19.7	99.9	99.8	99.8	99.5	99.3	99.4	-4.82951	-2.83607	152.548	2.76228	18.1931	120.362	
0.77	58.1	0	43.7	55.1	16	45.1	7.5	39.8	8	71.7	0	0	0	0	30.9	49.1	8.5	99.9	23.1	19.7	99.9	99.8	99.8	99.5	99.3	99.4	-4.82951	-2.83607	152.548	2.76228	18.1931	120.362	
0.78	58.1	0	43.7	55.1	16	45.1	7.5	39.8	8	71.7	0	0	0	0	30.9	49.1	8.5	99.9	23.1	19.7	99.9	99.8	99.8	99.5	99.3	99.4	-4.82951	-2.83607	152.548	2.76228	18.1931	120.362	
0.79	58.1	0	43.7	55.1	16	45.1	7.5	39.8	8	71.7	0	0	0	0	30.9	49.1	8.5	99.9	23.1	19.7	99.9	99.8	99.8	99.5	99.3	99.4	-4.82951	-2.83607	152.548	2.76228	18.1931	120.362	
0.8	58.1	0	43.7	55.1	16	45.1	7.5	39.8	8	71.7	0	0	0	0	30.9	49.1	8.5	99.9	23.1	19.7	99.9	99.8	99.8	99.5	99.3	99.4	-4.82951	-2.83607	152.548	2.76228	18.1931	120.362	
0.81	58.1	0	43.7	55.1	16	45.1	7.5	39.8	8	71.7	0	0	0	0	30.9	49.1	8.5	99.9	23.1	19.7	99.9	99.8	99.8	99.5	99.3	99.4	-4.82951	-2.83607	152.548	2.76228	18.1931	120.362	
0.82	58.1	0	43.7	55.1	16	45.1	7.5	39.8	8	71.7	0	0	0	0	30.9	49.1	8.5	99.9	23.1	19.7	99.9	99.8	99.8	99.5	99.3	99.4	-4.82951	-2.83607	152.548	2.76228	18.1931	120.362	
0.83	58.1	0	43.7	55.1	16	45.1	7.5	39.8	8	71.7	0	0	0	0	30.9	49.1	8.5	99.9	23.1	19.7	99.9	99.8	99.8	99.5	99.3	99.4	-4.82951	-2.83607	152.548	2.76228	18.1931	120.362	
0.84	58.1	0	43.7	55.1	16	45.1	7.5	39.8	8	71.7	0	0	0	0	30.9	49.1	8.5	99.9	23.1	19.7	99.9	99.8	99.8	99.5	99.3	99.4	-4.82951	-2.83607	152.548	2.76228	18.1931	120.362	
0.85	58.1	0	43.7	55.1	16	45.1	7.5	39.8	8	71.7	0	0	0	0	30.9	49.1	8.5	99.9	23.1	19.7	99.9	99.8	99.8	99.5	99.3	99.4	-4.82951	-2.83607	152.548	2.76228	18.1931	120.362	
0.86	58.1	0	43.7	55.1	16	45.1	7.5	39.8	8	71.7	0	0	0	0	30.9	49.1	8.5	99.9	23.1	19.7	99.9	99.8	99.8	99.5	99.3	99.4	-4.82951	-2.83607	152.548	2.76228	18.1931	120.362	
0.87	58.1	0	43.7	55.1	16	45.1	7.5	39.8	8	71.7	0	0	0	0	30.9	49.1	8.5	99.9	23.1	19.7	99.9	99.8	99.8	99.5	99.3	99.4	-4.82951	-2.83607	152.548	2.76228	18.1931	120.362	
0.88	58.1	0	43.7	55.1	16	45.1	7.5	39.8	8	71.7	0	0	0	0	30.9	49.1	8.5	99.9	23.1	19.7	99.9	99.8	99.8	99.5	99.3	99.4	-4.82951	-2.83607	152.548	2.76228	18.1931	120.362	
0.89	58.1	0	43.7	55.1	16	45.1	7.5	39.8	8	71.7	0	0	0	0	30.9	49.1	8.5	99.9	23.1	19.7	99.9	99.8	99.8	99.5	99.3	99.4	-4.82951	-2.83607	152.548	2.76228	18.1931	120.362	
0.9	58.1	0	43.7	55.1	16	45.1	7.5	39.8	8	71.7	0	0	0	0	30.9	49.1	8.5	99.9	23.1	19.7	99.9	99.8	99.8	99.5	99.3	99.4	-4.82951	-2.83607	152.548	2.76228	18.1931	120.362	
0.91	58.1	0	43.7	55.1	16	45.1	7.5	39.8	8	71.7	0	0	0	0	30.9	49.1	8.5	99.9	23.1	19.7	99.9	99.8	99.8	99.5	99.3	99.4	-4.82951	-2.83607	152.548	2.76228	18.1931	120.362	
0.92	58.1	0	43.7	55.1	16	45.1	7.5	39.8	8	71.7	0	0	0	0	30.9	49.1	8.5	99.9	23.1	19.7	99.9	99.8	99.8	99.5	99.3	99.4	-4.82951	-2.83607	152.548	2.76228	18.1931	120.362	
0.93	58.1	0	43.7	55.1	16	45.1	7.5	39.8	8	71.7	0	0	0	0	30.9	49.1	8.5	99.9	23.1	19.7	99.9	99.8	99.8	99.5	99.3	99.4	-4.82951	-2.83607	152.548	2.76228	18.1931	120.362	
0.94	58.1	0	43.7	55.1	16	45.1	7.5	39.8	8	71.7	0	0	0	0	30.9	49.1	8.5	99.9	23.1	19.7	99.9	99.8	99.8	99.5	99.3	99.4	-4.82951	-2.83607	152.548	2.76228	18.1931	120.362	
0.95	58.1	0	43.7	55.1	16	45.1	7.5	39.8	8	71.7	0	0	0	0	30.9	49.1	8.5	99.9	23.1	19.7	99.9	99.8	99.8	99.5	99.3	99.4	-4.82951	-2.83607	152.548	2.76228	18.1931	120.362	
0.96	58.1	0	43.7	55.1	16	45.1	7.5	39.8	8	71.7	0	0	0	0	30.9	49.1	8.5	99.9	23.1	19.7	99.9	99.8	99.8	99.5	99.3	99.4	-4.82951	-2.83607	152.548	2.76228	18.1931	120.362	
0.97	58.1	0	43.7	55.1	16	45.1	7.5	39.8	8	71.7	0	0	0	0	30.9	49.1	8.5	99.9	23.1	19.7	99.9	99.8	99.8	99.5	99.3	99.4	-4.82951	-2.83607	152.548	2.76228	18.1931	120.362	
0.98	58.1	0	43.7	55.1	16	45.1	7.5	39.8	8	71.7	0	0	0	0	30.9	49.1	8.5	99.9	23.1	19.7	99.9	99.8	99.8	99.5	99.3	99.4	-4.82951	-2.83607	152.548	2.76228	18.1931	120.362	
0.99	58.1	0	43.7	55.1	16	45.1	7.5	39.8	8	71.7	0	0	0	0	30.9	49.1	8.5	99.9	23.1	19.7	99.9	99.8	99.8	99.5	99.3	99.4	-4.82951	-2.83607	152.548	2.76228	18.1931	120.362	
1	58.1	0	43.7	55.1	16	45.1	7.5	39.8	8	71.7	0	0	0	0	30.9	49.1	8.5	99.9	23.1	19.7	99.9	99.8	99.8	99.5	99.3	99.4	-4.82951	-2.83607	152.548	2.76228	18.1931	120.362	
1.01	58.1	0	43.7	55.1	16	45.1	7.5	39.8	8	71.7	0	0	0	0	30.9	49.1	8.5	99.9	23.1	19.7	99.9	99.8	99.8	99.5	99.3	99.4	-4.82951	-2.83607	152.548	2.76228	18.1931	120.362	
1.02	58.1	0	43.7	55.1	16	45.1	7.5	39.8	8	71.7	0	0	0	0	30.9	49.1	8.5	99.9	23.1	19.7	99.9	99.8	99.8	99.5	99.3	99.4	-4.82951	-2.83607	152.548	2.76228	18.1931	120.362	
1.03	58.1	0	43.7	55.1	16	45.1	7.5	39.8	8	71.7	0	0	0	0	30.9	49.1	8.5	99.9	23.1	19.7	99.9	99.8	99.8	99.5	99.3	99.4	-4.82951	-2.83607	152.548	2.76228	18.1931	120.362	
1.04	58.1	0	43.7	55.1	16	45.1	7.5	39.8	8	71.7	0	0	0	0	30.9	49.1	8.5	99.9	23.1	19.7	99.9	99.8	99.8	99.5	99.3	99.4	-4.82951	-2.83607	152.548	2.76228	18.1931	120.362	
1.05	58.1	0	43.7	55.1	16	45.1	7.5	39.8	8	71.7	0	0	0	0	30.9	49.1	8.5	99.9	23.1	19.7	99.9	99.8	99.8	99.5	99.3	99.4	-4.82951	-2.83607	152.548	2.76228	18.1931	120.362	
1.06	58.1	0	44.3	54.1	15.9	45.1	7.5	39.7	7.9	71.5	0	0	0	0	30.7	48.9	8.5	99.9	23	19.9	99.9	99.9	99.9	99.9	99.6	99.4	-3.94294	-2.44896	152.514	4.86572	17.8191	121.025	
1.07	57.6	0	48.9	49.4	16.2	43.6	7.5	39.3	7.6	71.3	0	0	0	0	30.4	48.1	8.6	99.9	20.9	20.6	99.9	99.1	99.9	99.9	99.9	99.9	-0.833314	-2.29857	152.724	7.58861	17.2402	121.875	
1.08	57.6	0	48.9	49.4	16.2	43.6	7.5	39.3	7.6	71.3	0	0	0	0	30.4	48.1	8.6	99.9	20.9	20.6	99.9	99.1	99.9	99.9	99.9	99.9	-0.833314	-2.29857	152.724	7.58861	17.2402	121.875	
1.09	57.6	0	48.9	49.4	16.2	43.6	7.5	39.3	7.6	71.3	0	0	0	0	30.4	48.1	8.6	99.9	20.9	20.6	99.9	99.1	99.9	99.9	99.9	99.9	-0.833314	-2.29857	152.724	7.58861	17.2402	121.875	
1.1	57.6	0	48.9	49.4	16.2	43.6	7.5	39.3	7.6	71.3	0	0	0	0	30.4	48.1	8.6	99.9	20.9	20.6	99.9	99.1	99.9	99.9	99.9	99.9	-0.833314	-2.29857	152.724	7.58861	17.2402	121.875	
1.11	57.6	0	48.9	49.4	16.2	43.6	7.5	39.3	7.6	71.3	0	0	0	0	30.4	48.1	8.6	99.9	20.9	20.6	99.9	99.1	99.9	99.9	99.9	99.9	-0.833314	-2.29857	152.724	7.58861	17.2402	121.875	
1.12	57.6	0	48.9	49.4	16.2	43.6	7.5	39.3	7.6	71.3	0	0	0	0	30.4	48.1	8.6	99.9	20.9	20.6	99.9	99.1	99.9	99.9	99.9	99.9	-0.833314	-2.29857	152.724	7.58861	17.2402	121.875	
1.13	57.6	0	48.9	49.4	16.2	43.6	7.5	39.3	7.6	71.3	0	0	0	0	30.4	48.1	8.6	99.9	20.9	20.6	99.9	99.1	99.9	99.9	99.9	99.9	-0.833314	-2.29857	152.724	7.58861	17.2402	121.875	
1.14	57.6	0	48.9	49.4	16.2	43.6	7.5	39.3	7.6	71.3	0	0	0	0	30.4	48.1	8.6	99.9	20.9	20.6	99.9	99.1	99.9	99.9	99.9	99.9	-0.833314	-2.29857	152.724	7.58861	17.2402	121.875	
1.15	57.6	0	48.9	49.4	16.2	43.6	7.5	39.3	7.6	71.3	0	0	0	0	30.4	48.1	8.6	99.9	20.9	20.6	99.9	99.1	99.9	99.9	99.9	99.9	-0.833314	-2.29857	152.724	7.58861	17.2402	121.875	
1.16	57.6	0	48.9	49.4	16.2	43.6	7.5	39.3	7.6	71.3	0	0	0	0	30.4	48.1	8.6	99.9	20.9	20.6	99.9	99.1	99.9	99.9	99.9	99.9	-0.833314	-2.29857	152.724	7.58861	17.2402	121.875	
1.17	57.6	0	48.9	49.4	16.2	43.6	7.5	39.3	7.6	71.3	0	0	0	0	30.4	48.1	8.6	99.9	20.9	20.6	99.9	99.1	99.9	99.9	99.9	99.9	-0.833314	-2.29857	152.724	7.58861	17.2402	121.875	
1.18	57.6	0	48.9	49.4	16.2	43.6	7.5	39.3	7.6	71.3	0	0	0	0	30.4	48.1	8.6	99.9	20.9	20.6	99.9	99.1	99.9	99.9	99.9	99.9	-0.833314	-2.29857	152.724	7.58861	17.2402	121.875	
1.19	57.6	0	48.9	49.4	16.2	43.6	7.5	39.3	7.6	71.3	0	0	0	0	30.4	48.1	8.6	99.9	20.9	20.6	99.9	99.1	99.9	99.9	99.9	99.9	-0.833314	-2.29857	152.724	7.58861	17.2402	121.875	
1.2	57.6	0	48.9	49.4	16.2	43.6	7.5	39.3	7.6	71.3	0	0	0	0	30.4	48.1	8.6	99.9	20.9	20.6	99.9	99.1	99.9	99.9	99.9	99.9	-0.833314	-2.29857	152.724	7.58861	17.2402	121.875	
1.21	57.6	0	48.9	49.4	16.2	43.6	7.5	39.3	7.6	71.3	0	0	0	0	30.4	48.1	8.6	99.9	20.9	20.6	99.9	99.1	99.9	99.9	99.9	99.9	-0.833314	-2.29857	152.724	7.58861	17.2402	121.875	
1.22	57.6	0	48.9	49.4	16.2	43.6	7.5	39.3	7.6	71.3	0	0	0	0	30.4	48.1	8.6	99.9	20.9	20.6	99.9	99.1	99.9	99.9	99.9	99.9	-0.833314	-2.29857	152.724	7.58861	17.2402	121.875	
1.23	57.6	0	48.9	49.4	16.2	43.6	7.5	39.3	7.6	71.3	0	0	0	0	30.4	48.1	8.6	99.9	20.9	20.6	99.9	99.1	99.9	99.9	99.9	99.9	-0.833314	-2.29857	152.724	7.58861	17.2402	121.875	
1.24	57.6	0	48.9	49.4	16.2	43.6	7.5	39.3	7.6	71.3	0	0	0	0	30.4	48.1	8.6	99.9	20.9	20.6	99.9	99.1	99.9	99.9	99.9	99.9	-0.833314	-2.29857	152.724	7.58861	17.2402	121.875	
1.25	57.6	0	48.9	49.4	16.2	43.6	7.5	39.3	7.6	71.3	0	0	0	0	30.4	48.1	8.6	99.9	20.9	20.6	99.9	99.1	99.9	99.9	99.9	99.9	-0.833314	-2.29857	152.724	7.58861	17.2402	121.875	
1.26	57.6	0	48.9	49.4	16.2	43.6	7.5	39.3	7.6	71.3	0	0	0	0	30.4	48.1	8.6	99.9	20.9	20.6	99.9	99.1	99.9	99.9	99.9	99.9	-0.833314	-2.29857	152.724	7.58861	17.2402	121.875	
1.27	57.6	0	48.9	49.4	16.2	43.6	7.5	39.3	7.6	71.3	0	0	0	0	30.4	48.1	8.6	99.9	20.9	20.6	99.9	99.1	99.9	99.9	99.9	99.9	-0.833314	-2.29857	152.724	7.58861	17.2402	121.875	
1.28	57.6	0	48.9	49.4	16.2	43.6	7.5	39.3	7.6	71.3	0	0	0	0	30.4	48.1	8.6	99.9	20.9	20.6	99.9	99.1	99.9	99.9	99.9	99.9	-0.833314	-2.29857	152.724	7.58861	17.2402	121.875	
1.29	57.6	0	48.9	49.4	16.2	43.6	7.5	39.3	7.6	71.3	0	0	0	0	30.4	48.1	8.6	99.9	20.9	20.6	99.9	99.1	99.9	99.9	99.9	99.9	-0.833314	-2.29857	152.724	7.58861	17.2402	121.875	
1.3	57.6	0	48.9	49.4	16.2	43.6	7.5	39.3	7.6	71.3	0	0	0	0	30.4	48.1	8.6	99.9	20.9	20.6	99.9	99.1	99.9	99.9	99.9	99.9	-0.833314	-2.29857	152.724	7.58861	17.2402	121.875	
1.31	57.6	0	48.9	49.4	16.2	43.6	7.5	39.3	7.6	71.3	0	0	0	0	30.4	48.1	8.6	99.9	20.9	20.6	99.9	99.1	99.9	99.9	99.9	99.9	-0.833314	-2.29857	152.724	7.58861	17.2402	121.875	
1.32	57.6	0	48.9	49.4	16.2	43.6	7.5	39.3	7.6	71.3	0	0	0	0	30.4	48.1	8.6	99.9	20.9	20.6	99.9	99.1	99.9	99.9	99.9	99.9	-0.833314	-2.29857	152.724	7.58861	17.2402	121.875	
1.33	57.6	0	48.9	49.4	16.2	43.6	7.5	39.3	7.6	71.3	0	0	0	0	30.4	48.1	8.6	99.9	20.9	20.6	99.9	99.1	99.9	99.9	99.9	99.9	-0.833314	-2.29857	152.724	7.58861	17.2402	121.875	
1.34	57.6	0	48.9	49.4	16.2	43.6	7.5	39.3	7.6	71.3	0	0	0	0	30.4	48.1	8.6	99.9	20.9	20.6	99.9	99.1	99.9	99.9	99.9	99.9	-0.833314	-2.29857	152.724	7.58861	17.2402	121.875	
1.35	57.6	0	48.9	49.4	16.2	43.6	7.5	39.3	7.6	71.3	0	0	0	0	30.4	48.1	8.6	99.9	20.9	20.6	99.9	99.1	99.9	99.9	99.9	99.9	-0.833314	-2.29857	152.724	7.58861	17.2402	121.875	
1.36	57.6	0	48.9	49.4	16.2	43.6	7.5	39.3	7.6	71.3	0	0	0	0	30.4	48.1	8.6	99.9	20.9	20.6	99.9	99.1	99.9	99.9	99.9	99.9	-0.833314	-2.29857	152.724	7.58861	17.2402	121.875	
1.37	57.6	0	48.9	49.4	16.2	43.6	7.5	39.3	7.6	71.3	0	0	0	0	30.4	48.1	8.6	99.9	20.9	20.6	99.9	99.1	99.9	99.9	99.9	99.9	-0.833314	-2.29857	152.724	7.58861	17.2402	121.875	
1.38	57.6	0	48.9	49.4	16.2	43.6	7.5	39.3	7.6	71.3	0	0	0	0	30.4	48.1	8.6	99.9	20.9	20.6	99.9	99.1	99.9	99.9	99.9	99.9	-0.833314	-2.29857	152.724	7.58861	17.2402	121.875	
1.39	57.6	0	48.9	49.4	16.2	43.6	7.5	39.3	7.6	71.3	0	0	0	0	30.4	48.1	8.6	99.9	20.9	20.6	99.9	99.1	99.9	99.9	99.9	99.9	-0.833314	-2.29857	152.724	7.58861	17.2402	121.875	
1.4	57.6	0	48.9	49.4	16.2	43.6	7.5	39.3	7.6	71.3	0	0	0	0	30.4	48.1	8.6	99.9	20.9	20.6	99.9	99.1	99.9	99.9	99.9	99.9	-0.833314	-2.29857	152.724	7.58861	17.2402	121.875	
1.41	57.6	0	48.9	49.4	16.2	43.6	7.5	39.3	7.6	71.3	0	0	0	0	30.4	48.1	8.6	99.9	20.9	20.6	99.9	99.1	99.9	99.9	99.9	99.9	-0.833314	-2.29857	152.724	7.58861	17.2402	121.875	
1.42	57.6	0	48.9	49.4	16.2	43.6	7.5	39.3	7.6	71.3	0	0	0	0	30.4	48.1	8.6	99.9	20.9	20.6	99.9	99.1	99.9	99.9	99.9	99.9	-0.833314	-2.29857	152.724	7.58861	17.2402	121.875	
1.43	57.6	0	48.9	49.4	16.2	43.6	7.5	39.3	7.6	71.3	0	0	0	0	30.4	48.1	8.6	99.9	20.9	20.6	99.9	99.1	99.9	99.9	99.9	99.9	-0.833314	-2.29857	152.724	7.58861	17.2402	121.875	
1.44	57.1	0	50	48.6	16.4	43	7.5	38.9	7.6	71.1	0	0.5	0	0.25	30.2	47.9	9.4	99.9	20.7	20.8	99.9	99.2	99.4	99.4	99.4	99.9	-1.87257	-2.98526	152.465	5.6137	16.9558	120.927	
1.45	57.1	0	50	48.6	16.4	43	7.5	38.9	7.6	71.1	0	0.5	0	0.25	30.2	47.9	9.4	99.9	20.7	20.8	99.9	99.2	99.4	99.4	99.4	99.9	-1.87257	-2.98526	152.465	5.6137	16.9558	120.927	
1.46	57.1	0	50	48.6	16.4	43	7.5	38.9	7.6	71.1	0	0.5	0	0.25	30.2	47.9	9.4	99.9	20.7	20.8	99.9	99.2	99.4	99.4	99.4	99.9	-1.87257	-2.98526	152.465	5.6137	16.9558	120.927	
1.47	57.1	0	50	48.6	16.4	43	7.5	38.9	7.6	71.1	0	0.5	0	0.25	30.2	47.9	9.4	99.9	20.7	20.8	99.9	99.2	99.4	99.4	99.4	99.9	-1.87257	-2.98526	152.465	5.6137	16.9558	120.927	
1.48	57.1	0	50	48.6	16.4	43	7.5	38.9	7.6	71.1	0	0.5	0	0.25	30.2	47.9	9.4	99.9	20.7	20.8	99.9	99.2	99.4	99.4	99.4	99.9	-1.87257	-2.98526	152.465	5.6137	16.9558	120.927	
1.49	57.1	0	50	48.6	16.4	43	7.5	38.9	7.6	71.1	0	0.5	0	0.25	30.2	47.9	9.4	99.9	20.7	20.8	99.9	99.2	99.4	99.4	99.4	99.9	-1.87257	-2.98526	152.465	5.6137	16.9558	120.927	
1.5	57.1	0	50	48.6	16.4	43	7.5	38.9	7.6	71.1	0	0.5	0	0.25	30.2	47.9	9.4	99.9	20.7	20.8	99.9	99.2	99.4	99.4	99.4	99.9	-1.87257	-2.98526	152.465	5.6137	16.9558	120.927	
1.51	57.1	0	50	48.6	16.4	43	7.5	38.9	7.6	71.1	0	0.5	0	0.25	30.2	47.9	9.4	99.9	20.7	20.8	99.9	99.2	99.4	99.4	99.4	99.9	-1.87257	-2.98526	152.465	5.6137	16.9558	120.927	
1.52	57.1	0	50	48.6	16.4	43	7.5	38.9	7.6	71.1	0	0.5	0	0.25	30.2	47.9	9.4	99.9	20.7	20.8	99.9	99.2	99.4	99.4	99.4	99.9	-1.87257	-2.98526	152.465	5.6137	16.9558	120.927	
1.53	57.1	0	50	48.6	16.4	43	7.5	38.9	7.6	71.1	0	0.5	0	0.25	30.2	47.9	9.4	99.9	20.7	20.8	99.9	99.2	99.4	99.4	99.4	99.9	-1.87257	-2.98526	152.465	5.6137	16.9558	120.927	
1.54	57.1	0	50	48.6	16.4	43	7.5	38.9	7.6	71.1	0	0.5	0	0.25	30.2	47.9	9.4	99.9	20.7	20.8	99.9	99.2	99.4	99.4	99.4	99.9	-1.87257	-2.98526	152.465	5.6137	16.9558	120.927	
1.55	57.1	0	50	48.6	16.4	43	7.5	38.9	7.6	71.1	0	0.5	0	0.25	30.2	47.9	9.4	99.9	20.7	20.8	99.9	99.2	99.4	99.4	99.4	99.9	-1.87257	-2.98526	152.465	5.6137	16.9558	120.927	
1.56	57.1	0	50	48.6	16.4	43	7.5	38.9	7.6	71.1	0	0.5	0	0.25	30.2	47.9	9.4	99.9	20.7	20.8	99.9	99.2	99.4	99.4	99.4	99.9	-1.87257	-2.98526	152.465	5.6137	16.9558	120.927	
1.57	57.1	0	50	48.6	16.4	43	7.5	38.9	7.6	71.1	0	0.5	0	0.25	30.2	47.9	9.4	99.9	20.7	20.8	99.9	99.2	99.4	99.4	99.4	99.9	-1.87257	-2.98526	152.465	5.6137	16.9558	120.927	
1.58	57.1	0	50	48.6	16.4	43	7.5	38.9	7.6	71.1	0	0.5	0	0.25	30.2	47.9	9.4	99.9	20.7	20.8	99.9	99.2	99.4	99.4	99.4	99.9	-1.87257	-2.98526	152.465	5.6137	16.9558	120.927	
1.59	57.1	0	50	48.6	16.4	43	7.5	38.9	7.6	71.1	0	0.5	0	0.25	30.2	47.9	9.4	99.9	20.7	20.8	99.9	99.2	99.4	99.4	99.4	99.9	-1.87257	-2.98526	152.465	5.6137	16.9558	120.927	
1.6	57.1	0	50	48.6	16.4	43	7.5	38.9	7.6	71.1	0	0.5	0	0.25	30.2	47.9	9.4	99.9	20.7	20.8	99.9	99.2	99.4	99.4	99.4	99.9	-1.87257	-2.98526	152.465	5.6137	16.9558	120.927	
1.61	57.1	0	50	48.6	16.4	43	7.5	38.9	7.6	71.1	0	0.5	0	0.25	30.2	47.9	9.4	99.9	20.7	20.8	99.9	99.2	99.4	99.4	99.4	99.9	-1.87257	-2.98526	152.465	5.6137	16.9558	120.927	
1.62	57.1	0	50	48.6	16.4	43	7.5	38.9	7.6	71.1	0	0.5	0	0.25	30.2	47.9	9.4	99.9	20.7	20.8	99.9	99.2	99.4	99.4	99.4	99.9	-1.87257	-2.98526	152.465	5.6137	16.9558	120.927	
1.63	57.1	0	50	48.6	16.4	43	7.5	38.9	7.6	71.1	0	0.5	0	0.25	30.2	47.9	9.4	99.9	20.7	20.8	99.9	99.2	99.4	99.4	99.4	99.9	-1.87257	-2.98526	152.465	5.6137	16.9558	120.927	
1.64	57.1	0	50	48.6	16.4	43	7.5	38.9	7.6	71.1	0	0.5	0	0.25	30.2	47.9	9.4	99.9	20.7	20.8	99.9	99.2	99.4	99.4	99.4	99.9	-1.87257	-2.98526	152.465	5.6137	16.9558	120.927	
1.65	57.1	0	50	48.6	16.4	43	7.5	38.9	7.6	71.1	0	0.5	0	0.25	30.2	47.9	9.4	99.9	20.7	20.8	99.9	99.2	99.4	99.4	99.4	99.9	-1.87257	-2.98526	152.465	5.6137	16.9558	120.927	
1.66	57.1	0	50	48.6	16.4	43	7.5	38.9	7.6	71.1	0	0.5	0	0.25	30.2	47.9	9.4	99.9	20.7	20.8	99.9	99.2	99.4	99.4	99.4	99.9	-1.87257	-2.98526	152.465	5.6137	16.9558	120.927	
1.67	57.1	0	50	48.6	16.4	43	7.5	38.9	7.6	71.1	0	0.5	0	0.25	30.2	47.9	9.4	99.9	20.7	20.8	99.9	99.2	99.4	99.4	99.4	99.9	-1.87257	-2.98526	152.465	5.6137	16.9558	120.927	
1.68	57.1	0	50	48.6	16.4	43	7.5	38.9	7.6	71.1	0	0.5	0	0.25	30.2	47.9	9.4	99.9	20.7	20.8	99.9	99.2	99.4	99.4	99.4	99.9	-1.87257	-2.98526	152.465	5.6137	16.9558	120.927	
1.69	57.1	0	50	48.6	16.4	43	7.5	38.9	7.6	71.1	0	0.5	0	0.25	30.2	47.9	9.4	99.9	20.7	20.8	99.9	99.2	99.4	99.4	99.4	99.9	-1.87257	-2.98526	152.465	5.6137	16.9558	120.927	
1.7	57.1	0	50	48.6	16.4	43	7.5	38.9	7.6	71.1	0	0.5	0	0.25	30.2	47.9	9.4	99.9	20.7	20.8	99.9	99.2	99.4	99.4	99.4	99.9	-1.87257	-2.98526	152.465	5.6137	16.9558	120.927	
1.71	57.1	0	50	48.6	16.4	43	7.5	38.9	7.6	71.1	0	0.5	0	0.25	30.2	47.9	9.4	99.9	20.7	20.8	99.9	99.2	99.4	99.4	99.4	99.9	-1.87257	-2.98526	152.465	5.6137	16.9558	120.927	
1.72	57.1	0	50	48.6	16.4	43	7.5	38.9	7.6	71.1	0	0.5	0	0.25	30.2	47.9	9.4	99.9	20.7	20.8	99.9	99.2	99.4	99.4	99.4	99.9	-1.87257	-2.98526	152.465	5.6137	16.9558	120.927	
