Hora de inicio de la toma de datos: 10:30:46
AT(s)	F1.1	F1.2	F2.1	F2.2	F3.1	F3.2	F4.1	F4.2	F5.1	F5.2	ABD1	ABD2	ABD3	ABD4	PA	TCO	P1	P2	P3	P4	P5	P6	P7	P8	P9	P10	HRoll	HPitch	HYaw	WRoll	WPitch	WYaw	
0.01	1.8	0	0	12.8	0.9	0	1.1	0	0	5.4	61.7	48.8	25.4	37.1	33.2	27.8	99.9	95.6	99.9	96.2	99.9	96.6	99.4	99.9	99.9	81.5	-10.699	-28.5865	-62.0329	-13.2256	5.65012	29.6644	
0.02	1.8	0	0	12.8	0.9	0	1.1	0	0	5.4	61.7	48.8	25.4	37.1	33.2	27.8	99.9	95.6	99.9	96.2	99.9	96.6	99.4	99.9	99.9	81.5	-10.699	-28.5865	-62.0329	-13.2256	5.65012	29.6644	
0.03	1.8	0	0	12.8	0.9	0	1.1	0	0	5.4	61.7	48.8	25.4	37.1	33.2	27.8	99.9	95.6	99.9	96.2	99.9	96.6	99.4	99.9	99.9	81.5	-10.699	-28.5865	-62.0329	-13.2256	5.65012	29.6644	
0.04	1.8	0	0	12.8	0.9	0	1.1	0	0	5.4	61.7	48.8	25.4	37.1	33.2	27.8	99.9	95.6	99.9	96.2	99.9	96.6	99.4	99.9	99.9	81.5	-10.699	-28.5865	-62.0329	-13.2256	5.65012	29.6644	
0.05	1.8	0	0	12.8	0.9	0	1.1	0	0	5.4	61.7	48.8	25.4	37.1	33.2	27.8	99.9	95.6	99.9	96.2	99.9	96.6	99.4	99.9	99.9	81.5	-10.699	-28.5865	-62.0329	-13.2256	5.65012	29.6644	
0.06	1.8	0	0	12.8	0.9	0	1.1	0	0	5.4	61.7	48.8	25.4	37.1	33.2	27.8	99.9	95.6	99.9	96.2	99.9	96.6	99.4	99.9	99.9	81.5	-10.699	-28.5865	-62.0329	-13.2256	5.65012	29.6644	
0.07	1.8	0	0	12.8	0.9	0	1.1	0	0	5.4	61.7	48.8	25.4	37.1	33.2	27.8	99.9	95.6	99.9	96.2	99.9	96.6	99.4	99.9	99.9	81.5	-10.699	-28.5865	-62.0329	-13.2256	5.65012	29.6644	
0.08	1.8	0	0	12.8	0.9	0	1.1	0	0	5.4	61.7	48.8	25.4	37.1	33.2	27.8	99.9	95.6	99.9	96.2	99.9	96.6	99.4	99.9	99.9	81.5	-10.699	-28.5865	-62.0329	-13.2256	5.65012	29.6644	
0.09	1.8	0	0	12.8	0.9	0	1.1	0	0	5.4	61.7	48.8	25.4	37.1	33.2	27.8	99.9	95.6	99.9	96.2	99.9	96.6	99.4	99.9	99.9	81.5	-10.699	-28.5865	-62.0329	-13.2256	5.65012	29.6644	
0.1	1.8	0	0	12.8	0.9	0	1.1	0	0	5.4	61.7	48.8	25.4	37.1	33.2	27.8	99.9	95.6	99.9	96.2	99.9	96.6	99.4	99.9	99.9	81.5	-10.699	-28.5865	-62.0329	-13.2256	5.65012	29.6644	
0.11	1.8	0	0	12.8	0.9	0	1.1	0	0	5.4	61.7	48.8	25.4	37.1	33.2	27.8	99.9	95.6	99.9	96.2	99.9	96.6	99.4	99.9	99.9	81.5	-10.699	-28.5865	-62.0329	-13.2256	5.65012	29.6644	
0.12	1.8	0	0	12.8	0.9	0	1.1	0	0	5.4	61.7	48.8	25.4	37.1	33.2	27.8	99.9	95.6	99.9	96.2	99.9	96.6	99.4	99.9	99.9	81.5	-10.699	-28.5865	-62.0329	-13.2256	5.65012	29.6644	
0.13	1.8	0	0	12.8	0.9	0	1.1	0	0	5.4	61.7	48.8	25.4	37.1	33.2	27.8	99.9	95.6	99.9	96.2	99.9	96.6	99.4	99.9	99.9	81.5	-10.699	-28.5865	-62.0329	-13.2256	5.65012	29.6644	
0.14	1.8	0	0	12.8	0.9	0	1.1	0	0	5.4	61.7	48.8	25.4	37.1	33.2	27.8	99.9	95.6	99.9	96.2	99.9	96.6	99.4	99.9	99.9	81.5	-10.699	-28.5865	-62.0329	-13.2256	5.65012	29.6644	
0.15	1.8	0	0	12.8	0.9	0	1.1	0	0	5.4	61.7	48.8	25.4	37.1	33.2	27.8	99.9	95.6	99.9	96.2	99.9	96.6	99.4	99.9	99.9	81.5	-10.699	-28.5865	-62.0329	-13.2256	5.65012	29.6644	
0.16	1.8	0	0	12.8	0.9	0	1.1	0	0	5.4	61.7	48.8	25.4	37.1	33.2	27.8	99.9	95.6	99.9	96.2	99.9	96.6	99.4	99.9	99.9	81.5	-10.699	-28.5865	-62.0329	-13.2256	5.65012	29.6644	
0.171	1.8	0	0	12.8	0.9	0	1.1	0	0	5.4	61.7	48.8	25.4	37.1	33.2	27.8	99.9	95.6	99.9	96.2	99.9	96.6	99.4	99.9	99.9	81.5	-10.699	-28.5865	-62.0329	-13.2256	5.65012	29.6644	
0.181	1.8	0	0	12.8	0.9	0	1.1	0	0	5.4	61.7	48.8	25.4	37.1	33.2	27.8	99.9	95.6	99.9	96.2	99.9	96.6	99.4	99.9	99.9	81.5	-10.699	-28.5865	-62.0329	-13.2256	5.65012	29.6644	
0.191	1.8	0	0	12.8	0.9	0	1.1	0	0	5.4	61.7	48.8	25.4	37.1	33.2	27.8	99.9	95.6	99.9	96.2	99.9	96.6	99.4	99.9	99.9	81.5	-10.699	-28.5865	-62.0329	-13.2256	5.65012	29.6644	
0.201	1.8	0	0	12.8	0.9	0	1.1	0	0	5.4	61.7	48.8	25.4	37.1	33.2	27.8	99.9	95.6	99.9	96.2	99.9	96.6	99.4	99.9	99.9	81.5	-10.699	-28.5865	-62.0329	-13.2256	5.65012	29.6644	
0.211	1.8	0	0	12.8	0.9	0	1.1	0	0	5.4	61.7	48.8	25.4	37.1	33.2	27.8	99.9	95.6	99.9	96.2	99.9	96.6	99.4	99.9	99.9	81.5	-10.699	-28.5865	-62.0329	-13.2256	5.65012	29.6644	
0.221	1.8	0	0	12.8	0.9	0	1.1	0	0	5.4	61.7	48.8	25.4	37.1	33.2	27.8	99.9	95.6	99.9	96.2	99.9	96.6	99.4	99.9	99.9	81.5	-10.699	-28.5865	-62.0329	-13.2256	5.65012	29.6644	
0.231	1.8	0	0	12.8	0.9	0	1.1	0	0	5.4	61.7	48.8	25.4	37.1	33.2	27.8	99.9	95.6	99.9	96.2	99.9	96.6	99.4	99.9	99.9	81.5	-10.699	-28.5865	-62.0329	-13.2256	5.65012	29.6644	
0.241	1.8	0	0	12.8	0.9	0	1.1	0	0	5.4	61.7	48.8	25.4	37.1	33.2	27.8	99.9	95.6	99.9	96.2	99.9	96.6	99.4	99.9	99.9	81.5	-10.699	-28.5865	-62.0329	-13.2256	5.65012	29.6644	
0.251	1.8	0	0	12.8	0.9	0	1.1	0	0	5.4	61.7	48.8	25.4	37.1	33.2	27.8	99.9	95.6	99.9	96.2	99.9	96.6	99.4	99.9	99.9	81.5	-10.699	-28.5865	-62.0329	-13.2256	5.65012	29.6644	
0.261	1.8	0	0	12.8	0.9	0	1.1	0	0	5.4	61.7	48.8	25.4	37.1	33.2	27.8	99.9	95.6	99.9	96.2	99.9	96.6	99.4	99.9	99.9	81.5	-10.699	-28.5865	-62.0329	-13.2256	5.65012	29.6644	
0.271	1.8	0	0	12.8	0.9	0	1.1	0	0	5.4	61.7	48.8	25.4	37.1	33.2	27.8	99.9	95.6	99.9	96.2	99.9	96.6	99.4	99.9	99.9	81.5	-10.699	-28.5865	-62.0329	-13.2256	5.65012	29.6644	
0.281	1.8	0	0	12.8	0.9	0	1.1	0	0	5.4	61.7	48.8	25.4	37.1	33.2	27.8	99.9	95.6	99.9	96.2	99.9	96.6	99.4	99.9	99.9	81.5	-10.699	-28.5865	-62.0329	-13.2256	5.65012	29.6644	
0.29	1.8	0	0	14.5	0.8	0	1.1	0	0	5.3	62.1	50.6	25.8	38.2	32.9	27.4	100	99.9	99.9	96	99.9	98	99.9	99.4	99.4	82.4	-11.4941	-28.4061	-61.4726	-13.5393	6.07873	29.621	
0.3	1.8	0	0	14.5	0.8	0	1.1	0	0	5.3	62.1	50.6	25.8	38.2	32.9	27.4	100	99.9	99.9	96	99.9	98	99.9	99.4	99.4	82.4	-11.4941	-28.4061	-61.4726	-13.5393	6.07873	29.621	
0.31	1.8	0	0	14.5	0.8	0	1.1	0	0	5.3	62.1	50.6	25.8	38.2	32.9	27.4	100	99.9	99.9	96	99.9	98	99.9	99.4	99.4	82.4	-11.4941	-28.4061	-61.4726	-13.5393	6.07873	29.621	
0.32	1.8	0	0	14.5	0.8	0	1.1	0	0	5.3	62.1	50.6	25.8	38.2	32.9	27.4	100	99.9	99.9	96	99.9	98	99.9	99.4	99.4	82.4	-11.4941	-28.4061	-61.4726	-13.5393	6.07873	29.621	
0.33	1.8	0	0	14.5	0.8	0	1.1	0	0	5.3	62.1	50.6	25.8	38.2	32.9	27.4	100	99.9	99.9	96	99.9	98	99.9	99.4	99.4	82.4	-11.4941	-28.4061	-61.4726	-13.5393	6.07873	29.621	
0.34	1.8	0	0	14.5	0.8	0	1.1	0	0	5.3	62.1	50.6	25.8	38.2	32.9	27.4	100	99.9	99.9	96	99.9	98	99.9	99.4	99.4	82.4	-11.4941	-28.4061	-61.4726	-13.5393	6.07873	29.621	
0.35	1.8	0	0	14.5	0.8	0	1.1	0	0	5.3	62.1	50.6	25.8	38.2	32.9	27.4	100	99.9	99.9	96	99.9	98	99.9	99.4	99.4	82.4	-11.4941	-28.4061	-61.4726	-13.5393	6.07873	29.621	
0.36	1.8	0	0	14.5	0.8	0	1.1	0	0	5.3	62.1	50.6	25.8	38.2	32.9	27.4	100	99.9	99.9	96	99.9	98	99.9	99.4	99.4	82.4	-11.4941	-28.4061	-61.4726	-13.5393	6.07873	29.621	
0.37	1.8	0	0	14.5	0.8	0	1.1	0	0	5.3	62.1	50.6	25.8	38.2	32.9	27.4	100	99.9	99.9	96	99.9	98	99.9	99.4	99.4	82.4	-11.4941	-28.4061	-61.4726	-13.5393	6.07873	29.621	
0.38	1.8	0	0	14.5	0.8	0	1.1	0	0	5.3	62.1	50.6	25.8	38.2	32.9	27.4	100	99.9	99.9	96	99.9	98	99.9	99.4	99.4	82.4	-11.4941	-28.4061	-61.4726	-13.5393	6.07873	29.621	
0.39	1.8	0	0	14.5	0.8	0	1.1	0	0	5.3	62.1	50.6	25.8	38.2	32.9	27.4	100	99.9	99.9	96	99.9	98	99.9	99.4	99.4	82.4	-11.4941	-28.4061	-61.4726	-13.5393	6.07873	29.621	
0.4	1.8	0	0	14.5	0.8	0	1.1	0	0	5.3	62.1	50.6	25.8	38.2	32.9	27.4	100	99.9	99.9	96	99.9	98	99.9	99.4	99.4	82.4	-11.4941	-28.4061	-61.4726	-13.5393	6.07873	29.621	
0.41	1.8	0	0	14.5	0.8	0	1.1	0	0	5.3	62.1	50.6	25.8	38.2	32.9	27.4	100	99.9	99.9	96	99.9	98	99.9	99.4	99.4	82.4	-11.4941	-28.4061	-61.4726	-13.5393	6.07873	29.621	
0.42	1.8	0	0	14.5	0.8	0	1.1	0	0	5.3	62.1	50.6	25.8	38.2	32.9	27.4	100	99.9	99.9	96	99.9	98	99.9	99.4	99.4	82.4	-11.4941	-28.4061	-61.4726	-13.5393	6.07873	29.621	
0.43	1.8	0	0	14.5	0.8	0	1.1	0	0	5.3	62.1	50.6	25.8	38.2	32.9	27.4	100	99.9	99.9	96	99.9	98	99.9	99.4	99.4	82.4	-11.4941	-28.4061	-61.4726	-13.5393	6.07873	29.621	
0.44	1.8	0	0	14.5	0.8	0	1.1	0	0	5.3	62.1	50.6	25.8	38.2	32.9	27.4	100	99.9	99.9	96	99.9	98	99.9	99.4	99.4	82.4	-11.4941	-28.4061	-61.4726	-13.5393	6.07873	29.621	
0.45	1.8	0	0	14.5	0.8	0	1.1	0	0	5.3	62.1	50.6	25.8	38.2	32.9	27.4	100	99.9	99.9	96	99.9	98	99.9	99.4	99.4	82.4	-11.4941	-28.4061	-61.4726	-13.5393	6.07873	29.621	
0.46	1.8	0	0	14.5	0.8	0	1.1	0	0	5.3	62.1	50.6	25.8	38.2	32.9	27.4	100	99.9	99.9	96	99.9	98	99.9	99.4	99.4	82.4	-11.4941	-28.4061	-61.4726	-13.5393	6.07873	29.621	
0.47	1.8	0	0	14.5	0.8	0	1.1	0	0	5.3	62.1	50.6	25.8	38.2	32.9	27.4	100	99.9	99.9	96	99.9	98	99.9	99.4	99.4	82.4	-11.4941	-28.4061	-61.4726	-13.5393	6.07873	29.621	
0.48	1.8	0	0	14.5	0.8	0	1.1	0	0	5.3	62.1	50.6	25.8	38.2	32.9	27.4	100	99.9	99.9	96	99.9	98	99.9	99.4	99.4	82.4	-11.4941	-28.4061	-61.4726	-13.5393	6.07873	29.621	
0.49	1.8	0	0	14.5	0.8	0	1.1	0	0	5.3	62.1	50.6	25.8	38.2	32.9	27.4	100	99.9	99.9	96	99.9	98	99.9	99.4	99.4	82.4	-11.4941	-28.4061	-61.4726	-13.5393	6.07873	29.621	
0.5	1.8	0	0	14.5	0.8	0	1.1	0	0	5.3	62.1	50.6	25.8	38.2	32.9	27.4	100	99.9	99.9	96	99.9	98	99.9	99.4	99.4	82.4	-11.4941	-28.4061	-61.4726	-13.5393	6.07873	29.621	
0.51	1.8	0	0	14.5	0.8	0	1.1	0	0	5.3	62.1	50.6	25.8	38.2	32.9	27.4	100	99.9	99.9	96	99.9	98	99.9	99.4	99.4	82.4	-11.4941	-28.4061	-61.4726	-13.5393	6.07873	29.621	
0.52	1.8	0	0	14.5	0.8	0	1.1	0	0	5.3	62.1	50.6	25.8	38.2	32.9	27.4	100	99.9	99.9	96	99.9	98	99.9	99.4	99.4	82.4	-11.4941	-28.4061	-61.4726	-13.5393	6.07873	29.621	
0.53	1.8	0	0	14.5	0.8	0	1.1	0	0	5.3	62.1	50.6	25.8	38.2	32.9	27.4	100	99.9	99.9	96	99.9	98	99.9	99.4	99.4	82.4	-11.4941	-28.4061	-61.4726	-13.5393	6.07873	29.621	
0.54	1.8	0	0	14.5	0.8	0	1.1	0	0	5.3	62.1	50.6	25.8	38.2	32.9	27.4	100	99.9	99.9	96	99.9	98	99.9	99.4	99.4	82.4	-11.4941	-28.4061	-61.4726	-13.5393	6.07873	29.621	
0.55	1.8	0	0	14.5	0.8	0	1.1	0	0	5.3	62.1	50.6	25.8	38.2	32.9	27.4	100	99.9	99.9	96	99.9	98	99.9	99.4	99.4	82.4	-11.4941	-28.4061	-61.4726	-13.5393	6.07873	29.621	
0.56	1.8	0	0	14.5	0.8	0	1.1	0	0	5.3	62.1	50.6	25.8	38.2	32.9	27.4	100	99.9	99.9	96	99.9	98	99.9	99.4	99.4	82.4	-11.4941	-28.4061	-61.4726	-13.5393	6.07873	29.621	
0.57	1.8	0	0	14.5	0.8	0	1.1	0	0	5.3	62.1	50.6	25.8	38.2	32.9	27.4	100	99.9	99.9	96	99.9	98	99.9	99.4	99.4	82.4	-11.4941	-28.4061	-61.4726	-13.5393	6.07873	29.621	
0.58	1.8	0	0	14.5	0.8	0	1.1	0	0	5.3	62.1	50.6	25.8	38.2	32.9	27.4	100	99.9	99.9	96	99.9	98	99.9	99.4	99.4	82.4	-11.4941	-28.4061	-61.4726	-13.5393	6.07873	29.621	
0.59	1.8	0	0	14.5	0.8	0	1.1	0	0	5.3	62.1	50.6	25.8	38.2	32.9	27.4	100	99.9	99.9	96	99.9	98	99.9	99.4	99.4	82.4	-11.4941	-28.4061	-61.4726	-13.5393	6.07873	29.621	
0.6	1.8	0	0	14.5	0.8	0	1.1	0	0	5.3	62.1	50.6	25.8	38.2	32.9	27.4	100	99.9	99.9	96	99.9	98	99.9	99.4	99.4	82.4	-11.4941	-28.4061	-61.4726	-13.5393	6.07873	29.621	
0.61	1.8	0	0	14.5	0.8	0	1.1	0	0	5.3	62.1	50.6	25.8	38.2	32.9	27.4	100	99.9	99.9	96	99.9	98	99.9	99.4	99.4	82.4	-11.4941	-28.4061	-61.4726	-13.5393	6.07873	29.621	
0.62	1.8	0	0	14.5	0.8	0	1.1	0	0	5.3	62.1	50.6	25.8	38.2	32.9	27.4	100	99.9	99.9	96	99.9	98	99.9	99.4	99.4	82.4	-11.4941	-28.4061	-61.4726	-13.5393	6.07873	29.621	
0.63	1.8	0	0	14.5	0.8	0	1.1	0	0	5.3	62.1	50.6	25.8	38.2	32.9	27.4	100	99.9	99.9	96	99.9	98	99.9	99.4	99.4	82.4	-11.4941	-28.4061	-61.4726	-13.5393	6.07873	29.621	
0.64	1.8	0	0	14.5	0.8	0	1.1	0	0	5.3	62.1	50.6	25.8	38.2	32.9	27.4	100	99.9	99.9	96	99.9	98	99.9	99.4	99.4	82.4	-11.4941	-28.4061	-61.4726	-13.5393	6.07873	29.621	
0.65	1.8	0	0	14.5	0.8	0	1.1	0	0	5.3	62.1	50.6	25.8	38.2	32.9	27.4	100	99.9	99.9	96	99.9	98	99.9	99.4	99.4	82.4	-11.4941	-28.4061	-61.4726	-13.5393	6.07873	29.621	
0.66	1.8	0	0	14.1	0.8	0	1.1	0	0	4.9	61.6	49.7	25.3	37.5	33.4	27.6	100	99.9	99.9	97.3	99.9	96.9	99.8	99.9	99.9	75.4	-11.774	-28.8757	-61.222	-14.137	6.01511	29.8114	
0.67	1.8	0	0	14.1	0.8	0	1.1	0	0	4.9	61.6	49.7	25.3	37.5	33.4	27.6	100	99.9	99.9	97.3	99.9	96.9	99.8	99.9	99.9	75.4	-11.774	-28.8757	-61.222	-14.137	6.01511	29.8114	
0.68	1.8	0	0	14.1	0.8	0	1.1	0	0	4.9	61.6	49.7	25.3	37.5	33.4	27.6	100	99.9	99.9	97.3	99.9	96.9	99.8	99.9	99.9	75.4	-11.774	-28.8757	-61.222	-14.137	6.01511	29.8114	
0.69	1.8	0	0	14.1	0.8	0	1.1	0	0	4.9	61.6	49.7	25.3	37.5	33.4	27.6	100	99.9	99.9	97.3	99.9	96.9	99.8	99.9	99.9	75.4	-11.774	-28.8757	-61.222	-14.137	6.01511	29.8114	
0.7	1.8	0	0	14.1	0.8	0	1.1	0	0	4.9	61.6	49.7	25.3	37.5	33.4	27.6	100	99.9	99.9	97.3	99.9	96.9	99.8	99.9	99.9	75.4	-11.774	-28.8757	-61.222	-14.137	6.01511	29.8114	
0.71	1.8	0	0	14.1	0.8	0	1.1	0	0	4.9	61.6	49.7	25.3	37.5	33.4	27.6	100	99.9	99.9	97.3	99.9	96.9	99.8	99.9	99.9	75.4	-11.774	-28.8757	-61.222	-14.137	6.01511	29.8114	
0.72	1.8	0	0	14.1	0.8	0	1.1	0	0	4.9	61.6	49.7	25.3	37.5	33.4	27.6	100	99.9	99.9	97.3	99.9	96.9	99.8	99.9	99.9	75.4	-11.774	-28.8757	-61.222	-14.137	6.01511	29.8114	
0.73	1.8	0	0	14.1	0.8	0	1.1	0	0	4.9	61.6	49.7	25.3	37.5	33.4	27.6	100	99.9	99.9	97.3	99.9	96.9	99.8	99.9	99.9	75.4	-11.774	-28.8757	-61.222	-14.137	6.01511	29.8114	
0.74	1.8	0	0	14.1	0.8	0	1.1	0	0	4.9	61.6	49.7	25.3	37.5	33.4	27.6	100	99.9	99.9	97.3	99.9	96.9	99.8	99.9	99.9	75.4	-11.774	-28.8757	-61.222	-14.137	6.01511	29.8114	
0.75	1.8	0	0	14.1	0.8	0	1.1	0	0	4.9	61.6	49.7	25.3	37.5	33.4	27.6	100	99.9	99.9	97.3	99.9	96.9	99.8	99.9	99.9	75.4	-11.774	-28.8757	-61.222	-14.137	6.01511	29.8114	
0.76	1.8	0	0	14.1	0.8	0	1.1	0	0	4.9	61.6	49.7	25.3	37.5	33.4	27.6	100	99.9	99.9	97.3	99.9	96.9	99.8	99.9	99.9	75.4	-11.774	-28.8757	-61.222	-14.137	6.01511	29.8114	
0.77	1.8	0	0	14.1	0.8	0	1.1	0	0	4.9	61.6	49.7	25.3	37.5	33.4	27.6	100	99.9	99.9	97.3	99.9	96.9	99.8	99.9	99.9	75.4	-11.774	-28.8757	-61.222	-14.137	6.01511	29.8114	
0.78	1.8	0	0	14.1	0.8	0	1.1	0	0	4.9	61.6	49.7	25.3	37.5	33.4	27.6	100	99.9	99.9	97.3	99.9	96.9	99.8	99.9	99.9	75.4	-11.774	-28.8757	-61.222	-14.137	6.01511	29.8114	
0.79	1.8	0	0	14.1	0.8	0	1.1	0	0	4.9	61.6	49.7	25.3	37.5	33.4	27.6	100	99.9	99.9	97.3	99.9	96.9	99.8	99.9	99.9	75.4	-11.774	-28.8757	-61.222	-14.137	6.01511	29.8114	
0.8	1.8	0	0	14.1	0.8	0	1.1	0	0	4.9	61.6	49.7	25.3	37.5	33.4	27.6	100	99.9	99.9	97.3	99.9	96.9	99.8	99.9	99.9	75.4	-11.774	-28.8757	-61.222	-14.137	6.01511	29.8114	
0.81	1.8	0	0	14.1	0.8	0	1.1	0	0	4.9	61.6	49.7	25.3	37.5	33.4	27.6	100	99.9	99.9	97.3	99.9	96.9	99.8	99.9	99.9	75.4	-11.774	-28.8757	-61.222	-14.137	6.01511	29.8114	
0.82	1.8	0	0	14.1	0.8	0	1.1	0	0	4.9	61.6	49.7	25.3	37.5	33.4	27.6	100	99.9	99.9	97.3	99.9	96.9	99.8	99.9	99.9	75.4	-11.774	-28.8757	-61.222	-14.137	6.01511	29.8114	
0.83	1.8	0	0	14.1	0.8	0	1.1	0	0	4.9	61.6	49.7	25.3	37.5	33.4	27.6	100	99.9	99.9	97.3	99.9	96.9	99.8	99.9	99.9	75.4	-11.774	-28.8757	-61.222	-14.137	6.01511	29.8114	
0.84	1.8	0	0	14.1	0.8	0	1.1	0	0	4.9	61.6	49.7	25.3	37.5	33.4	27.6	100	99.9	99.9	97.3	99.9	96.9	99.8	99.9	99.9	75.4	-11.774	-28.8757	-61.222	-14.137	6.01511	29.8114	
0.85	1.8	0	0	14.1	0.8	0	1.1	0	0	4.9	61.6	49.7	25.3	37.5	33.4	27.6	100	99.9	99.9	97.3	99.9	96.9	99.8	99.9	99.9	75.4	-11.774	-28.8757	-61.222	-14.137	6.01511	29.8114	
0.86	1.8	0	0	14.1	0.8	0	1.1	0	0	4.9	61.6	49.7	25.3	37.5	33.4	27.6	100	99.9	99.9	97.3	99.9	96.9	99.8	99.9	99.9	75.4	-11.774	-28.8757	-61.222	-14.137	6.01511	29.8114	
0.87	1.8	0	0	14.1	0.8	0	1.1	0	0	4.9	61.6	49.7	25.3	37.5	33.4	27.6	100	99.9	99.9	97.3	99.9	96.9	99.8	99.9	99.9	75.4	-11.774	-28.8757	-61.222	-14.137	6.01511	29.8114	
0.88	1.8	0	0	14.1	0.8	0	1.1	0	0	4.9	61.6	49.7	25.3	37.5	33.4	27.6	100	99.9	99.9	97.3	99.9	96.9	99.8	99.9	99.9	75.4	-11.774	-28.8757	-61.222	-14.137	6.01511	29.8114	
0.89	1.8	0	0	14.1	0.8	0	1.1	0	0	4.9	61.6	49.7	25.3	37.5	33.4	27.6	100	99.9	99.9	97.3	99.9	96.9	99.8	99.9	99.9	75.4	-11.774	-28.8757	-61.222	-14.137	6.01511	29.8114	
0.9	1.8	0	0	14.1	0.8	0	1.1	0	0	4.9	61.6	49.7	25.3	37.5	33.4	27.6	100	99.9	99.9	97.3	99.9	96.9	99.8	99.9	99.9	75.4	-11.774	-28.8757	-61.222	-14.137	6.01511	29.8114	
0.91	1.8	0	0	14.1	0.8	0	1.1	0	0	4.9	61.6	49.7	25.3	37.5	33.4	27.6	100	99.9	99.9	97.3	99.9	96.9	99.8	99.9	99.9	75.4	-11.774	-28.8757	-61.222	-14.137	6.01511	29.8114	
0.92	1.8	0	0	14.1	0.8	0	1.1	0	0	4.9	61.6	49.7	25.3	37.5	33.4	27.6	100	99.9	99.9	97.3	99.9	96.9	99.8	99.9	99.9	75.4	-11.774	-28.8757	-61.222	-14.137	6.01511	29.8114	
0.93	1.8	0	0	14.1	0.8	0	1.1	0	0	4.9	61.6	49.7	25.3	37.5	33.4	27.6	100	99.9	99.9	97.3	99.9	96.9	99.8	99.9	99.9	75.4	-11.774	-28.8757	-61.222	-14.137	6.01511	29.8114	
0.94	1.8	0	0	14.1	0.8	0	1.1	0	0	4.9	61.6	49.7	25.3	37.5	33.4	27.6	100	99.9	99.9	97.3	99.9	96.9	99.8	99.9	99.9	75.4	-11.774	-28.8757	-61.222	-14.137	6.01511	29.8114	
0.95	1.8	0	0	14.1	0.8	0	1.1	0	0	4.9	61.6	49.7	25.3	37.5	33.4	27.6	100	99.9	99.9	97.3	99.9	96.9	99.8	99.9	99.9	75.4	-11.774	-28.8757	-61.222	-14.137	6.01511	29.8114	
0.96	1.8	0	0	14.1	0.8	0	1.1	0	0	4.9	61.6	49.7	25.3	37.5	33.4	27.6	100	99.9	99.9	97.3	99.9	96.9	99.8	99.9	99.9	75.4	-11.774	-28.8757	-61.222	-14.137	6.01511	29.8114	
0.97	1.8	0	0	14.1	0.8	0	1.1	0	0	4.9	61.6	49.7	25.3	37.5	33.4	27.6	100	99.9	99.9	97.3	99.9	96.9	99.8	99.9	99.9	75.4	-11.774	-28.8757	-61.222	-14.137	6.01511	29.8114	
0.98	1.8	0	0	14.1	0.8	0	1.1	0	0	4.9	61.6	49.7	25.3	37.5	33.4	27.6	100	99.9	99.9	97.3	99.9	96.9	99.8	99.9	99.9	75.4	-11.774	-28.8757	-61.222	-14.137	6.01511	29.8114	
0.99	1.8	0	0	14.1	0.8	0	1.1	0	0	4.9	61.6	49.7	25.3	37.5	33.4	27.6	100	99.9	99.9	97.3	99.9	96.9	99.8	99.9	99.9	75.4	-11.774	-28.8757	-61.222	-14.137	6.01511	29.8114	
1	1.8	0	0	14.1	0.8	0	1.1	0	0	4.9	61.6	49.7	25.3	37.5	33.4	27.6	100	99.9	99.9	97.3	99.9	96.9	99.8	99.9	99.9	75.4	-11.774	-28.8757	-61.222	-14.137	6.01511	29.8114	
1.01	1.8	0	0	14.1	0.8	0	1.1	0	0	4.9	61.6	49.7	25.3	37.5	33.4	27.6	100	99.9	99.9	97.3	99.9	96.9	99.8	99.9	99.9	75.4	-11.774	-28.8757	-61.222	-14.137	6.01511	29.8114	
1.02	1.8	0	0	14.1	0.8	0	1.1	0	0	4.9	61.6	49.7	25.3	37.5	33.4	27.6	100	99.9	99.9	97.3	99.9	96.9	99.8	99.9	99.9	75.4	-11.774	-28.8757	-61.222	-14.137	6.01511	29.8114	
1.03	1.9	0	0	14.1	0.9	0	1.1	0	0	4.7	61.7	48.9	24.5	36.7	33.1	27.7	100	92.8	99.9	94.9	99.9	96.9	99.7	99.9	99.9	75.6	-11.5509	-28.557	-61.33	-13.3909	5.55821	29.7203	
1.04	1.9	0	0	14.1	0.9	0	1.1	0	0	4.7	61.7	48.9	24.5	36.7	33.1	27.7	100	92.8	99.9	94.9	99.9	96.9	99.7	99.9	99.9	75.6	-11.5509	-28.557	-61.33	-13.3909	5.55821	29.7203	
1.05	1.9	0	0	14.1	0.9	0	1.1	0	0	4.7	61.7	48.9	24.5	36.7	33.1	27.7	100	92.8	99.9	94.9	99.9	96.9	99.7	99.9	99.9	75.6	-11.5509	-28.557	-61.33	-13.3909	5.55821	29.7203	
1.06	1.9	0	0	14.1	0.9	0	1.1	0	0	4.7	61.7	48.9	24.5	36.7	33.1	27.7	100	92.8	99.9	94.9	99.9	96.9	99.7	99.9	99.9	75.6	-11.5509	-28.557	-61.33	-13.3909	5.55821	29.7203	
1.07	1.9	0	0	14.1	0.9	0	1.1	0	0	4.7	61.7	48.9	24.5	36.7	33.1	27.7	100	92.8	99.9	94.9	99.9	96.9	99.7	99.9	99.9	75.6	-11.5509	-28.557	-61.33	-13.3909	5.55821	29.7203	
1.08	1.9	0	0	14.1	0.9	0	1.1	0	0	4.7	61.7	48.9	24.5	36.7	33.1	27.7	100	92.8	99.9	94.9	99.9	96.9	99.7	99.9	99.9	75.6	-11.5509	-28.557	-61.33	-13.3909	5.55821	29.7203	
1.09	1.9	0	0	14.1	0.9	0	1.1	0	0	4.7	61.7	48.9	24.5	36.7	33.1	27.7	100	92.8	99.9	94.9	99.9	96.9	99.7	99.9	99.9	75.6	-11.5509	-28.557	-61.33	-13.3909	5.55821	29.7203	
1.1	1.9	0	0	14.1	0.9	0	1.1	0	0	4.7	61.7	48.9	24.5	36.7	33.1	27.7	100	92.8	99.9	94.9	99.9	96.9	99.7	99.9	99.9	75.6	-11.5509	-28.557	-61.33	-13.3909	5.55821	29.7203	
1.11	1.9	0	0	14.1	0.9	0	1.1	0	0	4.7	61.7	48.9	24.5	36.7	33.1	27.7	100	92.8	99.9	94.9	99.9	96.9	99.7	99.9	99.9	75.6	-11.5509	-28.557	-61.33	-13.3909	5.55821	29.7203	
1.12	1.9	0	0	14.1	0.9	0	1.1	0	0	4.7	61.7	48.9	24.5	36.7	33.1	27.7	100	92.8	99.9	94.9	99.9	96.9	99.7	99.9	99.9	75.6	-11.5509	-28.557	-61.33	-13.3909	5.55821	29.7203	
1.13	1.9	0	0	14.1	0.9	0	1.1	0	0	4.7	61.7	48.9	24.5	36.7	33.1	27.7	100	92.8	99.9	94.9	99.9	96.9	99.7	99.9	99.9	75.6	-11.5509	-28.557	-61.33	-13.3909	5.55821	29.7203	
1.14	1.9	0	0	14.1	0.9	0	1.1	0	0	4.7	61.7	48.9	24.5	36.7	33.1	27.7	100	92.8	99.9	94.9	99.9	96.9	99.7	99.9	99.9	75.6	-11.5509	-28.557	-61.33	-13.3909	5.55821	29.7203	
1.15	1.9	0	0	14.1	0.9	0	1.1	0	0	4.7	61.7	48.9	24.5	36.7	33.1	27.7	100	92.8	99.9	94.9	99.9	96.9	99.7	99.9	99.9	75.6	-11.5509	-28.557	-61.33	-13.3909	5.55821	29.7203	
1.16	1.9	0	0	14.1	0.9	0	1.1	0	0	4.7	61.7	48.9	24.5	36.7	33.1	27.7	100	92.8	99.9	94.9	99.9	96.9	99.7	99.9	99.9	75.6	-11.5509	-28.557	-61.33	-13.3909	5.55821	29.7203	
1.17	1.9	0	0	14.1	0.9	0	1.1	0	0	4.7	61.7	48.9	24.5	36.7	33.1	27.7	100	92.8	99.9	94.9	99.9	96.9	99.7	99.9	99.9	75.6	-11.5509	-28.557	-61.33	-13.3909	5.55821	29.7203	
1.18	1.9	0	0	14.1	0.9	0	1.1	0	0	4.7	61.7	48.9	24.5	36.7	33.1	27.7	100	92.8	99.9	94.9	99.9	96.9	99.7	99.9	99.9	75.6	-11.5509	-28.557	-61.33	-13.3909	5.55821	29.7203	
1.19	1.9	0	0	14.1	0.9	0	1.1	0	0	4.7	61.7	48.9	24.5	36.7	33.1	27.7	100	92.8	99.9	94.9	99.9	96.9	99.7	99.9	99.9	75.6	-11.5509	-28.557	-61.33	-13.3909	5.55821	29.7203	
1.2	1.9	0	0	14.1	0.9	0	1.1	0	0	4.7	61.7	48.9	24.5	36.7	33.1	27.7	100	92.8	99.9	94.9	99.9	96.9	99.7	99.9	99.9	75.6	-11.5509	-28.557	-61.33	-13.3909	5.55821	29.7203	
1.21	1.9	0	0	14.1	0.9	0	1.1	0	0	4.7	61.7	48.9	24.5	36.7	33.1	27.7	100	92.8	99.9	94.9	99.9	96.9	99.7	99.9	99.9	75.6	-11.5509	-28.557	-61.33	-13.3909	5.55821	29.7203	
1.22	1.9	0	0	14.1	0.9	0	1.1	0	0	4.7	61.7	48.9	24.5	36.7	33.1	27.7	100	92.8	99.9	94.9	99.9	96.9	99.7	99.9	99.9	75.6	-11.5509	-28.557	-61.33	-13.3909	5.55821	29.7203	
1.23	1.9	0	0	14.1	0.9	0	1.1	0	0	4.7	61.7	48.9	24.5	36.7	33.1	27.7	100	92.8	99.9	94.9	99.9	96.9	99.7	99.9	99.9	75.6	-11.5509	-28.557	-61.33	-13.3909	5.55821	29.7203	
1.24	1.9	0	0	14.1	0.9	0	1.1	0	0	4.7	61.7	48.9	24.5	36.7	33.1	27.7	100	92.8	99.9	94.9	99.9	96.9	99.7	99.9	99.9	75.6	-11.5509	-28.557	-61.33	-13.3909	5.55821	29.7203	
1.25	1.9	0	0	14.1	0.9	0	1.1	0	0	4.7	61.7	48.9	24.5	36.7	33.1	27.7	100	92.8	99.9	94.9	99.9	96.9	99.7	99.9	99.9	75.6	-11.5509	-28.557	-61.33	-13.3909	5.55821	29.7203	
1.26	1.9	0	0	14.1	0.9	0	1.1	0	0	4.7	61.7	48.9	24.5	36.7	33.1	27.7	100	92.8	99.9	94.9	99.9	96.9	99.7	99.9	99.9	75.6	-11.5509	-28.557	-61.33	-13.3909	5.55821	29.7203	
1.27	1.9	0	0	14.1	0.9	0	1.1	0	0	4.7	61.7	48.9	24.5	36.7	33.1	27.7	100	92.8	99.9	94.9	99.9	96.9	99.7	99.9	99.9	75.6	-11.5509	-28.557	-61.33	-13.3909	5.55821	29.7203	
1.28	1.9	0	0	14.1	0.9	0	1.1	0	0	4.7	61.7	48.9	24.5	36.7	33.1	27.7	100	92.8	99.9	94.9	99.9	96.9	99.7	99.9	99.9	75.6	-11.5509	-28.557	-61.33	-13.3909	5.55821	29.7203	
1.29	1.9	0	0	14.1	0.9	0	1.1	0	0	4.7	61.7	48.9	24.5	36.7	33.1	27.7	100	92.8	99.9	94.9	99.9	96.9	99.7	99.9	99.9	75.6	-11.5509	-28.557	-61.33	-13.3909	5.55821	29.7203	
1.3	1.9	0	0	14.1	0.9	0	1.1	0	0	4.7	61.7	48.9	24.5	36.7	33.1	27.7	100	92.8	99.9	94.9	99.9	96.9	99.7	99.9	99.9	75.6	-11.5509	-28.557	-61.33	-13.3909	5.55821	29.7203	
1.31	1.9	0	0	14.1	0.9	0	1.1	0	0	4.7	61.7	48.9	24.5	36.7	33.1	27.7	100	92.8	99.9	94.9	99.9	96.9	99.7	99.9	99.9	75.6	-11.5509	-28.557	-61.33	-13.3909	5.55821	29.7203	
1.32	1.9	0	0	14.1	0.9	0	1.1	0	0	4.7	61.7	48.9	24.5	36.7	33.1	27.7	100	92.8	99.9	94.9	99.9	96.9	99.7	99.9	99.9	75.6	-11.5509	-28.557	-61.33	-13.3909	5.55821	29.7203	
1.33	1.9	0	0	14.1	0.9	0	1.1	0	0	4.7	61.7	48.9	24.5	36.7	33.1	27.7	100	92.8	99.9	94.9	99.9	96.9	99.7	99.9	99.9	75.6	-11.5509	-28.557	-61.33	-13.3909	5.55821	29.7203	
1.34	1.9	0	0	14.1	0.9	0	1.1	0	0	4.7	61.7	48.9	24.5	36.7	33.1	27.7	100	92.8	99.9	94.9	99.9	96.9	99.7	99.9	99.9	75.6	-11.5509	-28.557	-61.33	-13.3909	5.55821	29.7203	
1.35	1.9	0	0	14.1	0.9	0	1.1	0	0	4.7	61.7	48.9	24.5	36.7	33.1	27.7	100	92.8	99.9	94.9	99.9	96.9	99.7	99.9	99.9	75.6	-11.5509	-28.557	-61.33	-13.3909	5.55821	29.7203	
1.36	1.9	0	0	14.1	0.9	0	1.1	0	0	4.7	61.7	48.9	24.5	36.7	33.1	27.7	100	92.8	99.9	94.9	99.9	96.9	99.7	99.9	99.9	75.6	-11.5509	-28.557	-61.33	-13.3909	5.55821	29.7203	
1.37	1.9	0	0	14.1	0.9	0	1.1	0	0	4.7	61.7	48.9	24.5	36.7	33.1	27.7	100	92.8	99.9	94.9	99.9	96.9	99.7	99.9	99.9	75.6	-11.5509	-28.557	-61.33	-13.3909	5.55821	29.7203	
1.38	1.9	0	0	14.1	0.9	0	1.1	0	0	4.7	61.7	48.9	24.5	36.7	33.1	27.7	100	92.8	99.9	94.9	99.9	96.9	99.7	99.9	99.9	75.6	-11.5509	-28.557	-61.33	-13.3909	5.55821	29.7203	
1.39	1.9	0	0	14.1	0.9	0	1.1	0	0	4.7	61.7	48.9	24.5	36.7	33.1	27.7	100	92.8	99.9	94.9	99.9	96.9	99.7	99.9	99.9	75.6	-11.5509	-28.557	-61.33	-13.3909	5.55821	29.7203	
1.4	1.9	0	0	13.7	1	0	1.1	0	0	4.7	61.3	48.2	24.5	36.35	33	27.3	100	91.6	99.9	95.2	99.9	97.8	99.5	99.3	99.7	78.8	-11.9126	-28.562	-61.1413	-14.4472	5.96611	29.3536	
1.41	1.9	0	0	13.7	1	0	1.1	0	0	4.7	61.3	48.2	24.5	36.35	33	27.3	100	91.6	99.9	95.2	99.9	97.8	99.5	99.3	99.7	78.8	-11.9126	-28.562	-61.1413	-14.4472	5.96611	29.3536	
1.42	1.9	0	0	13.7	1	0	1.1	0	0	4.7	61.3	48.2	24.5	36.35	33	27.3	100	91.6	99.9	95.2	99.9	97.8	99.5	99.3	99.7	78.8	-11.9126	-28.562	-61.1413	-14.4472	5.96611	29.3536	
1.43	1.9	0	0	13.7	1	0	1.1	0	0	4.7	61.3	48.2	24.5	36.35	33	27.3	100	91.6	99.9	95.2	99.9	97.8	99.5	99.3	99.7	78.8	-11.9126	-28.562	-61.1413	-14.4472	5.96611	29.3536	
1.44	1.9	0	0	13.7	1	0	1.1	0	0	4.7	61.3	48.2	24.5	36.35	33	27.3	100	91.6	99.9	95.2	99.9	97.8	99.5	99.3	99.7	78.8	-11.9126	-28.562	-61.1413	-14.4472	5.96611	29.3536	
1.45	1.9	0	0	13.7	1	0	1.1	0	0	4.7	61.3	48.2	24.5	36.35	33	27.3	100	91.6	99.9	95.2	99.9	97.8	99.5	99.3	99.7	78.8	-11.9126	-28.562	-61.1413	-14.4472	5.96611	29.3536	
1.46	1.9	0	0	13.7	1	0	1.1	0	0	4.7	61.3	48.2	24.5	36.35	33	27.3	100	91.6	99.9	95.2	99.9	97.8	99.5	99.3	99.7	78.8	-11.9126	-28.562	-61.1413	-14.4472	5.96611	29.3536	
1.47	1.9	0	0	13.7	1	0	1.1	0	0	4.7	61.3	48.2	24.5	36.35	33	27.3	100	91.6	99.9	95.2	99.9	97.8	99.5	99.3	99.7	78.8	-11.9126	-28.562	-61.1413	-14.4472	5.96611	29.3536	
1.48	1.9	0	0	13.7	1	0	1.1	0	0	4.7	61.3	48.2	24.5	36.35	33	27.3	100	91.6	99.9	95.2	99.9	97.8	99.5	99.3	99.7	78.8	-11.9126	-28.562	-61.1413	-14.4472	5.96611	29.3536	
1.49	1.9	0	0	13.7	1	0	1.1	0	0	4.7	61.3	48.2	24.5	36.35	33	27.3	100	91.6	99.9	95.2	99.9	97.8	99.5	99.3	99.7	78.8	-11.9126	-28.562	-61.1413	-14.4472	5.96611	29.3536	
1.5	1.9	0	0	13.7	1	0	1.1	0	0	4.7	61.3	48.2	24.5	36.35	33	27.3	100	91.6	99.9	95.2	99.9	97.8	99.5	99.3	99.7	78.8	-11.9126	-28.562	-61.1413	-14.4472	5.96611	29.3536	
1.51	1.9	0	0	13.7	1	0	1.1	0	0	4.7	61.3	48.2	24.5	36.35	33	27.3	100	91.6	99.9	95.2	99.9	97.8	99.5	99.3	99.7	78.8	-11.9126	-28.562	-61.1413	-14.4472	5.96611	29.3536	
1.52	1.9	0	0	13.7	1	0	1.1	0	0	4.7	61.3	48.2	24.5	36.35	33	27.3	100	91.6	99.9	95.2	99.9	97.8	99.5	99.3	99.7	78.8	-11.9126	-28.562	-61.1413	-14.4472	5.96611	29.3536	
1.53	1.9	0	0	13.7	1	0	1.1	0	0	4.7	61.3	48.2	24.5	36.35	33	27.3	100	91.6	99.9	95.2	99.9	97.8	99.5	99.3	99.7	78.8	-11.9126	-28.562	-61.1413	-14.4472	5.96611	29.3536	
1.54	1.9	0	0	13.7	1	0	1.1	0	0	4.7	61.3	48.2	24.5	36.35	33	27.3	100	91.6	99.9	95.2	99.9	97.8	99.5	99.3	99.7	78.8	-11.9126	-28.562	-61.1413	-14.4472	5.96611	29.3536	
1.55	1.9	0	0	13.7	1	0	1.1	0	0	4.7	61.3	48.2	24.5	36.35	33	27.3	100	91.6	99.9	95.2	99.9	97.8	99.5	99.3	99.7	78.8	-11.9126	-28.562	-61.1413	-14.4472	5.96611	29.3536	
1.56	1.9	0	0	13.7	1	0	1.1	0	0	4.7	61.3	48.2	24.5	36.35	33	27.3	100	91.6	99.9	95.2	99.9	97.8	99.5	99.3	99.7	78.8	-11.9126	-28.562	-61.1413	-14.4472	5.96611	29.3536	
1.57	1.9	0	0	13.7	1	0	1.1	0	0	4.7	61.3	48.2	24.5	36.35	33	27.3	100	91.6	99.9	95.2	99.9	97.8	99.5	99.3	99.7	78.8	-11.9126	-28.562	-61.1413	-14.4472	5.96611	29.3536	
1.58	1.9	0	0	13.7	1	0	1.1	0	0	4.7	61.3	48.2	24.5	36.35	33	27.3	100	91.6	99.9	95.2	99.9	97.8	99.5	99.3	99.7	78.8	-11.9126	-28.562	-61.1413	-14.4472	5.96611	29.3536	
1.59	1.9	0	0	13.7	1	0	1.1	0	0	4.7	61.3	48.2	24.5	36.35	33	27.3	100	91.6	99.9	95.2	99.9	97.8	99.5	99.3	99.7	78.8	-11.9126	-28.562	-61.1413	-14.4472	5.96611	29.3536	
1.6	1.9	0	0	13.7	1	0	1.1	0	0	4.7	61.3	48.2	24.5	36.35	33	27.3	100	91.6	99.9	95.2	99.9	97.8	99.5	99.3	99.7	78.8	-11.9126	-28.562	-61.1413	-14.4472	5.96611	29.3536	
1.61	1.9	0	0	13.7	1	0	1.1	0	0	4.7	61.3	48.2	24.5	36.35	33	27.3	100	91.6	99.9	95.2	99.9	97.8	99.5	99.3	99.7	78.8	-11.9126	-28.562	-61.1413	-14.4472	5.96611	29.3536	
1.62	1.9	0	0	13.7	1	0	1.1	0	0	4.7	61.3	48.2	24.5	36.35	33	27.3	100	91.6	99.9	95.2	99.9	97.8	99.5	99.3	99.7	78.8	-11.9126	-28.562	-61.1413	-14.4472	5.96611	29.3536	
1.63	1.9	0	0	13.7	1	0	1.1	0	0	4.7	61.3	48.2	24.5	36.35	33	27.3	100	91.6	99.9	95.2	99.9	97.8	99.5	99.3	99.7	78.8	-11.9126	-28.562	-61.1413	-14.4472	5.96611	29.3536	
1.64	1.9	0	0	13.7	1	0	1.1	0	0	4.7	61.3	48.2	24.5	36.35	33	27.3	100	91.6	99.9	95.2	99.9	97.8	99.5	99.3	99.7	78.8	-11.9126	-28.562	-61.1413	-14.4472	5.96611	29.3536	
1.65	1.9	0	0	13.7	1	0	1.1	0	0	4.7	61.3	48.2	24.5	36.35	33	27.3	100	91.6	99.9	95.2	99.9	97.8	99.5	99.3	99.7	78.8	-11.9126	-28.562	-61.1413	-14.4472	5.96611	29.3536	
1.66	1.9	0	0	13.7	1	0	1.1	0	0	4.7	61.3	48.2	24.5	36.35	33	27.3	100	91.6	99.9	95.2	99.9	97.8	99.5	99.3	99.7	78.8	-11.9126	-28.562	-61.1413	-14.4472	5.96611	29.3536	
1.67	1.9	0	0	13.7	1	0	1.1	0	0	4.7	61.3	48.2	24.5	36.35	33	27.3	100	91.6	99.9	95.2	99.9	97.8	99.5	99.3	99.7	78.8	-11.9126	-28.562	-61.1413	-14.4472	5.96611	29.3536	
1.68	1.9	0	0	13.7	1	0	1.1	0	0	4.7	61.3	48.2	24.5	36.35	33	27.3	100	91.6	99.9	95.2	99.9	97.8	99.5	99.3	99.7	78.8	-11.9126	-28.562	-61.1413	-14.4472	5.96611	29.3536	
1.69	1.9	0	0	13.7	1	0	1.1	0	0	4.7	61.3	48.2	24.5	36.35	33	27.3	100	91.6	99.9	95.2	99.9	97.8	99.5	99.3	99.7	78.8	-11.9126	-28.562	-61.1413	-14.4472	5.96611	29.3536	
1.7	1.9	0	0	13.7	1	0	1.1	0	0	4.7	61.3	48.2	24.5	36.35	33	27.3	100	91.6	99.9	95.2	99.9	97.8	99.5	99.3	99.7	78.8	-11.9126	-28.562	-61.1413	-14.4472	5.96611	29.3536	
1.71	1.9	0	0	13.7	1	0	1.1	0	0	4.7	61.3	48.2	24.5	36.35	33	27.3	100	91.6	99.9	95.2	99.9	97.8	99.5	99.3	99.7	78.8	-11.9126	-28.562	-61.1413	-14.4472	5.96611	29.3536	
1.72	1.9	0	0	13.7	1	0	1.1	0	0	4.7	61.3	48.2	24.5	36.35	33	27.3	100	91.6	99.9	95.2	99.9	97.8	99.5	99.3	99.7	78.8	-11.9126	-28.562	-61.1413	-14.4472	5.96611	29.3536	
1.73	1.9	0	0	13.7	1	0	1.1	0	0	4.7	61.3	48.2	24.5	36.35	33	27.3	100	91.6	99.9	95.2	99.9	97.8	99.5	99.3	99.7	78.8	-11.9126	-28.562	-61.1413	-14.4472	5.96611	29.3536	
1.74	1.9	0	0	13.7	1	0	1.1	0	0	4.7	61.3	48.2	24.5	36.35	33	27.3	100	91.6	99.9	95.2	99.9	97.8	99.5	99.3	99.7	78.8	-11.9126	-28.562	-61.1413	-14.4472	5.96611	29.3536	
1.75	1.9	0	0	13.7	1	0	1.1	0	0	4.7	61.3	48.2	24.5	36.35	33	27.3	100	91.6	99.9	95.2	99.9	97.8	99.5	99.3	99.7	78.8	-11.9126	-28.562	-61.1413	-14.4472	5.96611	29.3536	
1.76	2	0	0	13.7	1	0	1.2	0	0	4.7	61.4	48	24.5	36.25	33	27.2	100	91.4	99.1	94.8	99.9	98.3	99.9	99.8	99.4	79.2	-11.605	-28.2426	-61.3019	-13.9754	5.90998	29.3615	
1.77	2.1	0	0	13.6	1.1	0	1.2	0	0	4.6	61.1	46.8	23.7	35.25	33.1	27.4	100	90.1	91	95.7	99.9	97.2	99.3	99.4	99.9	82.7	-11.1706	-28.6616	-61.422	-13.3559	5.89199	29.5183	
1.78	2.1	0	0	13.6	1.1	0	1.2	0	0	4.6	61.1	46.8	23.7	35.25	33.1	27.4	100	90.1	91	95.7	99.9	97.2	99.3	99.4	99.9	82.7	-11.1706	-28.6616	-61.422	-13.3559	5.89199	29.5183	
1.79	2.1	0	0	13.6	1.1	0	1.2	0	0	4.6	61.1	46.8	23.7	35.25	33.1	27.4	100	90.1	91	95.7	99.9	97.2	99.3	99.4	99.9	82.7	-11.1706	-28.6616	-61.422	-13.3559	5.89199	29.5183	
1.8	2.1	0	0	13.6	1.1	0	1.2	0	0	4.6	61.1	46.8	23.7	35.25	33.1	27.4	100	90.1	91	95.7	99.9	97.2	99.3	99.4	99.9	82.7	-11.1706	-28.6616	-61.422	-13.3559	5.89199	29.5183	
1.81	2.1	0	0	13.6	1.1	0	1.2	0	0	4.6	61.1	46.8	23.7	35.25	33.1	27.4	100	90.1	91	95.7	99.9	97.2	99.3	99.4	99.9	82.7	-11.1706	-28.6616	-61.422	-13.3559	5.89199	29.5183	
1.82	2.1	0	0	13.6	1.1	0	1.2	0	0	4.6	61.1	46.8	23.7	35.25	33.1	27.4	100	90.1	91	95.7	99.9	97.2	99.3	99.4	99.9	82.7	-11.1706	-28.6616	-61.422	-13.3559	5.89199	29.5183	
1.83	2.1	0	0	13.6	1.1	0	1.2	0	0	4.6	61.1	46.8	23.7	35.25	33.1	27.4	100	90.1	91	95.7	99.9	97.2	99.3	99.4	99.9	82.7	-11.1706	-28.6616	-61.422	-13.3559	5.89199	29.5183	
1.84	2.1	0	0	13.6	1.1	0	1.2	0	0	4.6	61.1	46.8	23.7	35.25	33.1	27.4	100	90.1	91	95.7	99.9	97.2	99.3	99.4	99.9	82.7	-11.1706	-28.6616	-61.422	-13.3559	5.89199	29.5183	
1.85	2.1	0	0	13.6	1.1	0	1.2	0	0	4.6	61.1	46.8	23.7	35.25	33.1	27.4	100	90.1	91	95.7	99.9	97.2	99.3	99.4	99.9	82.7	-11.1706	-28.6616	-61.422	-13.3559	5.89199	29.5183	
1.86	2.1	0	0	13.6	1.1	0	1.2	0	0	4.6	61.1	46.8	23.7	35.25	33.1	27.4	100	90.1	91	95.7	99.9	97.2	99.3	99.4	99.9	82.7	-11.1706	-28.6616	-61.422	-13.3559	5.89199	29.5183	
1.87	2.1	0	0	13.6	1.1	0	1.2	0	0	4.6	61.1	46.8	23.7	35.25	33.1	27.4	100	90.1	91	95.7	99.9	97.2	99.3	99.4	99.9	82.7	-11.1706	-28.6616	-61.422	-13.3559	5.89199	29.5183	
1.88	2.1	0	0	13.6	1.1	0	1.2	0	0	4.6	61.1	46.8	23.7	35.25	33.1	27.4	100	90.1	91	95.7	99.9	97.2	99.3	99.4	99.9	82.7	-11.1706	-28.6616	-61.422	-13.3559	5.89199	29.5183	
1.89	2.1	0	0	13.6	1.1	0	1.2	0	0	4.6	61.1	46.8	23.7	35.25	33.1	27.4	100	90.1	91	95.7	99.9	97.2	99.3	99.4	99.9	82.7	-11.1706	-28.6616	-61.422	-13.3559	5.89199	29.5183	
1.9	2.1	0	0	13.6	1.1	0	1.2	0	0	4.6	61.1	46.8	23.7	35.25	33.1	27.4	100	90.1	91	95.7	99.9	97.2	99.3	99.4	99.9	82.7	-11.1706	-28.6616	-61.422	-13.3559	5.89199	29.5183	
1.91	2.1	0	0	13.6	1.1	0	1.2	0	0	4.6	61.1	46.8	23.7	35.25	33.1	27.4	100	90.1	91	95.7	99.9	97.2	99.3	99.4	99.9	82.7	-11.1706	-28.6616	-61.422	-13.3559	5.89199	29.5183	
1.92	2.1	0	0	13.6	1.1	0	1.2	0	0	4.6	61.1	46.8	23.7	35.25	33.1	27.4	100	90.1	91	95.7	99.9	97.2	99.3	99.4	99.9	82.7	-11.1706	-28.6616	-61.422	-13.3559	5.89199	29.5183	
1.93	2.1	0	0	13.6	1.1	0	1.2	0	0	4.6	61.1	46.8	23.7	35.25	33.1	27.4	100	90.1	91	95.7	99.9	97.2	99.3	99.4	99.9	82.7	-11.1706	-28.6616	-61.422	-13.3559	5.89199	29.5183	
1.94	2.1	0	0	13.6	1.1	0	1.2	0	0	4.6	61.1	46.8	23.7	35.25	33.1	27.4	100	90.1	91	95.7	99.9	97.2	99.3	99.4	99.9	82.7	-11.1706	-28.6616	-61.422	-13.3559	5.89199	29.5183	
1.95	2.1	0	0	13.6	1.1	0	1.2	0	0	4.6	61.1	46.8	23.7	35.25	33.1	27.4	100	90.1	91	95.7	99.9	97.2	99.3	99.4	99.9	82.7	-11.1706	-28.6616	-61.422	-13.3559	5.89199	29.5183	
1.96	2.1	0	0	13.6	1.1	0	1.2	0	0	4.6	61.1	46.8	23.7	35.25	33.1	27.4	100	90.1	91	95.7	99.9	97.2	99.3	99.4	99.9	82.7	-11.1706	-28.6616	-61.422	-13.3559	5.89199	29.5183	
1.97	2.1	0	0	13.6	1.1	0	1.2	0	0	4.6	61.1	46.8	23.7	35.25	33.1	27.4	100	90.1	91	95.7	99.9	97.2	99.3	99.4	99.9	82.7	-11.1706	-28.6616	-61.422	-13.3559	5.89199	29.5183	
1.98	2.1	0	0	13.6	1.1	0	1.2	0	0	4.6	61.1	46.8	23.7	35.25	33.1	27.4	100	90.1	91	95.7	99.9	97.2	99.3	99.4	99.9	82.7	-11.1706	-28.6616	-61.422	-13.3559	5.89199	29.5183	
1.99	2.1	0	0	13.6	1.1	0	1.2	0	0	4.6	61.1	46.8	23.7	35.25	33.1	27.4	100	90.1	91	95.7	99.9	97.2	99.3	99.4	99.9	82.7	-11.1706	-28.6616	-61.422	-13.3559	5.89199	29.5183	
2	2.1	0	0	13.6	1.1	0	1.2	0	0	4.6	61.1	46.8	23.7	35.25	33.1	27.4	100	90.1	91	95.7	99.9	97.2	99.3	99.4	99.9	82.7	-11.1706	-28.6616	-61.422	-13.3559	5.89199	29.5183	
2.01	2.1	0	0	13.6	1.1	0	1.2	0	0	4.6	61.1	46.8	23.7	35.25	33.1	27.4	100	90.1	91	95.7	99.9	97.2	99.3	99.4	99.9	82.7	-11.1706	-28.6616	-61.422	-13.3559	5.89199	29.5183	
2.02	2.1	0	0	13.6	1.1	0	1.2	0	0	4.6	61.1	46.8	23.7	35.25	33.1	27.4	100	90.1	91	95.7	99.9	97.2	99.3	99.4	99.9	82.7	-11.1706	-28.6616	-61.422	-13.3559	5.89199	29.5183	
2.03	2.1	0	0	13.6	1.1	0	1.2	0	0	4.6	61.1	46.8	23.7	35.25	33.1	27.4	100	90.1	91	95.7	99.9	97.2	99.3	99.4	99.9	82.7	-11.1706	-28.6616	-61.422	-13.3559	5.89199	29.5183	
2.04	2.1	0	0	13.6	1.1	0	1.2	0	0	4.6	61.1	46.8	23.7	35.25	33.1	27.4	100	90.1	91	95.7	99.9	97.2	99.3	99.4	99.9	82.7	-11.1706	-28.6616	-61.422	-13.3559	5.89199	29.5183	
2.05	2.1	0	0	13.6	1.1	0	1.2	0	0	4.6	61.1	46.8	23.7	35.25	33.1	27.4	100	90.1	91	95.7	99.9	97.2	99.3	99.4	99.9	82.7	-11.1706	-28.6616	-61.422	-13.3559	5.89199	29.5183	
2.06	2.1	0	0	13.6	1.1	0	1.2	0	0	4.6	61.1	46.8	23.7	35.25	33.1	27.4	100	90.1	91	95.7	99.9	97.2	99.3	99.4	99.9	82.7	-11.1706	-28.6616	-61.422	-13.3559	5.89199	29.5183	
2.07	2.1	0	0	13.6	1.1	0	1.2	0	0	4.6	61.1	46.8	23.7	35.25	33.1	27.4	100	90.1	91	95.7	99.9	97.2	99.3	99.4	99.9	82.7	-11.1706	-28.6616	-61.422	-13.3559	5.89199	29.5183	
2.08	2.1	0	0	13.6	1.1	0	1.2	0	0	4.6	61.1	46.8	23.7	35.25	33.1	27.4	100	90.1	91	95.7	99.9	97.2	99.3	99.4	99.9	82.7	-11.1706	-28.6616	-61.422	-13.3559	5.89199	29.5183	
2.09	2.1	0	0	13.6	1.1	0	1.2	0	0	4.6	61.1	46.8	23.7	35.25	33.1	27.4	100	90.1	91	95.7	99.9	97.2	99.3	99.4	99.9	82.7	-11.1706	-28.6616	-61.422	-13.3559	5.89199	29.5183	
2.1	2.1	0	0	13.6	1.1	0	1.2	0	0	4.6	61.1	46.8	23.7	35.25	33.1	27.4	100	90.1	91	95.7	99.9	97.2	99.3	99.4	99.9	82.7	-11.1706	-28.6616	-61.422	-13.3559	5.89199	29.5183	
2.11	2.1	0	0	13.6	1.1	0	1.2	0	0	4.6	61.1	46.8	23.7	35.25	33.1	27.4	100	90.1	91	95.7	99.9	97.2	99.3	99.4	99.9	82.7	-11.1706	-28.6616	-61.422	-13.3559	5.89199	29.5183	
2.12	2.1	0	0	13.6	1.1	0	1.2	0	0	4.6	61.1	46.8	23.7	35.25	33.1	27.4	100	90.1	91	95.7	99.9	97.2	99.3	99.4	99.9	82.7	-11.1706	-28.6616	-61.422	-13.3559	5.89199	29.5183	
2.13	2.1	0	0	13.6	1.1	0	1.2	0	0	4.6	61.1	46.8	23.7	35.25	33.1	27.4	100	90.1	91	95.7	99.9	97.2	99.3	99.4	99.9	82.7	-11.1706	-28.6616	-61.422	-13.3559	5.89199	29.5183	
2.14	2.1	0	0	13.6	1.1	0	1.1	0	0	4.6	60.8	46.4	23.2	34.8	33.5	27.1	99.9	92.8	92.5	96.2	99.9	98.4	99.9	99.8	99.3	84.6	-11.9508	-28.8602	-60.94	-14.0719	5.89035	29.7345	
2.15	2.1	0	0	13.6	1.1	0	1.1	0	0	4.6	60.8	46.4	23.2	34.8	33.5	27.1	99.9	92.8	92.5	96.2	99.9	98.4	99.9	99.8	99.3	84.6	-11.9508	-28.8602	-60.94	-14.0719	5.89035	29.7345	
2.16	2.1	0	0	13.6	1.1	0	1.1	0	0	4.6	60.8	46.4	23.2	34.8	33.5	27.1	99.9	92.8	92.5	96.2	99.9	98.4	99.9	99.8	99.3	84.6	-11.9508	-28.8602	-60.94	-14.0719	5.89035	29.7345	
2.17	2.1	0	0	13.6	1.1	0	1.1	0	0	4.6	60.8	46.4	23.2	34.8	33.5	27.1	99.9	92.8	92.5	96.2	99.9	98.4	99.9	99.8	99.3	84.6	-11.9508	-28.8602	-60.94	-14.0719	5.89035	29.7345	
2.18	2.1	0	0	13.6	1.1	0	1.1	0	0	4.6	60.8	46.4	23.2	34.8	33.5	27.1	99.9	92.8	92.5	96.2	99.9	98.4	99.9	99.8	99.3	84.6	-11.9508	-28.8602	-60.94	-14.0719	5.89035	29.7345	
2.19	2.1	0	0	13.6	1.1	0	1.1	0	0	4.6	60.8	46.4	23.2	34.8	33.5	27.1	99.9	92.8	92.5	96.2	99.9	98.4	99.9	99.8	99.3	84.6	-11.9508	-28.8602	-60.94	-14.0719	5.89035	29.7345	
2.2	2.1	0	0	13.6	1.1	0	1.1	0	0	4.6	60.8	46.4	23.2	34.8	33.5	27.1	99.9	92.8	92.5	96.2	99.9	98.4	99.9	99.8	99.3	84.6	-11.9508	-28.8602	-60.94	-14.0719	5.89035	29.7345	
2.21	2.1	0	0	13.6	1.1	0	1.1	0	0	4.6	60.8	46.4	23.2	34.8	33.5	27.1	99.9	92.8	92.5	96.2	99.9	98.4	99.9	99.8	99.3	84.6	-11.9508	-28.8602	-60.94	-14.0719	5.89035	29.7345	
2.22	2.1	0	0	13.6	1.1	0	1.1	0	0	4.6	60.8	46.4	23.2	34.8	33.5	27.1	99.9	92.8	92.5	96.2	99.9	98.4	99.9	99.8	99.3	84.6	-11.9508	-28.8602	-60.94	-14.0719	5.89035	29.7345	
2.23	2.1	0	0	13.6	1.1	0	1.1	0	0	4.6	60.8	46.4	23.2	34.8	33.5	27.1	99.9	92.8	92.5	96.2	99.9	98.4	99.9	99.8	99.3	84.6	-11.9508	-28.8602	-60.94	-14.0719	5.89035	29.7345	
2.24	2.1	0	0	13.6	1.1	0	1.1	0	0	4.6	60.8	46.4	23.2	34.8	33.5	27.1	99.9	92.8	92.5	96.2	99.9	98.4	99.9	99.8	99.3	84.6	-11.9508	-28.8602	-60.94	-14.0719	5.89035	29.7345	
2.25	2.1	0	0	13.6	1.1	0	1.1	0	0	4.6	60.8	46.4	23.2	34.8	33.5	27.1	99.9	92.8	92.5	96.2	99.9	98.4	99.9	99.8	99.3	84.6	-11.9508	-28.8602	-60.94	-14.0719	5.89035	29.7345	
2.26	2.1	0	0	13.6	1.1	0	1.1	0	0	4.6	60.8	46.4	23.2	34.8	33.5	27.1	99.9	92.8	92.5	96.2	99.9	98.4	99.9	99.8	99.3	84.6	-11.9508	-28.8602	-60.94	-14.0719	5.89035	29.7345	
2.27	2.1	0	0	13.6	1.1	0	1.1	0	0	4.6	60.8	46.4	23.2	34.8	33.5	27.1	99.9	92.8	92.5	96.2	99.9	98.4	99.9	99.8	99.3	84.6	-11.9508	-28.8602	-60.94	-14.0719	5.89035	29.7345	
2.28	2.1	0	0	13.6	1.1	0	1.1	0	0	4.6	60.8	46.4	23.2	34.8	33.5	27.1	99.9	92.8	92.5	96.2	99.9	98.4	99.9	99.8	99.3	84.6	-11.9508	-28.8602	-60.94	-14.0719	5.89035	29.7345	
2.29	2.1	0	0	13.6	1.1	0	1.1	0	0	4.6	60.8	46.4	23.2	34.8	33.5	27.1	99.9	92.8	92.5	96.2	99.9	98.4	99.9	99.8	99.3	84.6	-11.9508	-28.8602	-60.94	-14.0719	5.89035	29.7345	
2.3	2.1	0	0	13.6	1.1	0	1.1	0	0	4.6	60.8	46.4	23.2	34.8	33.5	27.1	99.9	92.8	92.5	96.2	99.9	98.4	99.9	99.8	99.3	84.6	-11.9508	-28.8602	-60.94	-14.0719	5.89035	29.7345	
2.31	2.1	0	0	13.6	1.1	0	1.1	0	0	4.6	60.8	46.4	23.2	34.8	33.5	27.1	99.9	92.8	92.5	96.2	99.9	98.4	99.9	99.8	99.3	84.6	-11.9508	-28.8602	-60.94	-14.0719	5.89035	29.7345	
2.32	2.1	0	0	13.6	1.1	0	1.1	0	0	4.6	60.8	46.4	23.2	34.8	33.5	27.1	99.9	92.8	92.5	96.2	99.9	98.4	99.9	99.8	99.3	84.6	-11.9508	-28.8602	-60.94	-14.0719	5.89035	29.7345	
2.33	2.1	0	0	13.6	1.1	0	1.1	0	0	4.6	60.8	46.4	23.2	34.8	33.5	27.1	99.9	92.8	92.5	96.2	99.9	98.4	99.9	99.8	99.3	84.6	-11.9508	-28.8602	-60.94	-14.0719	5.89035	29.7345	
2.34	2.1	0	0	13.6	1.1	0	1.1	0	0	4.6	60.8	46.4	23.2	34.8	33.5	27.1	99.9	92.8	92.5	96.2	99.9	98.4	99.9	99.8	99.3	84.6	-11.9508	-28.8602	-60.94	-14.0719	5.89035	29.7345	
2.35	2.1	0	0	13.6	1.1	0	1.1	0	0	4.6	60.8	46.4	23.2	34.8	33.5	27.1	99.9	92.8	92.5	96.2	99.9	98.4	99.9	99.8	99.3	84.6	-11.9508	-28.8602	-60.94	-14.0719	5.89035	29.7345	
2.36	2.1	0	0	13.6	1.1	0	1.1	0	0	4.6	60.8	46.4	23.2	34.8	33.5	27.1	99.9	92.8	92.5	96.2	99.9	98.4	99.9	99.8	99.3	84.6	-11.9508	-28.8602	-60.94	-14.0719	5.89035	29.7345	
2.37	2.1	0	0	13.6	1.1	0	1.1	0	0	4.6	60.8	46.4	23.2	34.8	33.5	27.1	99.9	92.8	92.5	96.2	99.9	98.4	99.9	99.8	99.3	84.6	-11.9508	-28.8602	-60.94	-14.0719	5.89035	29.7345	
2.38	2.1	0	0	13.6	1.1	0	1.1	0	0	4.6	60.8	46.4	23.2	34.8	33.5	27.1	99.9	92.8	92.5	96.2	99.9	98.4	99.9	99.8	99.3	84.6	-11.9508	-28.8602	-60.94	-14.0719	5.89035	29.7345	
2.39	2.1	0	0	13.6	1.1	0	1.1	0	0	4.6	60.8	46.4	23.2	34.8	33.5	27.1	99.9	92.8	92.5	96.2	99.9	98.4	99.9	99.8	99.3	84.6	-11.9508	-28.8602	-60.94	-14.0719	5.89035	29.7345	
2.4	2.1	0	0	13.6	1.1	0	1.1	0	0	4.6	60.8	46.4	23.2	34.8	33.5	27.1	99.9	92.8	92.5	96.2	99.9	98.4	99.9	99.8	99.3	84.6	-11.9508	-28.8602	-60.94	-14.0719	5.89035	29.7345	
2.41	2.1	0	0	13.6	1.1	0	1.1	0	0	4.6	60.8	46.4	23.2	34.8	33.5	27.1	99.9	92.8	92.5	96.2	99.9	98.4	99.9	99.8	99.3	84.6	-11.9508	-28.8602	-60.94	-14.0719	5.89035	29.7345	
2.42	2.1	0	0	13.6	1.1	0	1.1	0	0	4.6	60.8	46.4	23.2	34.8	33.5	27.1	99.9	92.8	92.5	96.2	99.9	98.4	99.9	99.8	99.3	84.6	-11.9508	-28.8602	-60.94	-14.0719	5.89035	29.7345	
2.43	2.1	0	0	13.6	1.1	0	1.1	0	0	4.6	60.8	46.4	23.2	34.8	33.5	27.1	99.9	92.8	92.5	96.2	99.9	98.4	99.9	99.8	99.3	84.6	-11.9508	-28.8602	-60.94	-14.0719	5.89035	29.7345	
2.44	2.1	0	0	13.6	1.1	0	1.1	0	0	4.6	60.8	46.4	23.2	34.8	33.5	27.1	99.9	92.8	92.5	96.2	99.9	98.4	99.9	99.8	99.3	84.6	-11.9508	-28.8602	-60.94	-14.0719	5.89035	29.7345	
2.45	2.1	0	0	13.6	1.1	0	1.1	0	0	4.6	60.8	46.4	23.2	34.8	33.5	27.1	99.9	92.8	92.5	96.2	99.9	98.4	99.9	99.8	99.3	84.6	-11.9508	-28.8602	-60.94	-14.0719	5.89035	29.7345	
2.46	2.1	0	0	13.6	1.1	0	1.1	0	0	4.6	60.8	46.4	23.2	34.8	33.5	27.1	99.9	92.8	92.5	96.2	99.9	98.4	99.9	99.8	99.3	84.6	-11.9508	-28.8602	-60.94	-14.0719	5.89035	29.7345	
2.47	2.1	0	0	13.6	1.1	0	1.1	0	0	4.6	60.8	46.4	23.2	34.8	33.5	27.1	99.9	92.8	92.5	96.2	99.9	98.4	99.9	99.8	99.3	84.6	-11.9508	-28.8602	-60.94	-14.0719	5.89035	29.7345	
2.48	2.1	0	0	13.6	1.1	0	1.1	0	0	4.6	60.8	46.4	23.2	34.8	33.5	27.1	99.9	92.8	92.5	96.2	99.9	98.4	99.9	99.8	99.3	84.6	-11.9508	-28.8602	-60.94	-14.0719	5.89035	29.7345	
2.49	2.1	0	0	13.6	1.1	0	1.1	0	0	4.6	60.8	46.4	23.2	34.8	33.5	27.1	99.9	92.8	92.5	96.2	99.9	98.4	99.9	99.8	99.3	84.6	-11.9508	-28.8602	-60.94	-14.0719	5.89035	29.7345	
2.5	2.1	0	0	13.6	1.1	0	1.1	0	0	4.6	60.8	46.4	23.2	34.8	33.5	27.1	99.9	92.8	92.5	96.2	99.9	98.4	99.9	99.8	99.3	84.6	-11.9508	-28.8602	-60.94	-14.0719	5.89035	29.7345	
2.51	2	0	0	13.6	1.1	0	1.2	0	0	4.5	60.8	45.9	22.9	34.4	33.3	27.2	99.9	90.4	93.3	94.6	99.9	97.4	99.9	99.9	99.4	85.6	-10.9715	-28.886	-61.3824	-12.6659	5.88455	30.1165	
2.52	2	0	0	13.6	1.1	0	1.2	0	0	4.5	60.8	45.9	22.9	34.4	33.3	27.2	99.9	90.4	93.3	94.6	99.9	97.4	99.9	99.9	99.4	85.6	-10.9715	-28.886	-61.3824	-12.6659	5.88455	30.1165	
2.53	2	0	0	13.6	1.1	0	1.2	0	0	4.5	60.8	45.9	22.9	34.4	33.3	27.2	99.9	90.4	93.3	94.6	99.9	97.4	99.9	99.9	99.4	85.6	-10.9715	-28.886	-61.3824	-12.6659	5.88455	30.1165	
2.54	2	0	0	13.6	1.1	0	1.2	0	0	4.5	60.8	45.9	22.9	34.4	33.3	27.2	99.9	90.4	93.3	94.6	99.9	97.4	99.9	99.9	99.4	85.6	-10.9715	-28.886	-61.3824	-12.6659	5.88455	30.1165	
2.55	2	0	0	13.6	1.1	0	1.2	0	0	4.5	60.8	45.9	22.9	34.4	33.3	27.2	99.9	90.4	93.3	94.6	99.9	97.4	99.9	99.9	99.4	85.6	-10.9715	-28.886	-61.3824	-12.6659	5.88455	30.1165	
2.56	2	0	0	13.6	1.1	0	1.2	0	0	4.5	60.8	45.9	22.9	34.4	33.3	27.2	99.9	90.4	93.3	94.6	99.9	97.4	99.9	99.9	99.4	85.6	-10.9715	-28.886	-61.3824	-12.6659	5.88455	30.1165	
2.57	2	0	0	13.6	1.1	0	1.2	0	0	4.5	60.8	45.9	22.9	34.4	33.3	27.2	99.9	90.4	93.3	94.6	99.9	97.4	99.9	99.9	99.4	85.6	-10.9715	-28.886	-61.3824	-12.6659	5.88455	30.1165	
2.58	2	0	0	13.6	1.1	0	1.2	0	0	4.5	60.8	45.9	22.9	34.4	33.3	27.2	99.9	90.4	93.3	94.6	99.9	97.4	99.9	99.9	99.4	85.6	-10.9715	-28.886	-61.3824	-12.6659	5.88455	30.1165	
2.59	2	0	0	13.6	1.1	0	1.2	0	0	4.5	60.8	45.9	22.9	34.4	33.3	27.2	99.9	90.4	93.3	94.6	99.9	97.4	99.9	99.9	99.4	85.6	-10.9715	-28.886	-61.3824	-12.6659	5.88455	30.1165	
2.6	2	0	0	13.6	1.1	0	1.2	0	0	4.5	60.8	45.9	22.9	34.4	33.3	27.2	99.9	90.4	93.3	94.6	99.9	97.4	99.9	99.9	99.4	85.6	-10.9715	-28.886	-61.3824	-12.6659	5.88455	30.1165	
2.61	2	0	0	13.6	1.1	0	1.2	0	0	4.5	60.8	45.9	22.9	34.4	33.3	27.2	99.9	90.4	93.3	94.6	99.9	97.4	99.9	99.9	99.4	85.6	-10.9715	-28.886	-61.3824	-12.6659	5.88455	30.1165	
2.62	2	0	0	13.6	1.1	0	1.2	0	0	4.5	60.8	45.9	22.9	34.4	33.3	27.2	99.9	90.4	93.3	94.6	99.9	97.4	99.9	99.9	99.4	85.6	-10.9715	-28.886	-61.3824	-12.6659	5.88455	30.1165	
2.63	2	0	0	13.6	1.1	0	1.2	0	0	4.5	60.8	45.9	22.9	34.4	33.3	27.2	99.9	90.4	93.3	94.6	99.9	97.4	99.9	99.9	99.4	85.6	-10.9715	-28.886	-61.3824	-12.6659	5.88455	30.1165	
2.64	2	0	0	13.6	1.1	0	1.2	0	0	4.5	60.8	45.9	22.9	34.4	33.3	27.2	99.9	90.4	93.3	94.6	99.9	97.4	99.9	99.9	99.4	85.6	-10.9715	-28.886	-61.3824	-12.6659	5.88455	30.1165	
2.65	2	0	0	13.6	1.1	0	1.2	0	0	4.5	60.8	45.9	22.9	34.4	33.3	27.2	99.9	90.4	93.3	94.6	99.9	97.4	99.9	99.9	99.4	85.6	-10.9715	-28.886	-61.3824	-12.6659	5.88455	30.1165	
2.66	2	0	0	13.6	1.1	0	1.2	0	0	4.5	60.8	45.9	22.9	34.4	33.3	27.2	99.9	90.4	93.3	94.6	99.9	97.4	99.9	99.9	99.4	85.6	-10.9715	-28.886	-61.3824	-12.6659	5.88455	30.1165	
2.67	2	0	0	13.6	1.1	0	1.2	0	0	4.5	60.8	45.9	22.9	34.4	33.3	27.2	99.9	90.4	93.3	94.6	99.9	97.4	99.9	99.9	99.4	85.6	-10.9715	-28.886	-61.3824	-12.6659	5.88455	30.1165	
