Hora de inicio de la toma de datos: 10:34:31
AT(s)	F1.1	F1.2	F2.1	F2.2	F3.1	F3.2	F4.1	F4.2	F5.1	F5.2	ABD1	ABD2	ABD3	ABD4	PA	TCO	P1	P2	P3	P4	P5	P6	P7	P8	P9	P10	HRoll	HPitch	HYaw	WRoll	WPitch	WYaw	
0.01	1.6	0	3.6	11.4	2.4	0	3.1	0	0	4.9	36.9	36.8	16.2	26.5	30.2	26	99.9	99.9	73.9	83.7	99.9	99.1	99.9	99.9	99.8	93.4	-27.1715	-0.388249	119.431	-18.8985	6.34027	172.537	
0.02	1.6	0	3.6	11.4	2.4	0	3.1	0	0	4.9	36.9	36.8	16.2	26.5	30.2	26	99.9	99.9	73.9	83.7	99.9	99.1	99.9	99.9	99.8	93.4	-27.1715	-0.388249	119.431	-18.8985	6.34027	172.537	
0.03	1.6	0	3.6	11.4	2.4	0	3.1	0	0	4.9	36.9	36.8	16.2	26.5	30.2	26	99.9	99.9	73.9	83.7	99.9	99.1	99.9	99.9	99.8	93.4	-27.1715	-0.388249	119.431	-18.8985	6.34027	172.537	
0.04	1.7	0	3.6	11.3	2.1	0	3.2	0	0	4.8	36.9	36.5	16.5	26.5	30.4	25.9	100	99.9	70.9	83.5	99.9	99	99.9	99.7	99.6	93	-27.3202	-0.299034	119.428	-18.7404	6.22705	172.541	
0.05	1.7	0	3.6	11.3	2.1	0	3.2	0	0	4.8	37.2	36.5	16.4	26.45	30.5	25.9	99.9	99.9	70.8	83.7	99.9	99.1	99.8	99.6	99.3	92.9	-27.2841	-0.357139	119.427	-18.6988	6.31117	172.541	
0.06	1.7	0	3.6	11.3	2.1	0	3.2	0	0	4.8	37.2	36.5	16.4	26.45	30.5	25.9	99.9	99.9	70.8	83.7	99.9	99.1	99.8	99.6	99.3	92.9	-27.2841	-0.357139	119.427	-18.6988	6.31117	172.541	
0.07	1.7	0	3.6	11.3	2.1	0	3.2	0	0	4.8	37.2	36.5	16.4	26.45	30.5	25.9	99.9	99.9	70.8	83.7	99.9	99.1	99.8	99.6	99.3	92.9	-27.2841	-0.357139	119.427	-18.6988	6.31117	172.541	
0.08	1.7	0	3.6	11.3	2.1	0	3.2	0	0	4.8	37.2	36.5	16.4	26.45	30.5	25.9	99.9	99.9	70.8	83.7	99.9	99.1	99.8	99.6	99.3	92.9	-27.2841	-0.357139	119.427	-18.6988	6.31117	172.541	
0.09	1.7	0	3.6	11.3	2.1	0	3.2	0	0	4.8	37.2	36.5	16.4	26.45	30.5	25.9	99.9	99.9	70.8	83.7	99.9	99.1	99.8	99.6	99.3	92.9	-27.2841	-0.357139	119.427	-18.6988	6.31117	172.541	
0.1	1.7	0	3.6	11.3	2.1	0	3.2	0	0	4.8	37.2	36.5	16.4	26.45	30.5	25.9	99.9	99.9	70.8	83.7	99.9	99.1	99.8	99.6	99.3	92.9	-27.2841	-0.357139	119.427	-18.6988	6.31117	172.541	
0.11	1.7	0	3.6	11.3	2.1	0	3.2	0	0	4.8	37.2	36.5	16.4	26.45	30.5	25.9	99.9	99.9	70.8	83.7	99.9	99.1	99.8	99.6	99.3	92.9	-27.2841	-0.357139	119.427	-18.6988	6.31117	172.541	
0.12	1.7	0	3.6	11.3	2.1	0	3.2	0	0	4.8	37.2	36.5	16.4	26.45	30.5	25.9	99.9	99.9	70.8	83.7	99.9	99.1	99.8	99.6	99.3	92.9	-27.2841	-0.357139	119.427	-18.6988	6.31117	172.541	
0.13	1.7	0	3.6	11.3	2.1	0	3.2	0	0	4.8	37.2	36.5	16.4	26.45	30.5	25.9	99.9	99.9	70.8	83.7	99.9	99.1	99.8	99.6	99.3	92.9	-27.2841	-0.357139	119.427	-18.6988	6.31117	172.541	
0.14	1.7	0	3.6	11.3	2.1	0	3.2	0	0	4.8	37.2	36.5	16.4	26.45	30.5	25.9	99.9	99.9	70.8	83.7	99.9	99.1	99.8	99.6	99.3	92.9	-27.2841	-0.357139	119.427	-18.6988	6.31117	172.541	
0.15	1.7	0	3.6	11.3	2.1	0	3.2	0	0	4.8	37.2	36.5	16.4	26.45	30.5	25.9	99.9	99.9	70.8	83.7	99.9	99.1	99.8	99.6	99.3	92.9	-27.2841	-0.357139	119.427	-18.6988	6.31117	172.541	
0.16	1.7	0	3.6	11.3	2.1	0	3.2	0	0	4.8	37.2	36.5	16.4	26.45	30.5	25.9	99.9	99.9	70.8	83.7	99.9	99.1	99.8	99.6	99.3	92.9	-27.2841	-0.357139	119.427	-18.6988	6.31117	172.541	
0.171	1.7	0	3.6	11.3	2.1	0	3.2	0	0	4.8	37.2	36.5	16.4	26.45	30.5	25.9	99.9	99.9	70.8	83.7	99.9	99.1	99.8	99.6	99.3	92.9	-27.2841	-0.357139	119.427	-18.6988	6.31117	172.541	
0.181	1.7	0	3.6	11.3	2.1	0	3.2	0	0	4.8	37.2	36.5	16.4	26.45	30.5	25.9	99.9	99.9	70.8	83.7	99.9	99.1	99.8	99.6	99.3	92.9	-27.2841	-0.357139	119.427	-18.6988	6.31117	172.541	
0.191	1.7	0	3.6	11.3	2.1	0	3.2	0	0	4.8	37.2	36.5	16.4	26.45	30.5	25.9	99.9	99.9	70.8	83.7	99.9	99.1	99.8	99.6	99.3	92.9	-27.2841	-0.357139	119.427	-18.6988	6.31117	172.541	
0.201	1.7	0	3.6	11.3	2.1	0	3.2	0	0	4.8	37.2	36.5	16.4	26.45	30.5	25.9	99.9	99.9	70.8	83.7	99.9	99.1	99.8	99.6	99.3	92.9	-27.2841	-0.357139	119.427	-18.6988	6.31117	172.541	
0.211	1.7	0	3.6	11.3	2.1	0	3.2	0	0	4.8	37.2	36.5	16.4	26.45	30.5	25.9	99.9	99.9	70.8	83.7	99.9	99.1	99.8	99.6	99.3	92.9	-27.2841	-0.357139	119.427	-18.6988	6.31117	172.541	
0.221	1.7	0	3.6	11.3	2.1	0	3.2	0	0	4.8	37.2	36.5	16.4	26.45	30.5	25.9	99.9	99.9	70.8	83.7	99.9	99.1	99.8	99.6	99.3	92.9	-27.2841	-0.357139	119.427	-18.6988	6.31117	172.541	
0.231	1.7	0	3.6	11.3	2.1	0	3.2	0	0	4.8	37.2	36.5	16.4	26.45	30.5	25.9	99.9	99.9	70.8	83.7	99.9	99.1	99.8	99.6	99.3	92.9	-27.2841	-0.357139	119.427	-18.6988	6.31117	172.541	
0.241	1.7	0	3.6	11.3	2.1	0	3.2	0	0	4.8	37.2	36.5	16.4	26.45	30.5	25.9	99.9	99.9	70.8	83.7	99.9	99.1	99.8	99.6	99.3	92.9	-27.2841	-0.357139	119.427	-18.6988	6.31117	172.541	
0.251	1.7	0	3.6	11.3	2.1	0	3.2	0	0	4.8	37.2	36.5	16.4	26.45	30.5	25.9	99.9	99.9	70.8	83.7	99.9	99.1	99.8	99.6	99.3	92.9	-27.2841	-0.357139	119.427	-18.6988	6.31117	172.541	
0.261	1.7	0	3.6	11.3	2.1	0	3.2	0	0	4.8	37.2	36.5	16.4	26.45	30.5	25.9	99.9	99.9	70.8	83.7	99.9	99.1	99.8	99.6	99.3	92.9	-27.2841	-0.357139	119.427	-18.6988	6.31117	172.541	
0.271	1.7	0	3.6	11.3	2.1	0	3.2	0	0	4.8	37.2	36.5	16.4	26.45	30.5	25.9	99.9	99.9	70.8	83.7	99.9	99.1	99.8	99.6	99.3	92.9	-27.2841	-0.357139	119.427	-18.6988	6.31117	172.541	
0.281	1.7	0	3.6	11.3	2.1	0	3.2	0	0	4.8	37.2	36.5	16.4	26.45	30.5	25.9	99.9	99.9	70.8	83.7	99.9	99.1	99.8	99.6	99.3	92.9	-27.2841	-0.357139	119.427	-18.6988	6.31117	172.541	
0.29	1.7	0	3.6	11.3	2.1	0	3.2	0	0	4.8	37.2	36.5	16.4	26.45	30.5	25.9	99.9	99.9	70.8	83.7	99.9	99.1	99.8	99.6	99.3	92.9	-27.2841	-0.357139	119.427	-18.6988	6.31117	172.541	
0.3	1.7	0	3.6	11.3	2.1	0	3.2	0	0	4.8	37.2	36.5	16.4	26.45	30.5	25.9	99.9	99.9	70.8	83.7	99.9	99.1	99.8	99.6	99.3	92.9	-27.2841	-0.357139	119.427	-18.6988	6.31117	172.541	
0.31	1.7	0	3.6	11.3	2.1	0	3.2	0	0	4.8	37.2	36.5	16.4	26.45	30.5	25.9	99.9	99.9	70.8	83.7	99.9	99.1	99.8	99.6	99.3	92.9	-27.2841	-0.357139	119.427	-18.6988	6.31117	172.541	
0.32	1.7	0	3.6	11.3	2.1	0	3.2	0	0	4.8	37.2	36.5	16.4	26.45	30.5	25.9	99.9	99.9	70.8	83.7	99.9	99.1	99.8	99.6	99.3	92.9	-27.2841	-0.357139	119.427	-18.6988	6.31117	172.541	
0.33	1.7	0	3.6	11.3	2.1	0	3.2	0	0	4.8	37.2	36.5	16.4	26.45	30.5	25.9	99.9	99.9	70.8	83.7	99.9	99.1	99.8	99.6	99.3	92.9	-27.2841	-0.357139	119.427	-18.6988	6.31117	172.541	
0.34	1.7	0	3.6	11.3	2.1	0	3.2	0	0	4.8	37.2	36.5	16.4	26.45	30.5	25.9	99.9	99.9	70.8	83.7	99.9	99.1	99.8	99.6	99.3	92.9	-27.2841	-0.357139	119.427	-18.6988	6.31117	172.541	
0.35	1.7	0	3.6	11.3	2.1	0	3.2	0	0	4.8	37.2	36.5	16.4	26.45	30.5	25.9	99.9	99.9	70.8	83.7	99.9	99.1	99.8	99.6	99.3	92.9	-27.2841	-0.357139	119.427	-18.6988	6.31117	172.541	
0.36	1.7	0	3.6	11.3	2.1	0	3.2	0	0	4.8	37.2	36.5	16.4	26.45	30.5	25.9	99.9	99.9	70.8	83.7	99.9	99.1	99.8	99.6	99.3	92.9	-27.2841	-0.357139	119.427	-18.6988	6.31117	172.541	
0.37	1.7	0	3.6	11.3	2.1	0	3.2	0	0	4.8	37.2	36.5	16.4	26.45	30.5	25.9	99.9	99.9	70.8	83.7	99.9	99.1	99.8	99.6	99.3	92.9	-27.2841	-0.357139	119.427	-18.6988	6.31117	172.541	
0.38	1.7	0	3.6	11.3	2.1	0	3.2	0	0	4.8	37.2	36.5	16.4	26.45	30.5	25.9	99.9	99.9	70.8	83.7	99.9	99.1	99.8	99.6	99.3	92.9	-27.2841	-0.357139	119.427	-18.6988	6.31117	172.541	
0.39	1.7	0	3.6	11.3	2.1	0	3.2	0	0	4.8	37.2	36.5	16.4	26.45	30.5	25.9	99.9	99.9	70.8	83.7	99.9	99.1	99.8	99.6	99.3	92.9	-27.2841	-0.357139	119.427	-18.6988	6.31117	172.541	
0.4	1.7	0	3.6	11.3	2.1	0	3.2	0	0	4.8	37.2	36.5	16.4	26.45	30.5	25.9	99.9	99.9	70.8	83.7	99.9	99.1	99.8	99.6	99.3	92.9	-27.2841	-0.357139	119.427	-18.6988	6.31117	172.541	
0.41	1.6	0	3.6	11.3	2.2	0	3.2	0	0	4.8	36.8	36.2	16.4	26.3	30.4	26	100	99.9	70.5	85.8	99.9	99.1	99.9	99.6	99.4	93.7	-27.8367	-0.231366	119.447	-19.1432	6.37406	172.479	
0.42	1.6	0	3.6	11.3	2.2	0	3.2	0	0	4.8	36.8	36.2	16.4	26.3	30.4	26	100	99.9	70.5	85.8	99.9	99.1	99.9	99.6	99.4	93.7	-27.8367	-0.231366	119.447	-19.1432	6.37406	172.479	
0.43	1.6	0	3.6	11.3	2.2	0	3.2	0	0	4.8	36.8	36.2	16.4	26.3	30.4	26	100	99.9	70.5	85.8	99.9	99.1	99.9	99.6	99.4	93.7	-27.8367	-0.231366	119.447	-19.1432	6.37406	172.479	
0.44	1.6	0	3.6	11.3	2.2	0	3.2	0	0	4.8	36.8	36.2	16.4	26.3	30.4	26	100	99.9	70.5	85.8	99.9	99.1	99.9	99.6	99.4	93.7	-27.8367	-0.231366	119.447	-19.1432	6.37406	172.479	
0.45	1.6	0	3.6	11.3	2.2	0	3.2	0	0	4.8	36.8	36.2	16.4	26.3	30.4	26	100	99.9	70.5	85.8	99.9	99.1	99.9	99.6	99.4	93.7	-27.8367	-0.231366	119.447	-19.1432	6.37406	172.479	
0.46	1.6	0	3.6	11.3	2.2	0	3.2	0	0	4.8	36.8	36.2	16.4	26.3	30.4	26	100	99.9	70.5	85.8	99.9	99.1	99.9	99.6	99.4	93.7	-27.8367	-0.231366	119.447	-19.1432	6.37406	172.479	
0.47	1.6	0	3.6	11.3	2.2	0	3.2	0	0	4.8	36.8	36.2	16.4	26.3	30.4	26	100	99.9	70.5	85.8	99.9	99.1	99.9	99.6	99.4	93.7	-27.8367	-0.231366	119.447	-19.1432	6.37406	172.479	
0.48	1.6	0	3.6	11.3	2.2	0	3.2	0	0	4.8	36.8	36.2	16.4	26.3	30.4	26	100	99.9	70.5	85.8	99.9	99.1	99.9	99.6	99.4	93.7	-27.8367	-0.231366	119.447	-19.1432	6.37406	172.479	
0.49	1.6	0	3.6	11.3	2.2	0	3.2	0	0	4.8	36.8	36.2	16.4	26.3	30.4	26	100	99.9	70.5	85.8	99.9	99.1	99.9	99.6	99.4	93.7	-27.8367	-0.231366	119.447	-19.1432	6.37406	172.479	
0.5	1.6	0	3.6	11.3	2.2	0	3.2	0	0	4.8	36.8	36.2	16.4	26.3	30.4	26	100	99.9	70.5	85.8	99.9	99.1	99.9	99.6	99.4	93.7	-27.8367	-0.231366	119.447	-19.1432	6.37406	172.479	
0.51	1.6	0	3.6	11.3	2.2	0	3.2	0	0	4.8	36.8	36.2	16.4	26.3	30.4	26	100	99.9	70.5	85.8	99.9	99.1	99.9	99.6	99.4	93.7	-27.8367	-0.231366	119.447	-19.1432	6.37406	172.479	
0.52	1.6	0	3.6	11.3	2.2	0	3.2	0	0	4.8	36.8	36.2	16.4	26.3	30.4	26	100	99.9	70.5	85.8	99.9	99.1	99.9	99.6	99.4	93.7	-27.8367	-0.231366	119.447	-19.1432	6.37406	172.479	
0.53	1.6	0	3.6	11.3	2.2	0	3.2	0	0	4.8	36.8	36.2	16.4	26.3	30.4	26	100	99.9	70.5	85.8	99.9	99.1	99.9	99.6	99.4	93.7	-27.8367	-0.231366	119.447	-19.1432	6.37406	172.479	
0.54	1.6	0	3.6	11.3	2.2	0	3.2	0	0	4.8	36.8	36.2	16.4	26.3	30.4	26	100	99.9	70.5	85.8	99.9	99.1	99.9	99.6	99.4	93.7	-27.8367	-0.231366	119.447	-19.1432	6.37406	172.479	
0.55	1.6	0	3.6	11.3	2.2	0	3.2	0	0	4.8	36.8	36.2	16.4	26.3	30.4	26	100	99.9	70.5	85.8	99.9	99.1	99.9	99.6	99.4	93.7	-27.8367	-0.231366	119.447	-19.1432	6.37406	172.479	
0.56	1.6	0	3.6	11.3	2.2	0	3.2	0	0	4.8	36.8	36.2	16.4	26.3	30.4	26	100	99.9	70.5	85.8	99.9	99.1	99.9	99.6	99.4	93.7	-27.8367	-0.231366	119.447	-19.1432	6.37406	172.479	
0.57	1.6	0	3.6	11.3	2.2	0	3.2	0	0	4.8	36.8	36.2	16.4	26.3	30.4	26	100	99.9	70.5	85.8	99.9	99.1	99.9	99.6	99.4	93.7	-27.8367	-0.231366	119.447	-19.1432	6.37406	172.479	
0.58	1.6	0	3.6	11.3	2.2	0	3.2	0	0	4.8	36.8	36.2	16.4	26.3	30.4	26	100	99.9	70.5	85.8	99.9	99.1	99.9	99.6	99.4	93.7	-27.8367	-0.231366	119.447	-19.1432	6.37406	172.479	
0.59	1.6	0	3.6	11.3	2.2	0	3.2	0	0	4.8	36.8	36.2	16.4	26.3	30.4	26	100	99.9	70.5	85.8	99.9	99.1	99.9	99.6	99.4	93.7	-27.8367	-0.231366	119.447	-19.1432	6.37406	172.479	
0.6	1.6	0	3.6	11.3	2.2	0	3.2	0	0	4.8	36.8	36.2	16.4	26.3	30.4	26	100	99.9	70.5	85.8	99.9	99.1	99.9	99.6	99.4	93.7	-27.8367	-0.231366	119.447	-19.1432	6.37406	172.479	
0.61	1.6	0	3.6	11.3	2.2	0	3.2	0	0	4.8	36.8	36.2	16.4	26.3	30.4	26	100	99.9	70.5	85.8	99.9	99.1	99.9	99.6	99.4	93.7	-27.8367	-0.231366	119.447	-19.1432	6.37406	172.479	
0.62	1.6	0	3.6	11.3	2.2	0	3.2	0	0	4.8	36.8	36.2	16.4	26.3	30.4	26	100	99.9	70.5	85.8	99.9	99.1	99.9	99.6	99.4	93.7	-27.8367	-0.231366	119.447	-19.1432	6.37406	172.479	
0.63	1.6	0	3.6	11.3	2.2	0	3.2	0	0	4.8	36.8	36.2	16.4	26.3	30.4	26	100	99.9	70.5	85.8	99.9	99.1	99.9	99.6	99.4	93.7	-27.8367	-0.231366	119.447	-19.1432	6.37406	172.479	
0.64	1.6	0	3.6	11.3	2.2	0	3.2	0	0	4.8	36.8	36.2	16.4	26.3	30.4	26	100	99.9	70.5	85.8	99.9	99.1	99.9	99.6	99.4	93.7	-27.8367	-0.231366	119.447	-19.1432	6.37406	172.479	
0.65	1.6	0	3.6	11.3	2.2	0	3.2	0	0	4.8	36.8	36.2	16.4	26.3	30.4	26	100	99.9	70.5	85.8	99.9	99.1	99.9	99.6	99.4	93.7	-27.8367	-0.231366	119.447	-19.1432	6.37406	172.479	
0.66	1.6	0	3.6	11.3	2.2	0	3.2	0	0	4.8	36.8	36.2	16.4	26.3	30.4	26	100	99.9	70.5	85.8	99.9	99.1	99.9	99.6	99.4	93.7	-27.8367	-0.231366	119.447	-19.1432	6.37406	172.479	
0.67	1.6	0	3.6	11.3	2.2	0	3.2	0	0	4.8	36.8	36.2	16.4	26.3	30.4	26	100	99.9	70.5	85.8	99.9	99.1	99.9	99.6	99.4	93.7	-27.8367	-0.231366	119.447	-19.1432	6.37406	172.479	
0.68	1.6	0	3.6	11.3	2.2	0	3.2	0	0	4.8	36.8	36.2	16.4	26.3	30.4	26	100	99.9	70.5	85.8	99.9	99.1	99.9	99.6	99.4	93.7	-27.8367	-0.231366	119.447	-19.1432	6.37406	172.479	
0.69	1.6	0	3.6	11.3	2.2	0	3.2	0	0	4.8	36.8	36.2	16.4	26.3	30.4	26	100	99.9	70.5	85.8	99.9	99.1	99.9	99.6	99.4	93.7	-27.8367	-0.231366	119.447	-19.1432	6.37406	172.479	
0.7	1.6	0	3.6	11.3	2.2	0	3.2	0	0	4.8	36.8	36.2	16.4	26.3	30.4	26	100	99.9	70.5	85.8	99.9	99.1	99.9	99.6	99.4	93.7	-27.8367	-0.231366	119.447	-19.1432	6.37406	172.479	
0.71	1.6	0	3.6	11.3	2.2	0	3.2	0	0	4.8	36.8	36.2	16.4	26.3	30.4	26	100	99.9	70.5	85.8	99.9	99.1	99.9	99.6	99.4	93.7	-27.8367	-0.231366	119.447	-19.1432	6.37406	172.479	
0.72	1.6	0	3.6	11.3	2.2	0	3.2	0	0	4.8	36.8	36.2	16.4	26.3	30.4	26	100	99.9	70.5	85.8	99.9	99.1	99.9	99.6	99.4	93.7	-27.8367	-0.231366	119.447	-19.1432	6.37406	172.479	
0.73	1.6	0	3.6	11.3	2.2	0	3.2	0	0	4.8	36.8	36.2	16.4	26.3	30.4	26	100	99.9	70.5	85.8	99.9	99.1	99.9	99.6	99.4	93.7	-27.8367	-0.231366	119.447	-19.1432	6.37406	172.479	
0.74	1.6	0	3.6	11.3	2.2	0	3.2	0	0	4.8	36.8	36.2	16.4	26.3	30.4	26	100	99.9	70.5	85.8	99.9	99.1	99.9	99.6	99.4	93.7	-27.8367	-0.231366	119.447	-19.1432	6.37406	172.479	
0.75	1.6	0	3.6	11.3	2.2	0	3.2	0	0	4.8	36.8	36.2	16.4	26.3	30.4	26	100	99.9	70.5	85.8	99.9	99.1	99.9	99.6	99.4	93.7	-27.8367	-0.231366	119.447	-19.1432	6.37406	172.479	
0.76	1.6	0	3.6	11.3	2.2	0	3.2	0	0	4.8	36.8	36.2	16.4	26.3	30.4	26	100	99.9	70.5	85.8	99.9	99.1	99.9	99.6	99.4	93.7	-27.8367	-0.231366	119.447	-19.1432	6.37406	172.479	
0.77	1.6	0	3.6	11.3	2.2	0	3.2	0	0	4.8	36.8	36.2	16.4	26.3	30.4	26	100	99.9	70.5	85.8	99.9	99.1	99.9	99.6	99.4	93.7	-27.8367	-0.231366	119.447	-19.1432	6.37406	172.479	
0.78	1.7	0	3.6	11.3	2	0	3.2	0	0	4.8	35.9	36.4	16.4	26.4	30	25.7	100	99.9	75.7	86.9	99.9	99	99.9	99.9	99.9	93.7	-28.0026	-0.191195	119.352	-19.6461	6.40869	172.315	
0.79	1.7	0	3.6	11.3	2	0	3.2	0	0	4.8	35.9	36.4	16.4	26.4	30	25.7	100	99.9	75.7	86.9	99.9	99	99.9	99.9	99.9	93.7	-28.0026	-0.191195	119.352	-19.6461	6.40869	172.315	
0.8	1.7	0	3.6	11.3	2	0	3.2	0	0	4.8	35.9	36.4	16.4	26.4	30	25.7	100	99.9	75.7	86.9	99.9	99	99.9	99.9	99.9	93.7	-28.0026	-0.191195	119.352	-19.6461	6.40869	172.315	
0.81	1.7	0	3.6	11.3	2	0	3.2	0	0	4.8	35.9	36.4	16.4	26.4	30	25.7	100	99.9	75.7	86.9	99.9	99	99.9	99.9	99.9	93.7	-28.0026	-0.191195	119.352	-19.6461	6.40869	172.315	
0.82	1.7	0	3.6	11.3	2	0	3.2	0	0	4.8	35.9	36.4	16.4	26.4	30	25.7	100	99.9	75.7	86.9	99.9	99	99.9	99.9	99.9	93.7	-28.0026	-0.191195	119.352	-19.6461	6.40869	172.315	
0.83	1.7	0	3.6	11.3	2	0	3.2	0	0	4.8	35.9	36.4	16.4	26.4	30	25.7	100	99.9	75.7	86.9	99.9	99	99.9	99.9	99.9	93.7	-28.0026	-0.191195	119.352	-19.6461	6.40869	172.315	
0.84	1.7	0	3.6	11.3	2	0	3.2	0	0	4.8	35.9	36.4	16.4	26.4	30	25.7	100	99.9	75.7	86.9	99.9	99	99.9	99.9	99.9	93.7	-28.0026	-0.191195	119.352	-19.6461	6.40869	172.315	
0.85	1.7	0	3.6	11.3	2	0	3.2	0	0	4.8	35.9	36.4	16.4	26.4	30	25.7	100	99.9	75.7	86.9	99.9	99	99.9	99.9	99.9	93.7	-28.0026	-0.191195	119.352	-19.6461	6.40869	172.315	
0.86	1.7	0	3.6	11.3	2	0	3.2	0	0	4.8	35.9	36.4	16.4	26.4	30	25.7	100	99.9	75.7	86.9	99.9	99	99.9	99.9	99.9	93.7	-28.0026	-0.191195	119.352	-19.6461	6.40869	172.315	
0.87	1.7	0	3.6	11.3	2	0	3.2	0	0	4.8	35.9	36.4	16.4	26.4	30	25.7	100	99.9	75.7	86.9	99.9	99	99.9	99.9	99.9	93.7	-28.0026	-0.191195	119.352	-19.6461	6.40869	172.315	
0.88	1.7	0	3.6	11.3	2	0	3.2	0	0	4.8	35.9	36.4	16.4	26.4	30	25.7	100	99.9	75.7	86.9	99.9	99	99.9	99.9	99.9	93.7	-28.0026	-0.191195	119.352	-19.6461	6.40869	172.315	
0.89	1.7	0	3.6	11.3	2	0	3.2	0	0	4.8	35.9	36.4	16.4	26.4	30	25.7	100	99.9	75.7	86.9	99.9	99	99.9	99.9	99.9	93.7	-28.0026	-0.191195	119.352	-19.6461	6.40869	172.315	
0.9	1.7	0	3.6	11.3	2	0	3.2	0	0	4.8	35.9	36.4	16.4	26.4	30	25.7	100	99.9	75.7	86.9	99.9	99	99.9	99.9	99.9	93.7	-28.0026	-0.191195	119.352	-19.6461	6.40869	172.315	
0.91	1.7	0	3.6	11.3	2	0	3.2	0	0	4.8	35.9	36.4	16.4	26.4	30	25.7	100	99.9	75.7	86.9	99.9	99	99.9	99.9	99.9	93.7	-28.0026	-0.191195	119.352	-19.6461	6.40869	172.315	
0.92	1.7	0	3.6	11.3	2	0	3.2	0	0	4.8	35.9	36.4	16.4	26.4	30	25.7	100	99.9	75.7	86.9	99.9	99	99.9	99.9	99.9	93.7	-28.0026	-0.191195	119.352	-19.6461	6.40869	172.315	
0.93	1.7	0	3.6	11.3	2	0	3.2	0	0	4.8	35.9	36.4	16.4	26.4	30	25.7	100	99.9	75.7	86.9	99.9	99	99.9	99.9	99.9	93.7	-28.0026	-0.191195	119.352	-19.6461	6.40869	172.315	
0.94	1.7	0	3.6	11.3	2	0	3.2	0	0	4.8	35.9	36.4	16.4	26.4	30	25.7	100	99.9	75.7	86.9	99.9	99	99.9	99.9	99.9	93.7	-28.0026	-0.191195	119.352	-19.6461	6.40869	172.315	
0.95	1.7	0	3.6	11.3	2	0	3.2	0	0	4.8	35.9	36.4	16.4	26.4	30	25.7	100	99.9	75.7	86.9	99.9	99	99.9	99.9	99.9	93.7	-28.0026	-0.191195	119.352	-19.6461	6.40869	172.315	
0.96	1.7	0	3.6	11.3	2	0	3.2	0	0	4.8	35.9	36.4	16.4	26.4	30	25.7	100	99.9	75.7	86.9	99.9	99	99.9	99.9	99.9	93.7	-28.0026	-0.191195	119.352	-19.6461	6.40869	172.315	
0.97	1.7	0	3.6	11.3	2	0	3.2	0	0	4.8	35.9	36.4	16.4	26.4	30	25.7	100	99.9	75.7	86.9	99.9	99	99.9	99.9	99.9	93.7	-28.0026	-0.191195	119.352	-19.6461	6.40869	172.315	
0.98	1.7	0	3.6	11.3	2	0	3.2	0	0	4.8	35.9	36.4	16.4	26.4	30	25.7	100	99.9	75.7	86.9	99.9	99	99.9	99.9	99.9	93.7	-28.0026	-0.191195	119.352	-19.6461	6.40869	172.315	
0.99	1.7	0	3.6	11.3	2	0	3.2	0	0	4.8	35.9	36.4	16.4	26.4	30	25.7	100	99.9	75.7	86.9	99.9	99	99.9	99.9	99.9	93.7	-28.0026	-0.191195	119.352	-19.6461	6.40869	172.315	
1	1.7	0	3.6	11.3	2	0	3.2	0	0	4.8	35.9	36.4	16.4	26.4	30	25.7	100	99.9	75.7	86.9	99.9	99	99.9	99.9	99.9	93.7	-28.0026	-0.191195	119.352	-19.6461	6.40869	172.315	
1.01	1.7	0	3.6	11.3	2	0	3.2	0	0	4.8	35.9	36.4	16.4	26.4	30	25.7	100	99.9	75.7	86.9	99.9	99	99.9	99.9	99.9	93.7	-28.0026	-0.191195	119.352	-19.6461	6.40869	172.315	
1.02	1.7	0	3.6	11.3	2	0	3.2	0	0	4.8	35.9	36.4	16.4	26.4	30	25.7	100	99.9	75.7	86.9	99.9	99	99.9	99.9	99.9	93.7	-28.0026	-0.191195	119.352	-19.6461	6.40869	172.315	
1.03	1.7	0	3.6	11.3	2	0	3.2	0	0	4.8	35.9	36.4	16.4	26.4	30	25.7	100	99.9	75.7	86.9	99.9	99	99.9	99.9	99.9	93.7	-28.0026	-0.191195	119.352	-19.6461	6.40869	172.315	
1.04	1.7	0	3.6	11.3	2	0	3.2	0	0	4.8	35.9	36.4	16.4	26.4	30	25.7	100	99.9	75.7	86.9	99.9	99	99.9	99.9	99.9	93.7	-28.0026	-0.191195	119.352	-19.6461	6.40869	172.315	
1.05	1.7	0	3.6	11.3	2	0	3.2	0	0	4.8	35.9	36.4	16.4	26.4	30	25.7	100	99.9	75.7	86.9	99.9	99	99.9	99.9	99.9	93.7	-28.0026	-0.191195	119.352	-19.6461	6.40869	172.315	
1.06	1.7	0	3.6	11.3	2	0	3.2	0	0	4.8	35.9	36.4	16.4	26.4	30	25.7	100	99.9	75.7	86.9	99.9	99	99.9	99.9	99.9	93.7	-28.0026	-0.191195	119.352	-19.6461	6.40869	172.315	
1.07	1.7	0	3.6	11.3	2	0	3.2	0	0	4.8	35.9	36.4	16.4	26.4	30	25.7	100	99.9	75.7	86.9	99.9	99	99.9	99.9	99.9	93.7	-28.0026	-0.191195	119.352	-19.6461	6.40869	172.315	
1.08	1.7	0	3.6	11.3	2	0	3.2	0	0	4.8	35.9	36.4	16.4	26.4	30	25.7	100	99.9	75.7	86.9	99.9	99	99.9	99.9	99.9	93.7	-28.0026	-0.191195	119.352	-19.6461	6.40869	172.315	
1.09	1.7	0	3.6	11.3	2	0	3.2	0	0	4.8	35.9	36.4	16.4	26.4	30	25.7	100	99.9	75.7	86.9	99.9	99	99.9	99.9	99.9	93.7	-28.0026	-0.191195	119.352	-19.6461	6.40869	172.315	
1.1	1.7	0	3.6	11.3	2	0	3.2	0	0	4.8	35.9	36.4	16.4	26.4	30	25.7	100	99.9	75.7	86.9	99.9	99	99.9	99.9	99.9	93.7	-28.0026	-0.191195	119.352	-19.6461	6.40869	172.315	
1.11	1.7	0	3.6	11.3	2	0	3.2	0	0	4.8	35.9	36.4	16.4	26.4	30	25.7	100	99.9	75.7	86.9	99.9	99	99.9	99.9	99.9	93.7	-28.0026	-0.191195	119.352	-19.6461	6.40869	172.315	
1.12	1.7	0	3.6	11.3	2	0	3.2	0	0	4.8	35.9	36.4	16.4	26.4	30	25.7	100	99.9	75.7	86.9	99.9	99	99.9	99.9	99.9	93.7	-28.0026	-0.191195	119.352	-19.6461	6.40869	172.315	
1.13	1.7	0	3.6	11.3	2	0	3.2	0	0	4.8	35.9	36.4	16.4	26.4	30	25.7	100	99.9	75.7	86.9	99.9	99	99.9	99.9	99.9	93.7	-28.0026	-0.191195	119.352	-19.6461	6.40869	172.315	
1.14	1.7	0	3.6	11.3	2	0	3.2	0	0	4.8	35.9	36.4	16.4	26.4	30	25.7	100	99.9	75.7	86.9	99.9	99	99.9	99.9	99.9	93.7	-28.0026	-0.191195	119.352	-19.6461	6.40869	172.315	
1.15	1.7	0	3.5	11.3	2	0	3.1	0	0	4.9	35.2	36.2	16.4	26.3	30	25.6	100	99.9	73.6	86.9	99.9	98.4	99.4	99.4	99.9	94.4	-27.9701	-0.294713	119.363	-19.293	6.22782	172.197	
1.16	1.7	0	3.5	11.3	2	0	3.1	0	0	4.9	35.2	36.2	16.4	26.3	30	25.6	100	99.9	73.6	86.9	99.9	98.4	99.4	99.4	99.9	94.4	-27.9701	-0.294713	119.363	-19.293	6.22782	172.197	
1.17	1.7	0	3.5	11.3	2	0	3.1	0	0	4.9	35.2	36.2	16.4	26.3	30	25.6	100	99.9	73.6	86.9	99.9	98.4	99.4	99.4	99.9	94.4	-27.9701	-0.294713	119.363	-19.293	6.22782	172.197	
1.18	1.7	0	3.5	11.3	2	0	3.1	0	0	4.9	35.2	36.2	16.4	26.3	30	25.6	100	99.9	73.6	86.9	99.9	98.4	99.4	99.4	99.9	94.4	-27.9701	-0.294713	119.363	-19.293	6.22782	172.197	
1.19	1.7	0	3.5	11.3	2	0	3.1	0	0	4.9	35.2	36.2	16.4	26.3	30	25.6	100	99.9	73.6	86.9	99.9	98.4	99.4	99.4	99.9	94.4	-27.9701	-0.294713	119.363	-19.293	6.22782	172.197	
1.2	1.7	0	3.5	11.3	2	0	3.1	0	0	4.9	35.2	36.2	16.4	26.3	30	25.6	100	99.9	73.6	86.9	99.9	98.4	99.4	99.4	99.9	94.4	-27.9701	-0.294713	119.363	-19.293	6.22782	172.197	
1.21	1.7	0	3.5	11.3	2	0	3.1	0	0	4.9	35.2	36.2	16.4	26.3	30	25.6	100	99.9	73.6	86.9	99.9	98.4	99.4	99.4	99.9	94.4	-27.9701	-0.294713	119.363	-19.293	6.22782	172.197	
1.22	1.7	0	3.5	11.3	2	0	3.1	0	0	4.9	35.2	36.2	16.4	26.3	30	25.6	100	99.9	73.6	86.9	99.9	98.4	99.4	99.4	99.9	94.4	-27.9701	-0.294713	119.363	-19.293	6.22782	172.197	
1.23	1.7	0	3.5	11.3	2	0	3.1	0	0	4.9	35.2	36.2	16.4	26.3	30	25.6	100	99.9	73.6	86.9	99.9	98.4	99.4	99.4	99.9	94.4	-27.9701	-0.294713	119.363	-19.293	6.22782	172.197	
1.24	1.7	0	3.5	11.3	2	0	3.1	0	0	4.9	35.2	36.2	16.4	26.3	30	25.6	100	99.9	73.6	86.9	99.9	98.4	99.4	99.4	99.9	94.4	-27.9701	-0.294713	119.363	-19.293	6.22782	172.197	
1.25	1.7	0	3.5	11.3	2	0	3.1	0	0	4.9	35.2	36.2	16.4	26.3	30	25.6	100	99.9	73.6	86.9	99.9	98.4	99.4	99.4	99.9	94.4	-27.9701	-0.294713	119.363	-19.293	6.22782	172.197	
1.26	1.7	0	3.5	11.3	2	0	3.1	0	0	4.9	35.2	36.2	16.4	26.3	30	25.6	100	99.9	73.6	86.9	99.9	98.4	99.4	99.4	99.9	94.4	-27.9701	-0.294713	119.363	-19.293	6.22782	172.197	
1.27	1.7	0	3.5	11.3	2	0	3.1	0	0	4.9	35.2	36.2	16.4	26.3	30	25.6	100	99.9	73.6	86.9	99.9	98.4	99.4	99.4	99.9	94.4	-27.9701	-0.294713	119.363	-19.293	6.22782	172.197	
1.28	1.7	0	3.5	11.3	2	0	3.1	0	0	4.9	35.2	36.2	16.4	26.3	30	25.6	100	99.9	73.6	86.9	99.9	98.4	99.4	99.4	99.9	94.4	-27.9701	-0.294713	119.363	-19.293	6.22782	172.197	
1.29	1.7	0	3.5	11.3	2	0	3.1	0	0	4.9	35.2	36.2	16.4	26.3	30	25.6	100	99.9	73.6	86.9	99.9	98.4	99.4	99.4	99.9	94.4	-27.9701	-0.294713	119.363	-19.293	6.22782	172.197	
1.3	1.7	0	3.5	11.3	2	0	3.1	0	0	4.9	35.2	36.2	16.4	26.3	30	25.6	100	99.9	73.6	86.9	99.9	98.4	99.4	99.4	99.9	94.4	-27.9701	-0.294713	119.363	-19.293	6.22782	172.197	
1.31	1.7	0	3.5	11.3	2	0	3.1	0	0	4.9	35.2	36.2	16.4	26.3	30	25.6	100	99.9	73.6	86.9	99.9	98.4	99.4	99.4	99.9	94.4	-27.9701	-0.294713	119.363	-19.293	6.22782	172.197	
1.32	1.7	0	3.5	11.3	2	0	3.1	0	0	4.9	35.2	36.2	16.4	26.3	30	25.6	100	99.9	73.6	86.9	99.9	98.4	99.4	99.4	99.9	94.4	-27.9701	-0.294713	119.363	-19.293	6.22782	172.197	
1.33	1.7	0	3.5	11.3	2	0	3.1	0	0	4.9	35.2	36.2	16.4	26.3	30	25.6	100	99.9	73.6	86.9	99.9	98.4	99.4	99.4	99.9	94.4	-27.9701	-0.294713	119.363	-19.293	6.22782	172.197	
1.34	1.7	0	3.5	11.3	2	0	3.1	0	0	4.9	35.2	36.2	16.4	26.3	30	25.6	100	99.9	73.6	86.9	99.9	98.4	99.4	99.4	99.9	94.4	-27.9701	-0.294713	119.363	-19.293	6.22782	172.197	
1.35	1.7	0	3.5	11.3	2	0	3.1	0	0	4.9	35.2	36.2	16.4	26.3	30	25.6	100	99.9	73.6	86.9	99.9	98.4	99.4	99.4	99.9	94.4	-27.9701	-0.294713	119.363	-19.293	6.22782	172.197	
1.36	1.7	0	3.5	11.3	2	0	3.1	0	0	4.9	35.2	36.2	16.4	26.3	30	25.6	100	99.9	73.6	86.9	99.9	98.4	99.4	99.4	99.9	94.4	-27.9701	-0.294713	119.363	-19.293	6.22782	172.197	
1.37	1.7	0	3.5	11.3	2	0	3.1	0	0	4.9	35.2	36.2	16.4	26.3	30	25.6	100	99.9	73.6	86.9	99.9	98.4	99.4	99.4	99.9	94.4	-27.9701	-0.294713	119.363	-19.293	6.22782	172.197	
1.38	1.7	0	3.5	11.3	2	0	3.1	0	0	4.9	35.2	36.2	16.4	26.3	30	25.6	100	99.9	73.6	86.9	99.9	98.4	99.4	99.4	99.9	94.4	-27.9701	-0.294713	119.363	-19.293	6.22782	172.197	
1.39	1.7	0	3.5	11.3	2	0	3.1	0	0	4.9	35.2	36.2	16.4	26.3	30	25.6	100	99.9	73.6	86.9	99.9	98.4	99.4	99.4	99.9	94.4	-27.9701	-0.294713	119.363	-19.293	6.22782	172.197	
1.4	1.7	0	3.5	11.3	2	0	3.1	0	0	4.9	35.2	36.2	16.4	26.3	30	25.6	100	99.9	73.6	86.9	99.9	98.4	99.4	99.4	99.9	94.4	-27.9701	-0.294713	119.363	-19.293	6.22782	172.197	
1.41	1.7	0	3.5	11.3	2	0	3.1	0	0	4.9	35.2	36.2	16.4	26.3	30	25.6	100	99.9	73.6	86.9	99.9	98.4	99.4	99.4	99.9	94.4	-27.9701	-0.294713	119.363	-19.293	6.22782	172.197	
1.42	1.7	0	3.5	11.3	2	0	3.1	0	0	4.9	35.2	36.2	16.4	26.3	30	25.6	100	99.9	73.6	86.9	99.9	98.4	99.4	99.4	99.9	94.4	-27.9701	-0.294713	119.363	-19.293	6.22782	172.197	
1.43	1.7	0	3.5	11.3	2	0	3.1	0	0	4.9	35.2	36.2	16.4	26.3	30	25.6	100	99.9	73.6	86.9	99.9	98.4	99.4	99.4	99.9	94.4	-27.9701	-0.294713	119.363	-19.293	6.22782	172.197	
1.44	1.7	0	3.5	11.3	2	0	3.1	0	0	4.9	35.2	36.2	16.4	26.3	30	25.6	100	99.9	73.6	86.9	99.9	98.4	99.4	99.4	99.9	94.4	-27.9701	-0.294713	119.363	-19.293	6.22782	172.197	
1.45	1.7	0	3.5	11.3	2	0	3.1	0	0	4.9	35.2	36.2	16.4	26.3	30	25.6	100	99.9	73.6	86.9	99.9	98.4	99.4	99.4	99.9	94.4	-27.9701	-0.294713	119.363	-19.293	6.22782	172.197	
1.46	1.7	0	3.5	11.3	2	0	3.1	0	0	4.9	35.2	36.2	16.4	26.3	30	25.6	100	99.9	73.6	86.9	99.9	98.4	99.4	99.4	99.9	94.4	-27.9701	-0.294713	119.363	-19.293	6.22782	172.197	
1.47	1.7	0	3.5	11.3	2	0	3.1	0	0	4.9	35.2	36.2	16.4	26.3	30	25.6	100	99.9	73.6	86.9	99.9	98.4	99.4	99.4	99.9	94.4	-27.9701	-0.294713	119.363	-19.293	6.22782	172.197	
1.48	1.7	0	3.5	11.3	2	0	3.1	0	0	4.9	35.2	36.2	16.4	26.3	30	25.6	100	99.9	73.6	86.9	99.9	98.4	99.4	99.4	99.9	94.4	-27.9701	-0.294713	119.363	-19.293	6.22782	172.197	
1.49	1.7	0	3.5	11.3	2	0	3.1	0	0	4.9	35.2	36.2	16.4	26.3	30	25.6	100	99.9	73.6	86.9	99.9	98.4	99.4	99.4	99.9	94.4	-27.9701	-0.294713	119.363	-19.293	6.22782	172.197	
1.5	1.7	0	3.5	11.3	2	0	3.1	0	0	4.9	35.2	36.2	16.4	26.3	30	25.6	100	99.9	73.6	86.9	99.9	98.4	99.4	99.4	99.9	94.4	-27.9701	-0.294713	119.363	-19.293	6.22782	172.197	
1.51	1.7	0	3.5	11.3	2	0	3.1	0	0	4.9	35.2	36.2	16.4	26.3	30	25.6	100	99.9	73.6	86.9	99.9	98.4	99.4	99.4	99.9	94.4	-27.9701	-0.294713	119.363	-19.293	6.22782	172.197	
1.52	1.7	0	3.6	11.3	2.1	0	3.1	0	0	4.9	35.3	35.9	16.9	26.4	30	25.6	100	99.9	74.5	85.5	99.9	98	99.4	99.4	99.8	94	-28.2796	-0.145379	119.415	-19.4455	6.23305	172.133	
1.53	1.7	0	3.6	11.3	2.1	0	3.1	0	0	4.9	35.3	35.9	16.9	26.4	30	25.6	100	99.9	74.5	85.5	99.9	98	99.4	99.4	99.8	94	-28.2796	-0.145379	119.415	-19.4455	6.23305	172.133	
1.54	1.7	0	3.6	11.3	2.1	0	3.1	0	0	4.9	35.3	35.9	16.9	26.4	30	25.6	100	99.9	74.5	85.5	99.9	98	99.4	99.4	99.8	94	-28.2796	-0.145379	119.415	-19.4455	6.23305	172.133	
1.55	1.7	0	3.6	11.3	2.1	0	3.1	0	0	4.9	35.3	35.9	16.9	26.4	30	25.6	100	99.9	74.5	85.5	99.9	98	99.4	99.4	99.8	94	-28.2796	-0.145379	119.415	-19.4455	6.23305	172.133	
1.56	1.7	0	3.6	11.3	2.1	0	3.1	0	0	4.9	35.3	35.9	16.9	26.4	30	25.6	100	99.9	74.5	85.5	99.9	98	99.4	99.4	99.8	94	-28.2796	-0.145379	119.415	-19.4455	6.23305	172.133	
1.57	1.7	0	3.6	11.3	2.1	0	3.1	0	0	4.9	35.3	35.9	16.9	26.4	30	25.6	100	99.9	74.5	85.5	99.9	98	99.4	99.4	99.8	94	-28.2796	-0.145379	119.415	-19.4455	6.23305	172.133	
1.58	1.7	0	3.6	11.3	2.1	0	3.1	0	0	4.9	35.3	35.9	16.9	26.4	30	25.6	100	99.9	74.5	85.5	99.9	98	99.4	99.4	99.8	94	-28.2796	-0.145379	119.415	-19.4455	6.23305	172.133	
1.59	1.7	0	3.6	11.3	2.1	0	3.1	0	0	4.9	35.3	35.9	16.9	26.4	30	25.6	100	99.9	74.5	85.5	99.9	98	99.4	99.4	99.8	94	-28.2796	-0.145379	119.415	-19.4455	6.23305	172.133	
1.6	1.7	0	3.6	11.3	2.1	0	3.1	0	0	4.9	35.3	35.9	16.9	26.4	30	25.6	100	99.9	74.5	85.5	99.9	98	99.4	99.4	99.8	94	-28.2796	-0.145379	119.415	-19.4455	6.23305	172.133	
1.61	1.7	0	3.6	11.3	2.1	0	3.1	0	0	4.9	35.3	35.9	16.9	26.4	30	25.6	100	99.9	74.5	85.5	99.9	98	99.4	99.4	99.8	94	-28.2796	-0.145379	119.415	-19.4455	6.23305	172.133	
1.62	1.7	0	3.6	11.3	2.1	0	3.1	0	0	4.9	35.3	35.9	16.9	26.4	30	25.6	100	99.9	74.5	85.5	99.9	98	99.4	99.4	99.8	94	-28.2796	-0.145379	119.415	-19.4455	6.23305	172.133	
1.63	1.7	0	3.6	11.3	2.1	0	3.1	0	0	4.9	35.3	35.9	16.9	26.4	30	25.6	100	99.9	74.5	85.5	99.9	98	99.4	99.4	99.8	94	-28.2796	-0.145379	119.415	-19.4455	6.23305	172.133	
1.64	1.7	0	3.6	11.3	2.1	0	3.1	0	0	4.9	35.3	35.9	16.9	26.4	30	25.6	100	99.9	74.5	85.5	99.9	98	99.4	99.4	99.8	94	-28.2796	-0.145379	119.415	-19.4455	6.23305	172.133	
1.65	1.7	0	3.6	11.3	2.1	0	3.1	0	0	4.9	35.3	35.9	16.9	26.4	30	25.6	100	99.9	74.5	85.5	99.9	98	99.4	99.4	99.8	94	-28.2796	-0.145379	119.415	-19.4455	6.23305	172.133	
1.66	1.7	0	3.6	11.3	2.1	0	3.1	0	0	4.9	35.3	35.9	16.9	26.4	30	25.6	100	99.9	74.5	85.5	99.9	98	99.4	99.4	99.8	94	-28.2796	-0.145379	119.415	-19.4455	6.23305	172.133	
1.67	1.7	0	3.6	11.3	2.1	0	3.1	0	0	4.9	35.3	35.9	16.9	26.4	30	25.6	100	99.9	74.5	85.5	99.9	98	99.4	99.4	99.8	94	-28.2796	-0.145379	119.415	-19.4455	6.23305	172.133	
1.68	1.7	0	3.6	11.3	2.1	0	3.1	0	0	4.9	35.3	35.9	16.9	26.4	30	25.6	100	99.9	74.5	85.5	99.9	98	99.4	99.4	99.8	94	-28.2796	-0.145379	119.415	-19.4455	6.23305	172.133	
1.69	1.7	0	3.6	11.3	2.1	0	3.1	0	0	4.9	35.3	35.9	16.9	26.4	30	25.6	100	99.9	74.5	85.5	99.9	98	99.4	99.4	99.8	94	-28.2796	-0.145379	119.415	-19.4455	6.23305	172.133	
1.7	1.7	0	3.6	11.3	2.1	0	3.1	0	0	4.9	35.3	35.9	16.9	26.4	30	25.6	100	99.9	74.5	85.5	99.9	98	99.4	99.4	99.8	94	-28.2796	-0.145379	119.415	-19.4455	6.23305	172.133	
1.71	1.7	0	3.6	11.3	2.1	0	3.1	0	0	4.9	35.3	35.9	16.9	26.4	30	25.6	100	99.9	74.5	85.5	99.9	98	99.4	99.4	99.8	94	-28.2796	-0.145379	119.415	-19.4455	6.23305	172.133	
1.72	1.7	0	3.6	11.3	2.1	0	3.1	0	0	4.9	35.3	35.9	16.9	26.4	30	25.6	100	99.9	74.5	85.5	99.9	98	99.4	99.4	99.8	94	-28.2796	-0.145379	119.415	-19.4455	6.23305	172.133	
1.73	1.7	0	3.6	11.3	2.1	0	3.1	0	0	4.9	35.3	35.9	16.9	26.4	30	25.6	100	99.9	74.5	85.5	99.9	98	99.4	99.4	99.8	94	-28.2796	-0.145379	119.415	-19.4455	6.23305	172.133	
1.74	1.7	0	3.6	11.3	2.1	0	3.1	0	0	4.9	35.3	35.9	16.9	26.4	30	25.6	100	99.9	74.5	85.5	99.9	98	99.4	99.4	99.8	94	-28.2796	-0.145379	119.415	-19.4455	6.23305	172.133	
1.75	1.7	0	3.6	11.3	2.1	0	3.1	0	0	4.9	35.3	35.9	16.9	26.4	30	25.6	100	99.9	74.5	85.5	99.9	98	99.4	99.4	99.8	94	-28.2796	-0.145379	119.415	-19.4455	6.23305	172.133	
1.76	1.7	0	3.6	11.3	2.1	0	3.1	0	0	4.9	35.3	35.9	16.9	26.4	30	25.6	100	99.9	74.5	85.5	99.9	98	99.4	99.4	99.8	94	-28.2796	-0.145379	119.415	-19.4455	6.23305	172.133	
1.77	1.7	0	3.6	11.3	2.1	0	3.1	0	0	4.9	35.3	35.9	16.9	26.4	30	25.6	100	99.9	74.5	85.5	99.9	98	99.4	99.4	99.8	94	-28.2796	-0.145379	119.415	-19.4455	6.23305	172.133	
1.78	1.7	0	3.6	11.3	2.1	0	3.1	0	0	4.9	35.3	35.9	16.9	26.4	30	25.6	100	99.9	74.5	85.5	99.9	98	99.4	99.4	99.8	94	-28.2796	-0.145379	119.415	-19.4455	6.23305	172.133	
1.79	1.7	0	3.6	11.3	2.1	0	3.1	0	0	4.9	35.3	35.9	16.9	26.4	30	25.6	100	99.9	74.5	85.5	99.9	98	99.4	99.4	99.8	94	-28.2796	-0.145379	119.415	-19.4455	6.23305	172.133	
1.8	1.7	0	3.6	11.3	2.1	0	3.1	0	0	4.9	35.3	35.9	16.9	26.4	30	25.6	100	99.9	74.5	85.5	99.9	98	99.4	99.4	99.8	94	-28.2796	-0.145379	119.415	-19.4455	6.23305	172.133	
1.81	1.7	0	3.6	11.3	2.1	0	3.1	0	0	4.9	35.3	35.9	16.9	26.4	30	25.6	100	99.9	74.5	85.5	99.9	98	99.4	99.4	99.8	94	-28.2796	-0.145379	119.415	-19.4455	6.23305	172.133	
1.82	1.7	0	3.6	11.3	2.1	0	3.1	0	0	4.9	35.3	35.9	16.9	26.4	30	25.6	100	99.9	74.5	85.5	99.9	98	99.4	99.4	99.8	94	-28.2796	-0.145379	119.415	-19.4455	6.23305	172.133	
1.83	1.7	0	3.6	11.3	2.1	0	3.1	0	0	4.9	35.3	35.9	16.9	26.4	30	25.6	100	99.9	74.5	85.5	99.9	98	99.4	99.4	99.8	94	-28.2796	-0.145379	119.415	-19.4455	6.23305	172.133	
1.84	1.7	0	3.6	11.3	2.1	0	3.1	0	0	4.9	35.3	35.9	16.9	26.4	30	25.6	100	99.9	74.5	85.5	99.9	98	99.4	99.4	99.8	94	-28.2796	-0.145379	119.415	-19.4455	6.23305	172.133	
1.85	1.7	0	3.6	11.3	2.1	0	3.1	0	0	4.9	35.3	35.9	16.9	26.4	30	25.6	100	99.9	74.5	85.5	99.9	98	99.4	99.4	99.8	94	-28.2796	-0.145379	119.415	-19.4455	6.23305	172.133	
1.86	1.7	0	3.6	11.3	2.1	0	3.1	0	0	4.9	35.3	35.9	16.9	26.4	30	25.6	100	99.9	74.5	85.5	99.9	98	99.4	99.4	99.8	94	-28.2796	-0.145379	119.415	-19.4455	6.23305	172.133	
1.87	1.7	0	3.6	11.3	2.1	0	3.1	0	0	4.9	35.3	35.9	16.9	26.4	30	25.6	100	99.9	74.5	85.5	99.9	98	99.4	99.4	99.8	94	-28.2796	-0.145379	119.415	-19.4455	6.23305	172.133	
1.88	1.7	0	3.6	11.3	2.1	0	3.1	0	0	4.9	35.3	35.9	16.9	26.4	30	25.6	100	99.9	74.5	85.5	99.9	98	99.4	99.4	99.8	94	-28.2796	-0.145379	119.415	-19.4455	6.23305	172.133	
1.89	1.7	0	3.6	11.3	2.2	0	3.1	0	0	4.9	35.3	35.4	16.8	26.1	29.9	25.5	99.9	99.9	79.8	86.9	99.9	98.1	99.3	99.5	99.8	93.5	-28.4754	-0.219995	119.449	-19.9289	6.31554	172.054	
1.9	1.7	0	3.6	11.3	2.2	0	3.1	0	0	4.9	35.3	35.4	16.8	26.1	29.9	25.5	99.9	99.9	79.8	86.9	99.9	98.1	99.3	99.5	99.8	93.5	-28.4754	-0.219995	119.449	-19.9289	6.31554	172.054	
1.91	1.7	0	3.6	11.3	2.2	0	3.1	0	0	4.9	35.3	35.4	16.8	26.1	29.9	25.5	99.9	99.9	79.8	86.9	99.9	98.1	99.3	99.5	99.8	93.5	-28.4754	-0.219995	119.449	-19.9289	6.31554	172.054	
1.92	1.7	0	3.6	11.3	2.2	0	3.1	0	0	4.9	35.3	35.4	16.8	26.1	29.9	25.5	99.9	99.9	79.8	86.9	99.9	98.1	99.3	99.5	99.8	93.5	-28.4754	-0.219995	119.449	-19.9289	6.31554	172.054	
1.93	1.7	0	3.6	11.3	2.2	0	3.1	0	0	4.9	35.3	35.4	16.8	26.1	29.9	25.5	99.9	99.9	79.8	86.9	99.9	98.1	99.3	99.5	99.8	93.5	-28.4754	-0.219995	119.449	-19.9289	6.31554	172.054	
1.94	1.7	0	3.6	11.3	2.2	0	3.1	0	0	4.9	35.3	35.4	16.8	26.1	29.9	25.5	99.9	99.9	79.8	86.9	99.9	98.1	99.3	99.5	99.8	93.5	-28.4754	-0.219995	119.449	-19.9289	6.31554	172.054	
1.95	1.7	0	3.6	11.3	2.2	0	3.1	0	0	4.9	35.3	35.4	16.8	26.1	29.9	25.5	99.9	99.9	79.8	86.9	99.9	98.1	99.3	99.5	99.8	93.5	-28.4754	-0.219995	119.449	-19.9289	6.31554	172.054	
1.96	1.7	0	3.6	11.3	2.2	0	3.1	0	0	4.9	35.3	35.4	16.8	26.1	29.9	25.5	99.9	99.9	79.8	86.9	99.9	98.1	99.3	99.5	99.8	93.5	-28.4754	-0.219995	119.449	-19.9289	6.31554	172.054	
1.97	1.7	0	3.6	11.3	2.2	0	3.1	0	0	4.9	35.3	35.4	16.8	26.1	29.9	25.5	99.9	99.9	79.8	86.9	99.9	98.1	99.3	99.5	99.8	93.5	-28.4754	-0.219995	119.449	-19.9289	6.31554	172.054	
1.98	1.7	0	3.6	11.3	2.2	0	3.1	0	0	4.9	35.3	35.4	16.8	26.1	29.9	25.5	99.9	99.9	79.8	86.9	99.9	98.1	99.3	99.5	99.8	93.5	-28.4754	-0.219995	119.449	-19.9289	6.31554	172.054	
1.99	1.7	0	3.6	11.3	2.2	0	3.1	0	0	4.9	35.3	35.4	16.8	26.1	29.9	25.5	99.9	99.9	79.8	86.9	99.9	98.1	99.3	99.5	99.8	93.5	-28.4754	-0.219995	119.449	-19.9289	6.31554	172.054	
2	1.7	0	3.6	11.3	2.2	0	3.1	0	0	4.9	35.3	35.4	16.8	26.1	29.9	25.5	99.9	99.9	79.8	86.9	99.9	98.1	99.3	99.5	99.8	93.5	-28.4754	-0.219995	119.449	-19.9289	6.31554	172.054	
2.01	1.7	0	3.6	11.3	2.2	0	3.1	0	0	4.9	35.3	35.4	16.8	26.1	29.9	25.5	99.9	99.9	79.8	86.9	99.9	98.1	99.3	99.5	99.8	93.5	-28.4754	-0.219995	119.449	-19.9289	6.31554	172.054	
2.02	1.7	0	3.6	11.3	2.2	0	3.1	0	0	4.9	35.3	35.4	16.8	26.1	29.9	25.5	99.9	99.9	79.8	86.9	99.9	98.1	99.3	99.5	99.8	93.5	-28.4754	-0.219995	119.449	-19.9289	6.31554	172.054	
2.03	1.7	0	3.6	11.3	2.2	0	3.1	0	0	4.9	35.3	35.4	16.8	26.1	29.9	25.5	99.9	99.9	79.8	86.9	99.9	98.1	99.3	99.5	99.8	93.5	-28.4754	-0.219995	119.449	-19.9289	6.31554	172.054	
2.04	1.7	0	3.6	11.3	2.2	0	3.1	0	0	4.9	35.3	35.4	16.8	26.1	29.9	25.5	99.9	99.9	79.8	86.9	99.9	98.1	99.3	99.5	99.8	93.5	-28.4754	-0.219995	119.449	-19.9289	6.31554	172.054	
2.05	1.7	0	3.6	11.3	2.2	0	3.1	0	0	4.9	35.3	35.4	16.8	26.1	29.9	25.5	99.9	99.9	79.8	86.9	99.9	98.1	99.3	99.5	99.8	93.5	-28.4754	-0.219995	119.449	-19.9289	6.31554	172.054	
2.06	1.7	0	3.6	11.3	2.2	0	3.1	0	0	4.9	35.3	35.4	16.8	26.1	29.9	25.5	99.9	99.9	79.8	86.9	99.9	98.1	99.3	99.5	99.8	93.5	-28.4754	-0.219995	119.449	-19.9289	6.31554	172.054	
2.07	1.7	0	3.6	11.3	2.2	0	3.1	0	0	4.9	35.3	35.4	16.8	26.1	29.9	25.5	99.9	99.9	79.8	86.9	99.9	98.1	99.3	99.5	99.8	93.5	-28.4754	-0.219995	119.449	-19.9289	6.31554	172.054	
2.08	1.7	0	3.6	11.3	2.2	0	3.1	0	0	4.9	35.3	35.4	16.8	26.1	29.9	25.5	99.9	99.9	79.8	86.9	99.9	98.1	99.3	99.5	99.8	93.5	-28.4754	-0.219995	119.449	-19.9289	6.31554	172.054	
2.09	1.7	0	3.6	11.3	2.2	0	3.1	0	0	4.9	35.3	35.4	16.8	26.1	29.9	25.5	99.9	99.9	79.8	86.9	99.9	98.1	99.3	99.5	99.8	93.5	-28.4754	-0.219995	119.449	-19.9289	6.31554	172.054	
2.1	1.7	0	3.6	11.3	2.2	0	3.1	0	0	4.9	35.3	35.4	16.8	26.1	29.9	25.5	99.9	99.9	79.8	86.9	99.9	98.1	99.3	99.5	99.8	93.5	-28.4754	-0.219995	119.449	-19.9289	6.31554	172.054	
2.11	1.7	0	3.6	11.3	2.2	0	3.1	0	0	4.9	35.3	35.4	16.8	26.1	29.9	25.5	99.9	99.9	79.8	86.9	99.9	98.1	99.3	99.5	99.8	93.5	-28.4754	-0.219995	119.449	-19.9289	6.31554	172.054	
2.12	1.7	0	3.6	11.3	2.2	0	3.1	0	0	4.9	35.3	35.4	16.8	26.1	29.9	25.5	99.9	99.9	79.8	86.9	99.9	98.1	99.3	99.5	99.8	93.5	-28.4754	-0.219995	119.449	-19.9289	6.31554	172.054	
2.13	1.7	0	3.6	11.3	2.2	0	3.1	0	0	4.9	35.3	35.4	16.8	26.1	29.9	25.5	99.9	99.9	79.8	86.9	99.9	98.1	99.3	99.5	99.8	93.5	-28.4754	-0.219995	119.449	-19.9289	6.31554	172.054	
2.14	1.7	0	3.6	11.3	2.2	0	3.1	0	0	4.9	35.3	35.4	16.8	26.1	29.9	25.5	99.9	99.9	79.8	86.9	99.9	98.1	99.3	99.5	99.8	93.5	-28.4754	-0.219995	119.449	-19.9289	6.31554	172.054	
2.15	1.7	0	3.6	11.3	2.2	0	3.1	0	0	4.9	35.3	35.4	16.8	26.1	29.9	25.5	99.9	99.9	79.8	86.9	99.9	98.1	99.3	99.5	99.8	93.5	-28.4754	-0.219995	119.449	-19.9289	6.31554	172.054	
2.16	1.7	0	3.6	11.3	2.2	0	3.1	0	0	4.9	35.3	35.4	16.8	26.1	29.9	25.5	99.9	99.9	79.8	86.9	99.9	98.1	99.3	99.5	99.8	93.5	-28.4754	-0.219995	119.449	-19.9289	6.31554	172.054	
2.17	1.7	0	3.6	11.3	2.2	0	3.1	0	0	4.9	35.3	35.4	16.8	26.1	29.9	25.5	99.9	99.9	79.8	86.9	99.9	98.1	99.3	99.5	99.8	93.5	-28.4754	-0.219995	119.449	-19.9289	6.31554	172.054	
2.18	1.7	0	3.6	11.3	2.2	0	3.1	0	0	4.9	35.3	35.4	16.8	26.1	29.9	25.5	99.9	99.9	79.8	86.9	99.9	98.1	99.3	99.5	99.8	93.5	-28.4754	-0.219995	119.449	-19.9289	6.31554	172.054	
2.19	1.7	0	3.6	11.3	2.2	0	3.1	0	0	4.9	35.3	35.4	16.8	26.1	29.9	25.5	99.9	99.9	79.8	86.9	99.9	98.1	99.3	99.5	99.8	93.5	-28.4754	-0.219995	119.449	-19.9289	6.31554	172.054	
2.2	1.7	0	3.6	11.3	2.2	0	3.1	0	0	4.9	35.3	35.4	16.8	26.1	29.9	25.5	99.9	99.9	79.8	86.9	99.9	98.1	99.3	99.5	99.8	93.5	-28.4754	-0.219995	119.449	-19.9289	6.31554	172.054	
2.21	1.7	0	3.6	11.3	2.2	0	3.1	0	0	4.9	35.3	35.4	16.8	26.1	29.9	25.5	99.9	99.9	79.8	86.9	99.9	98.1	99.3	99.5	99.8	93.5	-28.4754	-0.219995	119.449	-19.9289	6.31554	172.054	
2.22	1.7	0	3.6	11.3	2.2	0	3.1	0	0	4.9	35.3	35.4	16.8	26.1	29.9	25.5	99.9	99.9	79.8	86.9	99.9	98.1	99.3	99.5	99.8	93.5	-28.4754	-0.219995	119.449	-19.9289	6.31554	172.054	
2.23	1.7	0	3.6	11.3	2.2	0	3.1	0	0	4.9	35.3	35.4	16.8	26.1	29.9	25.5	99.9	99.9	79.8	86.9	99.9	98.1	99.3	99.5	99.8	93.5	-28.4754	-0.219995	119.449	-19.9289	6.31554	172.054	
2.24	1.7	0	3.6	11.3	2.2	0	3.1	0	0	4.9	35.3	35.4	16.8	26.1	29.9	25.5	99.9	99.9	79.8	86.9	99.9	98.1	99.3	99.5	99.8	93.5	-28.4754	-0.219995	119.449	-19.9289	6.31554	172.054	
2.25	1.7	0	3.6	11.3	2.2	0	3.1	0	0	4.9	35.3	35.4	16.8	26.1	29.9	25.5	99.9	99.9	79.8	86.9	99.9	98.1	99.3	99.5	99.8	93.5	-28.4754	-0.219995	119.449	-19.9289	6.31554	172.054	
2.26	1.6	0	3.6	11.3	2	0	3.2	0	0	4.9	34.8	35.7	16.5	26.1	29.9	25.5	99.9	99.9	79.6	89.7	99.9	98.4	99.9	99.9	99.9	93.7	-28.3886	-0.103437	119.552	-19.6709	6.15879	172.079	
2.27	1.6	0	3.6	11.3	2	0	3.2	0	0	4.9	34.8	35.7	16.5	26.1	29.9	25.5	99.9	99.9	79.6	89.7	99.9	98.4	99.9	99.9	99.9	93.7	-28.3886	-0.103437	119.552	-19.6709	6.15879	172.079	
2.28	1.6	0	3.6	11.3	2	0	3.2	0	0	4.9	34.8	35.7	16.5	26.1	29.9	25.5	99.9	99.9	79.6	89.7	99.9	98.4	99.9	99.9	99.9	93.7	-28.3886	-0.103437	119.552	-19.6709	6.15879	172.079	
2.29	1.6	0	3.6	11.3	2	0	3.2	0	0	4.9	34.8	35.7	16.5	26.1	29.9	25.5	99.9	99.9	79.6	89.7	99.9	98.4	99.9	99.9	99.9	93.7	-28.3886	-0.103437	119.552	-19.6709	6.15879	172.079	
2.3	1.6	0	3.6	11.3	2	0	3.2	0	0	4.9	34.8	35.7	16.5	26.1	29.9	25.5	99.9	99.9	79.6	89.7	99.9	98.4	99.9	99.9	99.9	93.7	-28.3886	-0.103437	119.552	-19.6709	6.15879	172.079	
2.31	1.6	0	3.6	11.3	2	0	3.2	0	0	4.9	34.8	35.7	16.5	26.1	29.9	25.5	99.9	99.9	79.6	89.7	99.9	98.4	99.9	99.9	99.9	93.7	-28.3886	-0.103437	119.552	-19.6709	6.15879	172.079	
2.32	1.6	0	3.6	11.3	2	0	3.2	0	0	4.9	34.8	35.7	16.5	26.1	29.9	25.5	99.9	99.9	79.6	89.7	99.9	98.4	99.9	99.9	99.9	93.7	-28.3886	-0.103437	119.552	-19.6709	6.15879	172.079	
2.33	1.6	0	3.6	11.3	2	0	3.2	0	0	4.9	34.8	35.7	16.5	26.1	29.9	25.5	99.9	99.9	79.6	89.7	99.9	98.4	99.9	99.9	99.9	93.7	-28.3886	-0.103437	119.552	-19.6709	6.15879	172.079	
2.34	1.6	0	3.6	11.3	2	0	3.2	0	0	4.9	34.8	35.7	16.5	26.1	29.9	25.5	99.9	99.9	79.6	89.7	99.9	98.4	99.9	99.9	99.9	93.7	-28.3886	-0.103437	119.552	-19.6709	6.15879	172.079	
2.35	1.6	0	3.6	11.3	2	0	3.2	0	0	4.9	34.8	35.7	16.5	26.1	29.9	25.5	99.9	99.9	79.6	89.7	99.9	98.4	99.9	99.9	99.9	93.7	-28.3886	-0.103437	119.552	-19.6709	6.15879	172.079	
2.36	1.6	0	3.6	11.3	2	0	3.2	0	0	4.9	34.8	35.7	16.5	26.1	29.9	25.5	99.9	99.9	79.6	89.7	99.9	98.4	99.9	99.9	99.9	93.7	-28.3886	-0.103437	119.552	-19.6709	6.15879	172.079	
2.37	1.6	0	3.6	11.3	2	0	3.2	0	0	4.9	34.8	35.7	16.5	26.1	29.9	25.5	99.9	99.9	79.6	89.7	99.9	98.4	99.9	99.9	99.9	93.7	-28.3886	-0.103437	119.552	-19.6709	6.15879	172.079	
2.38	1.6	0	3.6	11.3	2	0	3.2	0	0	4.9	34.8	35.7	16.5	26.1	29.9	25.5	99.9	99.9	79.6	89.7	99.9	98.4	99.9	99.9	99.9	93.7	-28.3886	-0.103437	119.552	-19.6709	6.15879	172.079	
