Hora de inicio de la toma de datos: 10:31:55
AT(s)	F1.1	F1.2	F2.1	F2.2	F3.1	F3.2	F4.1	F4.2	F5.1	F5.2	ABD1	ABD2	ABD3	ABD4	PA	TCO	P1	P2	P3	P4	P5	P6	P7	P8	P9	P10	HRoll	HPitch	HYaw	WRoll	WPitch	WYaw	
0.01	90.5	74.5	41.5	6.9	8.4	6.3	8.2	2.8	6.6	14.3	0	26.3	18.2	22.25	24.9	23.8	29.7	99.9	99.9	99.9	99.9	98.5	99.3	99.7	99.9	99.9	-119.693	-4.62238	-120.844	-95.51	1.60718	-38.9954	
0.02	90.5	74.5	41.5	6.9	8.4	6.3	8.2	2.8	6.6	14.3	0	26.3	18.2	22.25	24.9	23.8	29.7	99.9	99.9	99.9	99.9	98.5	99.3	99.7	99.9	99.9	-119.693	-4.62238	-120.844	-95.51	1.60718	-38.9954	
0.03	90.5	74.5	41.5	6.9	8.4	6.3	8.2	2.8	6.6	14.3	0	26.3	18.2	22.25	24.9	23.8	29.7	99.9	99.9	99.9	99.9	98.5	99.3	99.7	99.9	99.9	-119.693	-4.62238	-120.844	-95.51	1.60718	-38.9954	
0.04	90.5	74.5	41.5	6.9	8.4	6.3	8.2	2.8	6.6	14.3	0	26.3	18.2	22.25	24.9	23.8	29.7	99.9	99.9	99.9	99.9	98.5	99.3	99.7	99.9	99.9	-119.693	-4.62238	-120.844	-95.51	1.60718	-38.9954	
0.05	90.9	74.2	41	6.9	8.4	6.2	8.1	3	6.4	14.2	0	26.7	18.2	22.45	25	23.8	28.8	99.9	99.9	99.9	99.9	99.3	99.9	99.9	99.9	99.6	-119.728	-4.72907	-120.895	-95.4734	1.65121	-38.9387	
0.06	90.9	74.2	41	6.9	8.4	6.2	8.1	3	6.4	14.2	0	26.7	18.2	22.45	25	23.8	28.8	99.9	99.9	99.9	99.9	99.3	99.9	99.9	99.9	99.6	-119.728	-4.72907	-120.895	-95.4734	1.65121	-38.9387	
0.07	90.9	74.2	41	6.9	8.4	6.2	8.1	3	6.4	14.2	0	26.7	18.2	22.45	25	23.8	28.8	99.9	99.9	99.9	99.9	99.3	99.9	99.9	99.9	99.6	-119.728	-4.72907	-120.895	-95.4734	1.65121	-38.9387	
0.08	90.9	74.2	41	6.9	8.4	6.2	8.1	3	6.4	14.2	0	26.7	18.2	22.45	25	23.8	28.8	99.9	99.9	99.9	99.9	99.3	99.9	99.9	99.9	99.6	-119.728	-4.72907	-120.895	-95.4734	1.65121	-38.9387	
0.09	90.9	74.2	41	6.9	8.4	6.2	8.1	3	6.4	14.2	0	26.7	18.2	22.45	25	23.8	28.8	99.9	99.9	99.9	99.9	99.3	99.9	99.9	99.9	99.6	-119.728	-4.72907	-120.895	-95.4734	1.65121	-38.9387	
0.1	90.9	74.2	41	6.9	8.4	6.2	8.1	3	6.4	14.2	0	26.7	18.2	22.45	25	23.8	28.8	99.9	99.9	99.9	99.9	99.3	99.9	99.9	99.9	99.6	-119.728	-4.72907	-120.895	-95.4734	1.65121	-38.9387	
0.11	90.9	74.2	41	6.9	8.4	6.2	8.1	3	6.4	14.2	0	26.7	18.2	22.45	25	23.8	28.8	99.9	99.9	99.9	99.9	99.3	99.9	99.9	99.9	99.6	-119.728	-4.72907	-120.895	-95.4734	1.65121	-38.9387	
0.12	90.9	74.2	41	6.9	8.4	6.2	8.1	3	6.4	14.2	0	26.7	18.2	22.45	25	23.8	28.8	99.9	99.9	99.9	99.9	99.3	99.9	99.9	99.9	99.6	-119.728	-4.72907	-120.895	-95.4734	1.65121	-38.9387	
0.13	90.9	74.2	41	6.9	8.4	6.2	8.1	3	6.4	14.2	0	26.7	18.2	22.45	25	23.8	28.8	99.9	99.9	99.9	99.9	99.3	99.9	99.9	99.9	99.6	-119.728	-4.72907	-120.895	-95.4734	1.65121	-38.9387	
0.14	90.9	74.2	41	6.9	8.4	6.2	8.1	3	6.4	14.2	0	26.7	18.2	22.45	25	23.8	28.8	99.9	99.9	99.9	99.9	99.3	99.9	99.9	99.9	99.6	-119.728	-4.72907	-120.895	-95.4734	1.65121	-38.9387	
0.15	90.9	74.2	41	6.9	8.4	6.2	8.1	3	6.4	14.2	0	26.7	18.2	22.45	25	23.8	28.8	99.9	99.9	99.9	99.9	99.3	99.9	99.9	99.9	99.6	-119.728	-4.72907	-120.895	-95.4734	1.65121	-38.9387	
0.16	90.9	74.2	41	6.9	8.4	6.2	8.1	3	6.4	14.2	0	26.7	18.2	22.45	25	23.8	28.8	99.9	99.9	99.9	99.9	99.3	99.9	99.9	99.9	99.6	-119.728	-4.72907	-120.895	-95.4734	1.65121	-38.9387	
0.171	90.9	74.2	41	6.9	8.4	6.2	8.1	3	6.4	14.2	0	26.7	18.2	22.45	25	23.8	28.8	99.9	99.9	99.9	99.9	99.3	99.9	99.9	99.9	99.6	-119.728	-4.72907	-120.895	-95.4734	1.65121	-38.9387	
0.181	90.9	74.2	41	6.9	8.4	6.2	8.1	3	6.4	14.2	0	26.7	18.2	22.45	25	23.8	28.8	99.9	99.9	99.9	99.9	99.3	99.9	99.9	99.9	99.6	-119.728	-4.72907	-120.895	-95.4734	1.65121	-38.9387	
0.191	90.9	74.2	41	6.9	8.4	6.2	8.1	3	6.4	14.2	0	26.7	18.2	22.45	25	23.8	28.8	99.9	99.9	99.9	99.9	99.3	99.9	99.9	99.9	99.6	-119.728	-4.72907	-120.895	-95.4734	1.65121	-38.9387	
0.201	90.9	74.2	41	6.9	8.4	6.2	8.1	3	6.4	14.2	0	26.7	18.2	22.45	25	23.8	28.8	99.9	99.9	99.9	99.9	99.3	99.9	99.9	99.9	99.6	-119.728	-4.72907	-120.895	-95.4734	1.65121	-38.9387	
0.211	90.9	74.2	41	6.9	8.4	6.2	8.1	3	6.4	14.2	0	26.7	18.2	22.45	25	23.8	28.8	99.9	99.9	99.9	99.9	99.3	99.9	99.9	99.9	99.6	-119.728	-4.72907	-120.895	-95.4734	1.65121	-38.9387	
0.221	90.9	74.2	41	6.9	8.4	6.2	8.1	3	6.4	14.2	0	26.7	18.2	22.45	25	23.8	28.8	99.9	99.9	99.9	99.9	99.3	99.9	99.9	99.9	99.6	-119.728	-4.72907	-120.895	-95.4734	1.65121	-38.9387	
0.231	90.9	74.2	41	6.9	8.4	6.2	8.1	3	6.4	14.2	0	26.7	18.2	22.45	25	23.8	28.8	99.9	99.9	99.9	99.9	99.3	99.9	99.9	99.9	99.6	-119.728	-4.72907	-120.895	-95.4734	1.65121	-38.9387	
0.241	90.9	74.2	41	6.9	8.4	6.2	8.1	3	6.4	14.2	0	26.7	18.2	22.45	25	23.8	28.8	99.9	99.9	99.9	99.9	99.3	99.9	99.9	99.9	99.6	-119.728	-4.72907	-120.895	-95.4734	1.65121	-38.9387	
0.251	90.9	74.2	41	6.9	8.4	6.2	8.1	3	6.4	14.2	0	26.7	18.2	22.45	25	23.8	28.8	99.9	99.9	99.9	99.9	99.3	99.9	99.9	99.9	99.6	-119.728	-4.72907	-120.895	-95.4734	1.65121	-38.9387	
0.261	90.9	74.2	41	6.9	8.4	6.2	8.1	3	6.4	14.2	0	26.7	18.2	22.45	25	23.8	28.8	99.9	99.9	99.9	99.9	99.3	99.9	99.9	99.9	99.6	-119.728	-4.72907	-120.895	-95.4734	1.65121	-38.9387	
0.271	90.9	74.2	41	6.9	8.4	6.2	8.1	3	6.4	14.2	0	26.7	18.2	22.45	25	23.8	28.8	99.9	99.9	99.9	99.9	99.3	99.9	99.9	99.9	99.6	-119.728	-4.72907	-120.895	-95.4734	1.65121	-38.9387	
0.281	90.9	74.2	41	6.9	8.4	6.2	8.1	3	6.4	14.2	0	26.7	18.2	22.45	25	23.8	28.8	99.9	99.9	99.9	99.9	99.3	99.9	99.9	99.9	99.6	-119.728	-4.72907	-120.895	-95.4734	1.65121	-38.9387	
0.29	90.9	74.2	41	6.9	8.4	6.2	8.1	3	6.4	14.2	0	26.7	18.2	22.45	25	23.8	28.8	99.9	99.9	99.9	99.9	99.3	99.9	99.9	99.9	99.6	-119.728	-4.72907	-120.895	-95.4734	1.65121	-38.9387	
0.3	90.9	74.2	41	6.9	8.4	6.2	8.1	3	6.4	14.2	0	26.7	18.2	22.45	25	23.8	28.8	99.9	99.9	99.9	99.9	99.3	99.9	99.9	99.9	99.6	-119.728	-4.72907	-120.895	-95.4734	1.65121	-38.9387	
0.31	90.9	74.2	41	6.9	8.4	6.2	8.1	3	6.4	14.2	0	26.7	18.2	22.45	25	23.8	28.8	99.9	99.9	99.9	99.9	99.3	99.9	99.9	99.9	99.6	-119.728	-4.72907	-120.895	-95.4734	1.65121	-38.9387	
0.32	90.9	74.2	41	6.9	8.4	6.2	8.1	3	6.4	14.2	0	26.7	18.2	22.45	25	23.8	28.8	99.9	99.9	99.9	99.9	99.3	99.9	99.9	99.9	99.6	-119.728	-4.72907	-120.895	-95.4734	1.65121	-38.9387	
0.33	90.9	74.2	41	6.9	8.4	6.2	8.1	3	6.4	14.2	0	26.7	18.2	22.45	25	23.8	28.8	99.9	99.9	99.9	99.9	99.3	99.9	99.9	99.9	99.6	-119.728	-4.72907	-120.895	-95.4734	1.65121	-38.9387	
0.34	90.9	74.2	41	6.9	8.4	6.2	8.1	3	6.4	14.2	0	26.7	18.2	22.45	25	23.8	28.8	99.9	99.9	99.9	99.9	99.3	99.9	99.9	99.9	99.6	-119.728	-4.72907	-120.895	-95.4734	1.65121	-38.9387	
0.35	90.9	74.2	41	6.9	8.4	6.2	8.1	3	6.4	14.2	0	26.7	18.2	22.45	25	23.8	28.8	99.9	99.9	99.9	99.9	99.3	99.9	99.9	99.9	99.6	-119.728	-4.72907	-120.895	-95.4734	1.65121	-38.9387	
0.36	90.9	74.2	41	6.9	8.4	6.2	8.1	3	6.4	14.2	0	26.7	18.2	22.45	25	23.8	28.8	99.9	99.9	99.9	99.9	99.3	99.9	99.9	99.9	99.6	-119.728	-4.72907	-120.895	-95.4734	1.65121	-38.9387	
0.37	90.9	74.2	41	6.9	8.4	6.2	8.1	3	6.4	14.2	0	26.7	18.2	22.45	25	23.8	28.8	99.9	99.9	99.9	99.9	99.3	99.9	99.9	99.9	99.6	-119.728	-4.72907	-120.895	-95.4734	1.65121	-38.9387	
0.38	90.9	74.2	41	6.9	8.4	6.2	8.1	3	6.4	14.2	0	26.7	18.2	22.45	25	23.8	28.8	99.9	99.9	99.9	99.9	99.3	99.9	99.9	99.9	99.6	-119.728	-4.72907	-120.895	-95.4734	1.65121	-38.9387	
0.39	90.9	74.2	41	6.9	8.4	6.2	8.1	3	6.4	14.2	0	26.7	18.2	22.45	25	23.8	28.8	99.9	99.9	99.9	99.9	99.3	99.9	99.9	99.9	99.6	-119.728	-4.72907	-120.895	-95.4734	1.65121	-38.9387	
0.4	90.9	74.2	41	6.9	8.4	6.2	8.1	3	6.4	14.2	0	26.7	18.2	22.45	25	23.8	28.8	99.9	99.9	99.9	99.9	99.3	99.9	99.9	99.9	99.6	-119.728	-4.72907	-120.895	-95.4734	1.65121	-38.9387	
0.41	90.9	74.2	41	6.9	8.4	6.2	8.1	3	6.4	14.2	0	26.7	18.2	22.45	25	23.8	28.8	99.9	99.9	99.9	99.9	99.3	99.9	99.9	99.9	99.6	-119.728	-4.72907	-120.895	-95.4734	1.65121	-38.9387	
0.42	90.9	73.5	40.3	6.8	8.4	6	8.1	2.8	6.3	14	0	26.4	18.3	22.35	25	23.9	30.2	99.9	99.9	99.9	99.9	98.5	99.3	99.6	99.9	99.9	-120.023	-4.78134	-120.898	-95.6235	1.60773	-38.9896	
0.43	90.9	73.5	40.3	6.8	8.4	6	8.1	2.8	6.3	14	0	26.4	18.3	22.35	25	23.9	30.2	99.9	99.9	99.9	99.9	98.5	99.3	99.6	99.9	99.9	-120.023	-4.78134	-120.898	-95.6235	1.60773	-38.9896	
0.44	90.9	73.5	40.3	6.8	8.4	6	8.1	2.8	6.3	14	0	26.4	18.3	22.35	25	23.9	30.2	99.9	99.9	99.9	99.9	98.5	99.3	99.6	99.9	99.9	-120.023	-4.78134	-120.898	-95.6235	1.60773	-38.9896	
0.45	90.9	73.5	40.3	6.8	8.4	6	8.1	2.8	6.3	14	0	26.4	18.3	22.35	25	23.9	30.2	99.9	99.9	99.9	99.9	98.5	99.3	99.6	99.9	99.9	-120.023	-4.78134	-120.898	-95.6235	1.60773	-38.9896	
0.46	90.9	73.5	40.3	6.8	8.4	6	8.1	2.8	6.3	14	0	26.4	18.3	22.35	25	23.9	30.2	99.9	99.9	99.9	99.9	98.5	99.3	99.6	99.9	99.9	-120.023	-4.78134	-120.898	-95.6235	1.60773	-38.9896	
0.47	90.9	73.5	40.3	6.8	8.4	6	8.1	2.8	6.3	14	0	26.4	18.3	22.35	25	23.9	30.2	99.9	99.9	99.9	99.9	98.5	99.3	99.6	99.9	99.9	-120.023	-4.78134	-120.898	-95.6235	1.60773	-38.9896	
0.48	90.9	73.5	40.3	6.8	8.4	6	8.1	2.8	6.3	14	0	26.4	18.3	22.35	25	23.9	30.2	99.9	99.9	99.9	99.9	98.5	99.3	99.6	99.9	99.9	-120.023	-4.78134	-120.898	-95.6235	1.60773	-38.9896	
0.49	90.9	73.5	40.3	6.8	8.4	6	8.1	2.8	6.3	14	0	26.4	18.3	22.35	25	23.9	30.2	99.9	99.9	99.9	99.9	98.5	99.3	99.6	99.9	99.9	-120.023	-4.78134	-120.898	-95.6235	1.60773	-38.9896	
0.5	90.9	73.5	40.3	6.8	8.4	6	8.1	2.8	6.3	14	0	26.4	18.3	22.35	25	23.9	30.2	99.9	99.9	99.9	99.9	98.5	99.3	99.6	99.9	99.9	-120.023	-4.78134	-120.898	-95.6235	1.60773	-38.9896	
0.51	90.9	73.5	40.3	6.8	8.4	6	8.1	2.8	6.3	14	0	26.4	18.3	22.35	25	23.9	30.2	99.9	99.9	99.9	99.9	98.5	99.3	99.6	99.9	99.9	-120.023	-4.78134	-120.898	-95.6235	1.60773	-38.9896	
0.52	90.9	73.5	40.3	6.8	8.4	6	8.1	2.8	6.3	14	0	26.4	18.3	22.35	25	23.9	30.2	99.9	99.9	99.9	99.9	98.5	99.3	99.6	99.9	99.9	-120.023	-4.78134	-120.898	-95.6235	1.60773	-38.9896	
0.53	90.9	73.5	40.3	6.8	8.4	6	8.1	2.8	6.3	14	0	26.4	18.3	22.35	25	23.9	30.2	99.9	99.9	99.9	99.9	98.5	99.3	99.6	99.9	99.9	-120.023	-4.78134	-120.898	-95.6235	1.60773	-38.9896	
0.54	90.9	73.5	40.3	6.8	8.4	6	8.1	2.8	6.3	14	0	26.4	18.3	22.35	25	23.9	30.2	99.9	99.9	99.9	99.9	98.5	99.3	99.6	99.9	99.9	-120.023	-4.78134	-120.898	-95.6235	1.60773	-38.9896	
0.55	90.9	73.5	40.3	6.8	8.4	6	8.1	2.8	6.3	14	0	26.4	18.3	22.35	25	23.9	30.2	99.9	99.9	99.9	99.9	98.5	99.3	99.6	99.9	99.9	-120.023	-4.78134	-120.898	-95.6235	1.60773	-38.9896	
0.56	90.9	73.5	40.3	6.8	8.4	6	8.1	2.8	6.3	14	0	26.4	18.3	22.35	25	23.9	30.2	99.9	99.9	99.9	99.9	98.5	99.3	99.6	99.9	99.9	-120.023	-4.78134	-120.898	-95.6235	1.60773	-38.9896	
0.57	90.9	73.5	40.3	6.8	8.4	6	8.1	2.8	6.3	14	0	26.4	18.3	22.35	25	23.9	30.2	99.9	99.9	99.9	99.9	98.5	99.3	99.6	99.9	99.9	-120.023	-4.78134	-120.898	-95.6235	1.60773	-38.9896	
0.58	90.9	73.5	40.3	6.8	8.4	6	8.1	2.8	6.3	14	0	26.4	18.3	22.35	25	23.9	30.2	99.9	99.9	99.9	99.9	98.5	99.3	99.6	99.9	99.9	-120.023	-4.78134	-120.898	-95.6235	1.60773	-38.9896	
0.59	90.9	73.5	40.3	6.8	8.4	6	8.1	2.8	6.3	14	0	26.4	18.3	22.35	25	23.9	30.2	99.9	99.9	99.9	99.9	98.5	99.3	99.6	99.9	99.9	-120.023	-4.78134	-120.898	-95.6235	1.60773	-38.9896	
0.6	90.9	73.5	40.3	6.8	8.4	6	8.1	2.8	6.3	14	0	26.4	18.3	22.35	25	23.9	30.2	99.9	99.9	99.9	99.9	98.5	99.3	99.6	99.9	99.9	-120.023	-4.78134	-120.898	-95.6235	1.60773	-38.9896	
0.61	90.9	73.5	40.3	6.8	8.4	6	8.1	2.8	6.3	14	0	26.4	18.3	22.35	25	23.9	30.2	99.9	99.9	99.9	99.9	98.5	99.3	99.6	99.9	99.9	-120.023	-4.78134	-120.898	-95.6235	1.60773	-38.9896	
0.62	90.9	73.5	40.3	6.8	8.4	6	8.1	2.8	6.3	14	0	26.4	18.3	22.35	25	23.9	30.2	99.9	99.9	99.9	99.9	98.5	99.3	99.6	99.9	99.9	-120.023	-4.78134	-120.898	-95.6235	1.60773	-38.9896	
0.63	90.9	73.5	40.3	6.8	8.4	6	8.1	2.8	6.3	14	0	26.4	18.3	22.35	25	23.9	30.2	99.9	99.9	99.9	99.9	98.5	99.3	99.6	99.9	99.9	-120.023	-4.78134	-120.898	-95.6235	1.60773	-38.9896	
0.64	90.9	73.5	40.3	6.8	8.4	6	8.1	2.8	6.3	14	0	26.4	18.3	22.35	25	23.9	30.2	99.9	99.9	99.9	99.9	98.5	99.3	99.6	99.9	99.9	-120.023	-4.78134	-120.898	-95.6235	1.60773	-38.9896	
0.65	90.9	73.5	40.3	6.8	8.4	6	8.1	2.8	6.3	14	0	26.4	18.3	22.35	25	23.9	30.2	99.9	99.9	99.9	99.9	98.5	99.3	99.6	99.9	99.9	-120.023	-4.78134	-120.898	-95.6235	1.60773	-38.9896	
0.66	90.9	73.5	40.3	6.8	8.4	6	8.1	2.8	6.3	14	0	26.4	18.3	22.35	25	23.9	30.2	99.9	99.9	99.9	99.9	98.5	99.3	99.6	99.9	99.9	-120.023	-4.78134	-120.898	-95.6235	1.60773	-38.9896	
0.67	90.9	73.5	40.3	6.8	8.4	6	8.1	2.8	6.3	14	0	26.4	18.3	22.35	25	23.9	30.2	99.9	99.9	99.9	99.9	98.5	99.3	99.6	99.9	99.9	-120.023	-4.78134	-120.898	-95.6235	1.60773	-38.9896	
0.68	90.9	73.5	40.3	6.8	8.4	6	8.1	2.8	6.3	14	0	26.4	18.3	22.35	25	23.9	30.2	99.9	99.9	99.9	99.9	98.5	99.3	99.6	99.9	99.9	-120.023	-4.78134	-120.898	-95.6235	1.60773	-38.9896	
0.69	90.9	73.5	40.3	6.8	8.4	6	8.1	2.8	6.3	14	0	26.4	18.3	22.35	25	23.9	30.2	99.9	99.9	99.9	99.9	98.5	99.3	99.6	99.9	99.9	-120.023	-4.78134	-120.898	-95.6235	1.60773	-38.9896	
0.7	90.9	73.5	40.3	6.8	8.4	6	8.1	2.8	6.3	14	0	26.4	18.3	22.35	25	23.9	30.2	99.9	99.9	99.9	99.9	98.5	99.3	99.6	99.9	99.9	-120.023	-4.78134	-120.898	-95.6235	1.60773	-38.9896	
0.71	90.9	73.5	40.3	6.8	8.4	6	8.1	2.8	6.3	14	0	26.4	18.3	22.35	25	23.9	30.2	99.9	99.9	99.9	99.9	98.5	99.3	99.6	99.9	99.9	-120.023	-4.78134	-120.898	-95.6235	1.60773	-38.9896	
0.72	90.9	73.5	40.3	6.8	8.4	6	8.1	2.8	6.3	14	0	26.4	18.3	22.35	25	23.9	30.2	99.9	99.9	99.9	99.9	98.5	99.3	99.6	99.9	99.9	-120.023	-4.78134	-120.898	-95.6235	1.60773	-38.9896	
0.73	90.9	73.5	40.3	6.8	8.4	6	8.1	2.8	6.3	14	0	26.4	18.3	22.35	25	23.9	30.2	99.9	99.9	99.9	99.9	98.5	99.3	99.6	99.9	99.9	-120.023	-4.78134	-120.898	-95.6235	1.60773	-38.9896	
0.74	90.9	73.5	40.3	6.8	8.4	6	8.1	2.8	6.3	14	0	26.4	18.3	22.35	25	23.9	30.2	99.9	99.9	99.9	99.9	98.5	99.3	99.6	99.9	99.9	-120.023	-4.78134	-120.898	-95.6235	1.60773	-38.9896	
0.75	90.9	73.5	40.3	6.8	8.4	6	8.1	2.8	6.3	14	0	26.4	18.3	22.35	25	23.9	30.2	99.9	99.9	99.9	99.9	98.5	99.3	99.6	99.9	99.9	-120.023	-4.78134	-120.898	-95.6235	1.60773	-38.9896	
0.76	90.9	73.5	40.3	6.8	8.4	6	8.1	2.8	6.3	14	0	26.4	18.3	22.35	25	23.9	30.2	99.9	99.9	99.9	99.9	98.5	99.3	99.6	99.9	99.9	-120.023	-4.78134	-120.898	-95.6235	1.60773	-38.9896	
0.77	90.9	73.5	40.3	6.8	8.4	6	8.1	2.8	6.3	14	0	26.4	18.3	22.35	25	23.9	30.2	99.9	99.9	99.9	99.9	98.5	99.3	99.6	99.9	99.9	-120.023	-4.78134	-120.898	-95.6235	1.60773	-38.9896	
0.78	90.9	73.5	40.3	6.8	8.4	6	8.1	2.8	6.3	14	0	26.4	18.3	22.35	25	23.9	30.2	99.9	99.9	99.9	99.9	98.5	99.3	99.6	99.9	99.9	-120.023	-4.78134	-120.898	-95.6235	1.60773	-38.9896	
0.79	90.5	73.3	40	6.8	8.4	6	8.1	2.9	6.2	13.9	0	26	18.3	22.15	25	23.9	31.4	99.9	99.9	99.9	99.9	98.5	99.3	99.5	99.9	99.9	-120.033	-4.91931	-120.88	-95.5288	1.59278	-39.0751	
0.8	90.5	73.3	40	6.8	8.4	6	8.1	2.9	6.2	13.9	0	26	18.3	22.15	25	23.9	31.4	99.9	99.9	99.9	99.9	98.5	99.3	99.5	99.9	99.9	-120.033	-4.91931	-120.88	-95.5288	1.59278	-39.0751	
0.81	90.5	73.3	40	6.8	8.4	6	8.1	2.9	6.2	13.9	0	26	18.3	22.15	25	23.9	31.4	99.9	99.9	99.9	99.9	98.5	99.3	99.5	99.9	99.9	-120.033	-4.91931	-120.88	-95.5288	1.59278	-39.0751	
0.82	90.5	73.3	40	6.8	8.4	6	8.1	2.9	6.2	13.9	0	26	18.3	22.15	25	23.9	31.4	99.9	99.9	99.9	99.9	98.5	99.3	99.5	99.9	99.9	-120.033	-4.91931	-120.88	-95.5288	1.59278	-39.0751	
0.83	90.5	73.3	40	6.8	8.4	6	8.1	2.9	6.2	13.9	0	26	18.3	22.15	25	23.9	31.4	99.9	99.9	99.9	99.9	98.5	99.3	99.5	99.9	99.9	-120.033	-4.91931	-120.88	-95.5288	1.59278	-39.0751	
0.84	90.5	73.3	40	6.8	8.4	6	8.1	2.9	6.2	13.9	0	26	18.3	22.15	25	23.9	31.4	99.9	99.9	99.9	99.9	98.5	99.3	99.5	99.9	99.9	-120.033	-4.91931	-120.88	-95.5288	1.59278	-39.0751	
0.85	90.5	73.3	40	6.8	8.4	6	8.1	2.9	6.2	13.9	0	26	18.3	22.15	25	23.9	31.4	99.9	99.9	99.9	99.9	98.5	99.3	99.5	99.9	99.9	-120.033	-4.91931	-120.88	-95.5288	1.59278	-39.0751	
0.86	90.5	73.3	40	6.8	8.4	6	8.1	2.9	6.2	13.9	0	26	18.3	22.15	25	23.9	31.4	99.9	99.9	99.9	99.9	98.5	99.3	99.5	99.9	99.9	-120.033	-4.91931	-120.88	-95.5288	1.59278	-39.0751	
0.87	90.5	73.3	40	6.8	8.4	6	8.1	2.9	6.2	13.9	0	26	18.3	22.15	25	23.9	31.4	99.9	99.9	99.9	99.9	98.5	99.3	99.5	99.9	99.9	-120.033	-4.91931	-120.88	-95.5288	1.59278	-39.0751	
0.88	90.5	73.3	40	6.8	8.4	6	8.1	2.9	6.2	13.9	0	26	18.3	22.15	25	23.9	31.4	99.9	99.9	99.9	99.9	98.5	99.3	99.5	99.9	99.9	-120.033	-4.91931	-120.88	-95.5288	1.59278	-39.0751	
0.89	90.5	73.3	40	6.8	8.4	6	8.1	2.9	6.2	13.9	0	26	18.3	22.15	25	23.9	31.4	99.9	99.9	99.9	99.9	98.5	99.3	99.5	99.9	99.9	-120.033	-4.91931	-120.88	-95.5288	1.59278	-39.0751	
0.9	90.5	73.3	40	6.8	8.4	6	8.1	2.9	6.2	13.9	0	26	18.3	22.15	25	23.9	31.4	99.9	99.9	99.9	99.9	98.5	99.3	99.5	99.9	99.9	-120.033	-4.91931	-120.88	-95.5288	1.59278	-39.0751	
0.91	90.5	73.3	40	6.8	8.4	6	8.1	2.9	6.2	13.9	0	26	18.3	22.15	25	23.9	31.4	99.9	99.9	99.9	99.9	98.5	99.3	99.5	99.9	99.9	-120.033	-4.91931	-120.88	-95.5288	1.59278	-39.0751	
0.92	90.5	73.3	40	6.8	8.4	6	8.1	2.9	6.2	13.9	0	26	18.3	22.15	25	23.9	31.4	99.9	99.9	99.9	99.9	98.5	99.3	99.5	99.9	99.9	-120.033	-4.91931	-120.88	-95.5288	1.59278	-39.0751	
0.93	90.5	73.3	40	6.8	8.4	6	8.1	2.9	6.2	13.9	0	26	18.3	22.15	25	23.9	31.4	99.9	99.9	99.9	99.9	98.5	99.3	99.5	99.9	99.9	-120.033	-4.91931	-120.88	-95.5288	1.59278	-39.0751	
0.94	90.5	73.3	40	6.8	8.4	6	8.1	2.9	6.2	13.9	0	26	18.3	22.15	25	23.9	31.4	99.9	99.9	99.9	99.9	98.5	99.3	99.5	99.9	99.9	-120.033	-4.91931	-120.88	-95.5288	1.59278	-39.0751	
0.95	90.5	73.3	40	6.8	8.4	6	8.1	2.9	6.2	13.9	0	26	18.3	22.15	25	23.9	31.4	99.9	99.9	99.9	99.9	98.5	99.3	99.5	99.9	99.9	-120.033	-4.91931	-120.88	-95.5288	1.59278	-39.0751	
0.96	90.5	73.3	40	6.8	8.4	6	8.1	2.9	6.2	13.9	0	26	18.3	22.15	25	23.9	31.4	99.9	99.9	99.9	99.9	98.5	99.3	99.5	99.9	99.9	-120.033	-4.91931	-120.88	-95.5288	1.59278	-39.0751	
0.97	90.5	73.3	40	6.8	8.4	6	8.1	2.9	6.2	13.9	0	26	18.3	22.15	25	23.9	31.4	99.9	99.9	99.9	99.9	98.5	99.3	99.5	99.9	99.9	-120.033	-4.91931	-120.88	-95.5288	1.59278	-39.0751	
0.98	90.5	73.3	40	6.8	8.4	6	8.1	2.9	6.2	13.9	0	26	18.3	22.15	25	23.9	31.4	99.9	99.9	99.9	99.9	98.5	99.3	99.5	99.9	99.9	-120.033	-4.91931	-120.88	-95.5288	1.59278	-39.0751	
0.99	90.5	73.3	40	6.8	8.4	6	8.1	2.9	6.2	13.9	0	26	18.3	22.15	25	23.9	31.4	99.9	99.9	99.9	99.9	98.5	99.3	99.5	99.9	99.9	-120.033	-4.91931	-120.88	-95.5288	1.59278	-39.0751	
1	90.5	73.3	40	6.8	8.4	6	8.1	2.9	6.2	13.9	0	26	18.3	22.15	25	23.9	31.4	99.9	99.9	99.9	99.9	98.5	99.3	99.5	99.9	99.9	-120.033	-4.91931	-120.88	-95.5288	1.59278	-39.0751	
1.01	90.5	73.3	40	6.8	8.4	6	8.1	2.9	6.2	13.9	0	26	18.3	22.15	25	23.9	31.4	99.9	99.9	99.9	99.9	98.5	99.3	99.5	99.9	99.9	-120.033	-4.91931	-120.88	-95.5288	1.59278	-39.0751	
1.02	90.5	73.3	40	6.8	8.4	6	8.1	2.9	6.2	13.9	0	26	18.3	22.15	25	23.9	31.4	99.9	99.9	99.9	99.9	98.5	99.3	99.5	99.9	99.9	-120.033	-4.91931	-120.88	-95.5288	1.59278	-39.0751	
1.03	90.5	73.3	40	6.8	8.4	6	8.1	2.9	6.2	13.9	0	26	18.3	22.15	25	23.9	31.4	99.9	99.9	99.9	99.9	98.5	99.3	99.5	99.9	99.9	-120.033	-4.91931	-120.88	-95.5288	1.59278	-39.0751	
1.04	90.5	73.3	40	6.8	8.4	6	8.1	2.9	6.2	13.9	0	26	18.3	22.15	25	23.9	31.4	99.9	99.9	99.9	99.9	98.5	99.3	99.5	99.9	99.9	-120.033	-4.91931	-120.88	-95.5288	1.59278	-39.0751	
1.05	90.5	73.3	40	6.8	8.4	6	8.1	2.9	6.2	13.9	0	26	18.3	22.15	25	23.9	31.4	99.9	99.9	99.9	99.9	98.5	99.3	99.5	99.9	99.9	-120.033	-4.91931	-120.88	-95.5288	1.59278	-39.0751	
1.06	90.5	73.3	40	6.8	8.4	6	8.1	2.9	6.2	13.9	0	26	18.3	22.15	25	23.9	31.4	99.9	99.9	99.9	99.9	98.5	99.3	99.5	99.9	99.9	-120.033	-4.91931	-120.88	-95.5288	1.59278	-39.0751	
1.07	90.5	73.3	40	6.8	8.4	6	8.1	2.9	6.2	13.9	0	26	18.3	22.15	25	23.9	31.4	99.9	99.9	99.9	99.9	98.5	99.3	99.5	99.9	99.9	-120.033	-4.91931	-120.88	-95.5288	1.59278	-39.0751	
1.08	90.5	73.3	40	6.8	8.4	6	8.1	2.9	6.2	13.9	0	26	18.3	22.15	25	23.9	31.4	99.9	99.9	99.9	99.9	98.5	99.3	99.5	99.9	99.9	-120.033	-4.91931	-120.88	-95.5288	1.59278	-39.0751	
1.09	90.5	73.3	40	6.8	8.4	6	8.1	2.9	6.2	13.9	0	26	18.3	22.15	25	23.9	31.4	99.9	99.9	99.9	99.9	98.5	99.3	99.5	99.9	99.9	-120.033	-4.91931	-120.88	-95.5288	1.59278	-39.0751	
1.1	90.5	73.3	40	6.8	8.4	6	8.1	2.9	6.2	13.9	0	26	18.3	22.15	25	23.9	31.4	99.9	99.9	99.9	99.9	98.5	99.3	99.5	99.9	99.9	-120.033	-4.91931	-120.88	-95.5288	1.59278	-39.0751	
1.11	90.5	73.3	40	6.8	8.4	6	8.1	2.9	6.2	13.9	0	26	18.3	22.15	25	23.9	31.4	99.9	99.9	99.9	99.9	98.5	99.3	99.5	99.9	99.9	-120.033	-4.91931	-120.88	-95.5288	1.59278	-39.0751	
1.12	90.5	73.3	40	6.8	8.4	6	8.1	2.9	6.2	13.9	0	26	18.3	22.15	25	23.9	31.4	99.9	99.9	99.9	99.9	98.5	99.3	99.5	99.9	99.9	-120.033	-4.91931	-120.88	-95.5288	1.59278	-39.0751	
1.13	90.5	73.3	40	6.8	8.4	6	8.1	2.9	6.2	13.9	0	26	18.3	22.15	25	23.9	31.4	99.9	99.9	99.9	99.9	98.5	99.3	99.5	99.9	99.9	-120.033	-4.91931	-120.88	-95.5288	1.59278	-39.0751	
1.14	90.5	73.3	40	6.8	8.4	6	8.1	2.9	6.2	13.9	0	26	18.3	22.15	25	23.9	31.4	99.9	99.9	99.9	99.9	98.5	99.3	99.5	99.9	99.9	-120.033	-4.91931	-120.88	-95.5288	1.59278	-39.0751	
1.15	90.5	73.3	40	6.8	8.4	6	8.1	2.9	6.2	13.9	0	26	18.3	22.15	25	23.9	31.4	99.9	99.9	99.9	99.9	98.5	99.3	99.5	99.9	99.9	-120.033	-4.91931	-120.88	-95.5288	1.59278	-39.0751	
1.16	90.3	73.2	40	6.8	8.4	5.8	8.3	2.7	6.1	13.6	0	26.1	18.2	22.15	25.1	23.9	30.5	99.9	99.9	99.9	99.9	98.9	99.6	99.4	99.4	99.7	-120.04	-4.87453	-120.959	-95.1789	1.75208	-39.142	
1.17	90.3	73.2	40	6.8	8.4	5.8	8.3	2.7	6.1	13.6	0	26.1	18.2	22.15	25.1	23.9	30.5	99.9	99.9	99.9	99.9	98.9	99.6	99.4	99.4	99.7	-120.04	-4.87453	-120.959	-95.1789	1.75208	-39.142	
1.18	90.3	73.2	40	6.8	8.4	5.8	8.3	2.7	6.1	13.6	0	26.1	18.2	22.15	25.1	23.9	30.5	99.9	99.9	99.9	99.9	98.9	99.6	99.4	99.4	99.7	-120.04	-4.87453	-120.959	-95.1789	1.75208	-39.142	
1.19	90.3	73.2	40	6.8	8.4	5.8	8.3	2.7	6.1	13.6	0	26.1	18.2	22.15	25.1	23.9	30.5	99.9	99.9	99.9	99.9	98.9	99.6	99.4	99.4	99.7	-120.04	-4.87453	-120.959	-95.1789	1.75208	-39.142	
1.2	90.3	73.2	40	6.8	8.4	5.8	8.3	2.7	6.1	13.6	0	26.1	18.2	22.15	25.1	23.9	30.5	99.9	99.9	99.9	99.9	98.9	99.6	99.4	99.4	99.7	-120.04	-4.87453	-120.959	-95.1789	1.75208	-39.142	
1.21	90.3	73.2	40	6.8	8.4	5.8	8.3	2.7	6.1	13.6	0	26.1	18.2	22.15	25.1	23.9	30.5	99.9	99.9	99.9	99.9	98.9	99.6	99.4	99.4	99.7	-120.04	-4.87453	-120.959	-95.1789	1.75208	-39.142	
1.22	90.3	73.2	40	6.8	8.4	5.8	8.3	2.7	6.1	13.6	0	26.1	18.2	22.15	25.1	23.9	30.5	99.9	99.9	99.9	99.9	98.9	99.6	99.4	99.4	99.7	-120.04	-4.87453	-120.959	-95.1789	1.75208	-39.142	
1.23	90.3	73.2	40	6.8	8.4	5.8	8.3	2.7	6.1	13.6	0	26.1	18.2	22.15	25.1	23.9	30.5	99.9	99.9	99.9	99.9	98.9	99.6	99.4	99.4	99.7	-120.04	-4.87453	-120.959	-95.1789	1.75208	-39.142	
1.24	90.3	73.2	40	6.8	8.4	5.8	8.3	2.7	6.1	13.6	0	26.1	18.2	22.15	25.1	23.9	30.5	99.9	99.9	99.9	99.9	98.9	99.6	99.4	99.4	99.7	-120.04	-4.87453	-120.959	-95.1789	1.75208	-39.142	
1.25	90.3	73.2	40	6.8	8.4	5.8	8.3	2.7	6.1	13.6	0	26.1	18.2	22.15	25.1	23.9	30.5	99.9	99.9	99.9	99.9	98.9	99.6	99.4	99.4	99.7	-120.04	-4.87453	-120.959	-95.1789	1.75208	-39.142	
1.26	90.3	73.2	40	6.8	8.4	5.8	8.3	2.7	6.1	13.6	0	26.1	18.2	22.15	25.1	23.9	30.5	99.9	99.9	99.9	99.9	98.9	99.6	99.4	99.4	99.7	-120.04	-4.87453	-120.959	-95.1789	1.75208	-39.142	
1.27	90.3	73.2	40	6.8	8.4	5.8	8.3	2.7	6.1	13.6	0	26.1	18.2	22.15	25.1	23.9	30.5	99.9	99.9	99.9	99.9	98.9	99.6	99.4	99.4	99.7	-120.04	-4.87453	-120.959	-95.1789	1.75208	-39.142	
1.28	90.3	73.2	40	6.8	8.4	5.8	8.3	2.7	6.1	13.6	0	26.1	18.2	22.15	25.1	23.9	30.5	99.9	99.9	99.9	99.9	98.9	99.6	99.4	99.4	99.7	-120.04	-4.87453	-120.959	-95.1789	1.75208	-39.142	
1.29	90.3	73.2	40	6.8	8.4	5.8	8.3	2.7	6.1	13.6	0	26.1	18.2	22.15	25.1	23.9	30.5	99.9	99.9	99.9	99.9	98.9	99.6	99.4	99.4	99.7	-120.04	-4.87453	-120.959	-95.1789	1.75208	-39.142	
1.3	90.3	73.2	40	6.8	8.4	5.8	8.3	2.7	6.1	13.6	0	26.1	18.2	22.15	25.1	23.9	30.5	99.9	99.9	99.9	99.9	98.9	99.6	99.4	99.4	99.7	-120.04	-4.87453	-120.959	-95.1789	1.75208	-39.142	
1.31	90.3	73.2	40	6.8	8.4	5.8	8.3	2.7	6.1	13.6	0	26.1	18.2	22.15	25.1	23.9	30.5	99.9	99.9	99.9	99.9	98.9	99.6	99.4	99.4	99.7	-120.04	-4.87453	-120.959	-95.1789	1.75208	-39.142	
1.32	90.3	73.2	40	6.8	8.4	5.8	8.3	2.7	6.1	13.6	0	26.1	18.2	22.15	25.1	23.9	30.5	99.9	99.9	99.9	99.9	98.9	99.6	99.4	99.4	99.7	-120.04	-4.87453	-120.959	-95.1789	1.75208	-39.142	
1.33	90.3	73.2	40	6.8	8.4	5.8	8.3	2.7	6.1	13.6	0	26.1	18.2	22.15	25.1	23.9	30.5	99.9	99.9	99.9	99.9	98.9	99.6	99.4	99.4	99.7	-120.04	-4.87453	-120.959	-95.1789	1.75208	-39.142	
1.34	90.3	73.2	40	6.8	8.4	5.8	8.3	2.7	6.1	13.6	0	26.1	18.2	22.15	25.1	23.9	30.5	99.9	99.9	99.9	99.9	98.9	99.6	99.4	99.4	99.7	-120.04	-4.87453	-120.959	-95.1789	1.75208	-39.142	
1.35	90.3	73.2	40	6.8	8.4	5.8	8.3	2.7	6.1	13.6	0	26.1	18.2	22.15	25.1	23.9	30.5	99.9	99.9	99.9	99.9	98.9	99.6	99.4	99.4	99.7	-120.04	-4.87453	-120.959	-95.1789	1.75208	-39.142	
1.36	90.3	73.2	40	6.8	8.4	5.8	8.3	2.7	6.1	13.6	0	26.1	18.2	22.15	25.1	23.9	30.5	99.9	99.9	99.9	99.9	98.9	99.6	99.4	99.4	99.7	-120.04	-4.87453	-120.959	-95.1789	1.75208	-39.142	
1.37	90.3	73.2	40	6.8	8.4	5.8	8.3	2.7	6.1	13.6	0	26.1	18.2	22.15	25.1	23.9	30.5	99.9	99.9	99.9	99.9	98.9	99.6	99.4	99.4	99.7	-120.04	-4.87453	-120.959	-95.1789	1.75208	-39.142	
1.38	90.3	73.2	40	6.8	8.4	5.8	8.3	2.7	6.1	13.6	0	26.1	18.2	22.15	25.1	23.9	30.5	99.9	99.9	99.9	99.9	98.9	99.6	99.4	99.4	99.7	-120.04	-4.87453	-120.959	-95.1789	1.75208	-39.142	
1.39	90.3	73.2	40	6.8	8.4	5.8	8.3	2.7	6.1	13.6	0	26.1	18.2	22.15	25.1	23.9	30.5	99.9	99.9	99.9	99.9	98.9	99.6	99.4	99.4	99.7	-120.04	-4.87453	-120.959	-95.1789	1.75208	-39.142	
1.4	90.3	73.2	40	6.8	8.4	5.8	8.3	2.7	6.1	13.6	0	26.1	18.2	22.15	25.1	23.9	30.5	99.9	99.9	99.9	99.9	98.9	99.6	99.4	99.4	99.7	-120.04	-4.87453	-120.959	-95.1789	1.75208	-39.142	
1.41	90.3	73.2	40	6.8	8.4	5.8	8.3	2.7	6.1	13.6	0	26.1	18.2	22.15	25.1	23.9	30.5	99.9	99.9	99.9	99.9	98.9	99.6	99.4	99.4	99.7	-120.04	-4.87453	-120.959	-95.1789	1.75208	-39.142	
1.42	90.3	73.2	40	6.8	8.4	5.8	8.3	2.7	6.1	13.6	0	26.1	18.2	22.15	25.1	23.9	30.5	99.9	99.9	99.9	99.9	98.9	99.6	99.4	99.4	99.7	-120.04	-4.87453	-120.959	-95.1789	1.75208	-39.142	
1.43	90.3	73.2	40	6.8	8.4	5.8	8.3	2.7	6.1	13.6	0	26.1	18.2	22.15	25.1	23.9	30.5	99.9	99.9	99.9	99.9	98.9	99.6	99.4	99.4	99.7	-120.04	-4.87453	-120.959	-95.1789	1.75208	-39.142	
1.44	90.3	73.2	40	6.8	8.4	5.8	8.3	2.7	6.1	13.6	0	26.1	18.2	22.15	25.1	23.9	30.5	99.9	99.9	99.9	99.9	98.9	99.6	99.4	99.4	99.7	-120.04	-4.87453	-120.959	-95.1789	1.75208	-39.142	
1.45	90.3	73.2	40	6.8	8.4	5.8	8.3	2.7	6.1	13.6	0	26.1	18.2	22.15	25.1	23.9	30.5	99.9	99.9	99.9	99.9	98.9	99.6	99.4	99.4	99.7	-120.04	-4.87453	-120.959	-95.1789	1.75208	-39.142	
1.46	90.3	73.2	40	6.8	8.4	5.8	8.3	2.7	6.1	13.6	0	26.1	18.2	22.15	25.1	23.9	30.5	99.9	99.9	99.9	99.9	98.9	99.6	99.4	99.4	99.7	-120.04	-4.87453	-120.959	-95.1789	1.75208	-39.142	
1.47	90.3	73.2	40	6.8	8.4	5.8	8.3	2.7	6.1	13.6	0	26.1	18.2	22.15	25.1	23.9	30.5	99.9	99.9	99.9	99.9	98.9	99.6	99.4	99.4	99.7	-120.04	-4.87453	-120.959	-95.1789	1.75208	-39.142	
1.48	90.3	73.2	40	6.8	8.4	5.8	8.3	2.7	6.1	13.6	0	26.1	18.2	22.15	25.1	23.9	30.5	99.9	99.9	99.9	99.9	98.9	99.6	99.4	99.4	99.7	-120.04	-4.87453	-120.959	-95.1789	1.75208	-39.142	
1.49	90.3	73.2	40	6.8	8.4	5.8	8.3	2.7	6.1	13.6	0	26.1	18.2	22.15	25.1	23.9	30.5	99.9	99.9	99.9	99.9	98.9	99.6	99.4	99.4	99.7	-120.04	-4.87453	-120.959	-95.1789	1.75208	-39.142	
1.5	90.3	73.2	40	6.8	8.4	5.8	8.3	2.7	6.1	13.6	0	26.1	18.2	22.15	25.1	23.9	30.5	99.9	99.9	99.9	99.9	98.9	99.6	99.4	99.4	99.7	-120.04	-4.87453	-120.959	-95.1789	1.75208	-39.142	
