Hora de inicio de la toma de datos: 11:31:21
AT(s)	W	X	Y	Z
0.01	0.95112	0.033244	-0.058801	-0.301343	
0.04	0.951069	0.031777	-0.058545	-0.301714	
0.065	0.951062	0.030869	-0.05848	-0.301841	
0.088	0.951068	0.030203	-0.058536	-0.30188	
0.112	0.95101	0.029826	-0.058464	-0.302114	
0.141	0.95085	0.029602	-0.058427	-0.302647	
0.171	0.950715	0.029888	-0.05827	-0.303072	
0.207	0.950559	0.032268	-0.058621	-0.303248	
0.24	0.950431	0.036271	-0.059093	-0.303108	
0.264	0.950543	0.040458	-0.059537	-0.302137	
0.29	0.950639	0.050073	-0.059664	-0.300365	
0.321	0.950524	0.055138	-0.059419	-0.299889	
0.344	0.950455	0.0576	-0.059129	-0.299704	
0.372	0.950426	0.057608	-0.058864	-0.299846	
0.395	0.950511	0.054734	-0.058927	-0.300101	
0.421	0.950522	0.051004	-0.059531	-0.300605	
0.446	0.950566	0.046998	-0.059819	-0.301061	
0.47	0.95059	0.042991	-0.059163	-0.301714	
0.507	0.950696	0.037914	-0.057964	-0.302292	
0.532	0.951001	0.038131	-0.057504	-0.301391	
0.557	0.951154	0.040668	-0.055978	-0.300865	
0.582	0.951156	0.038944	-0.053375	-0.301558	
0.607	0.9512	0.033129	-0.051073	-0.30251	
0.64	0.951649	0.027208	-0.048547	-0.302104	
0.666	0.951977	0.026404	-0.046413	-0.301478	
0.691	0.952156	0.021499	-0.042592	-0.301866	
0.721	0.952765	0.01439	-0.039122	-0.300834	
0.745	0.953402	0.008488	-0.036196	-0.299403	
0.782	0.954212	0.004456	-0.032164	-0.297364	
0.808	0.955264	0.002848	-0.028753	-0.294339	
0.832	0.956426	0.00377	-0.0264	-0.290756	
0.863	0.958152	0.006014	-0.02359	-0.285222	
0.889	0.960095	0.007603	-0.021486	-0.278745	
0.922	0.96102	0.009054	-0.021805	-0.275468	
0.944	0.962153	0.010017	-0.023322	-0.271325	
0.97	0.963228	0.0124	-0.024226	-0.267303	
0.994	0.964264	0.015255	-0.024988	-0.263322	
1.02	0.965163	0.018086	-0.026085	-0.259717	
1.045	0.966289	0.020064	-0.027777	-0.25517	
1.069	0.967545	0.026527	-0.028811	-0.249644	
1.094	0.96877	0.033949	-0.029893	-0.243801	
1.119	0.970109	0.042229	-0.029684	-0.237115	
1.157	0.971522	0.047432	-0.023645	-0.230948	
1.19	0.972494	0.048184	-0.018088	-0.227169	
1.214	0.973014	0.054358	-0.017062	-0.223604	
1.245	0.973037	0.060101	-0.018896	-0.221878	
1.269	0.973184	0.064181	-0.021905	-0.219803	
1.296	0.973135	0.066095	-0.024102	-0.219222	
1.321	0.973092	0.065972	-0.025294	-0.219319	
1.358	0.972947	0.067112	-0.026008	-0.219533	
1.388	0.972747	0.070382	-0.02722	-0.219247	
1.416	0.972141	0.075179	-0.028743	-0.220143	
1.439	0.9711	0.080122	-0.030854	-0.222695	
1.471	0.970465	0.085547	-0.032879	-0.223155	
1.496	0.969802	0.090889	-0.034485	-0.223685	
1.52	0.968809	0.096559	-0.035527	-0.225441	
1.545	0.967357	0.102348	-0.036552	-0.228933	
1.571	0.965443	0.109299	-0.038323	-0.233462	
1.597	0.963732	0.114185	-0.040469	-0.237791	
1.621	0.962403	0.117217	-0.04191	-0.241421	
1.645	0.961065	0.120542	-0.043052	-0.244887	
1.671	0.959558	0.124898	-0.044063	-0.248408	
1.696	0.958064	0.127455	-0.045197	-0.25264	
1.721	0.956771	0.127879	-0.045955	-0.257145	
1.759	0.955902	0.127361	-0.045299	-0.260727	
1.788	0.955371	0.127285	-0.044451	-0.262848	
1.816	0.955156	0.126803	-0.042466	-0.264187	
1.841	0.954789	0.124365	-0.039321	-0.267142	
1.87	0.954405	0.120318	-0.036956	-0.270682	
1.895	0.953979	0.116656	-0.034342	-0.274109	
1.92	0.953707	0.113508	-0.031291	-0.276731	
1.946	0.953324	0.110485	-0.029267	-0.279481	
1.972	0.952919	0.106303	-0.026932	-0.2827	
1.996	0.952553	0.103279	-0.02447	-0.285267	
2.02	0.952021	0.101364	-0.021975	-0.28792	
2.045	0.95167	0.097681	-0.021197	-0.290404	
2.071	0.951101	0.091432	-0.020521	-0.294324	
2.095	0.950399	0.088586	-0.019216	-0.297532	
2.12	0.9499	0.08549	-0.018823	-0.300044	
2.158	0.949304	0.080949	-0.019335	-0.303142	
2.19	0.948518	0.083693	-0.01833	-0.304916	
2.214	0.948101	0.085379	-0.017593	-0.305787	
2.24	0.947575	0.08099	-0.020178	-0.30844	
2.272	0.94749	0.0789	-0.020467	-0.309221	
2.294	0.94743	0.079757	-0.019152	-0.30927	
2.319	0.947618	0.076644	-0.019287	-0.309474	
2.358	0.947491	0.073551	-0.021115	-0.310491	
2.382	0.948014	0.068694	-0.018617	-0.310167	
2.407	0.948306	0.06667	-0.016485	-0.309837	
2.432	0.948132	0.066454	-0.01843	-0.310308	
2.458	0.947889	0.067721	-0.020558	-0.310642	
2.483	0.947993	0.065542	-0.019464	-0.310862	
2.507	0.947987	0.063712	-0.018068	-0.311344	
2.532	0.947951	0.064516	-0.019034	-0.311232	
2.558	0.947667	0.065262	-0.020003	-0.311878	
2.591	0.947205	0.061565	-0.019265	-0.314072	
2.614	0.946864	0.059068	-0.019836	-0.315542	
2.639	0.946554	0.058063	-0.022648	-0.316467	
2.683	0.946252	0.051072	-0.022187	-0.318601	
2.711	0.946631	0.045332	-0.02109	-0.318419	
2.739	0.94703	0.045448	-0.020491	-0.317251	
2.764	0.946516	0.038831	-0.018217	-0.319794	
2.795	0.946195	0.029304	-0.016488	-0.321847	
2.82	0.946026	0.020954	-0.015844	-0.323026	
2.859	0.945269	0.014401	-0.016053	-0.32558	
2.89	0.943812	0.000376	-0.016292	-0.33008	
2.919	0.94212	-0.009043	-0.01632	-0.334757	
2.944	0.940683	-0.020303	-0.017038	-0.338251	
2.983	0.940256	-0.028859	-0.018487	-0.338738	
3.008	0.940183	-0.033596	-0.019397	-0.338453	
3.036	0.939893	-0.037096	-0.01934	-0.338898	
3.064	0.939524	-0.043145	-0.019418	-0.339198	
3.089	0.939824	-0.050456	-0.020258	-0.337306	
3.12	0.940386	-0.051305	-0.019842	-0.335632	
3.147	0.941061	-0.051109	-0.019199	-0.333803	
3.17	0.941962	-0.050987	-0.018712	-0.331297	
3.197	0.943205	-0.053892	-0.019472	-0.327232	
3.222	0.944746	-0.053466	-0.020796	-0.322743	
3.247	0.946388	-0.05032	-0.021719	-0.318349	
3.269	0.947685	-0.045858	-0.021983	-0.315129	
3.294	0.949073	-0.04274	-0.022221	-0.311352	
3.321	0.9503	-0.03896	-0.023477	-0.307995	
3.347	0.951702	-0.032984	-0.025888	-0.304147	
3.37	0.952824	-0.028677	-0.027647	-0.300898	
3.409	0.954031	-0.024762	-0.028972	-0.297274	
3.436	0.955435	-0.019905	-0.030817	-0.292914	
3.465	0.957383	-0.014834	-0.031314	-0.286734	
3.496	0.958269	-0.011224	-0.030497	-0.284014	
3.52	0.959727	-0.008629	-0.03043	-0.279148	
3.545	0.961308	-0.003581	-0.030259	-0.273786	
3.571	0.962388	0.000413	-0.028339	-0.270198	
3.594	0.963653	0.004137	-0.026604	-0.265798	
3.62	0.965249	0.010548	-0.025709	-0.25985	
3.645	0.966142	0.013718	-0.022361	-0.256674	
3.673	0.967038	0.014408	-0.01896	-0.253518	
3.694	0.96809	0.016939	-0.016016	-0.249517	
3.733	0.969037	0.018962	-0.013646	-0.24581	
3.764	0.969562	0.015438	-0.01093	-0.244114	
3.789	0.970191	0.015174	-0.009438	-0.241682	
3.816	0.970709	0.017223	-0.010053	-0.239429	
3.839	0.971466	0.02184	-0.011138	-0.235907	
3.87	0.971819	0.025536	-0.011418	-0.234064	
3.892	0.972091	0.030508	-0.011821	-0.232312	
3.933	0.972207	0.034842	-0.012802	-0.231161	
3.957	0.972285	0.03837	-0.014174	-0.230195	
3.982	0.972203	0.042769	-0.015763	-0.229659	
4.008	0.972047	0.04567	-0.016982	-0.229674	
4.033	0.971951	0.047303	-0.017897	-0.229681	
4.059	0.9718	0.04986	-0.018749	-0.229709	
4.087	0.971376	0.053984	-0.020347	-0.230437	
4.115	0.970894	0.056889	-0.021553	-0.231653	
4.139	0.970405	0.06263	-0.024449	-0.231933	
4.171	0.969808	0.067619	-0.026076	-0.232851	
4.196	0.968803	0.073512	-0.028195	-0.234992	
4.22	0.967511	0.078966	-0.030423	-0.238245	
4.244	0.966519	0.081164	-0.032362	-0.241261	
4.282	0.965363	0.084434	-0.033955	-0.244527	
4.309	0.964232	0.088451	-0.034671	-0.247447	
4.34	0.962843	0.09179	-0.03605	-0.251414	
4.364	0.961284	0.095936	-0.036919	-0.255668	
4.396	0.960256	0.10013	-0.036395	-0.257989	
4.42	0.959112	0.104853	-0.036032	-0.260406	
4.446	0.958416	0.1073	-0.035916	-0.261983	
4.467	0.957893	0.109475	-0.035156	-0.263099	
4.493	0.95739	0.111416	-0.034563	-0.26419	
4.52	0.956814	0.113026	-0.034514	-0.265596	
4.543	0.956492	0.112901	-0.035085	-0.266732	
4.569	0.956248	0.113386	-0.034124	-0.267525	
4.591	0.956127	0.113925	-0.032644	-0.267913	
4.62	0.955969	0.11408	-0.031637	-0.268529	
4.644	0.955751	0.1138	-0.030984	-0.2695	
4.668	0.955517	0.114096	-0.029951	-0.270319	
4.694	0.955434	0.113609	-0.028658	-0.270957	
4.733	0.9553	0.113133	-0.028013	-0.271696	
4.758	0.955044	0.113178	-0.027037	-0.272672	
4.79	0.95475	0.114536	-0.024611	-0.273366	
4.815	0.95468	0.113007	-0.023716	-0.274323	
4.838	0.954636	0.109827	-0.023541	-0.275779	
4.865	0.9545	0.107588	-0.022904	-0.277181	
4.887	0.95448	0.106453	-0.022403	-0.277729	
4.915	0.954348	0.100523	-0.023189	-0.280316	
4.944	0.954197	0.094545	-0.024365	-0.2828	
4.97	0.953763	0.093371	-0.024917	-0.284599	
4.994	0.953536	0.092968	-0.023917	-0.285576	
5.032	0.953219	0.093223	-0.022752	-0.286645	
5.058	0.953184	0.091817	-0.022169	-0.287261	
5.083	0.95335	0.090895	-0.02206	-0.287011	
5.115	0.95377	0.08943	-0.021098	-0.286146	
5.14	0.954007	0.088721	-0.020182	-0.285645	
5.164	0.953963	0.09012	-0.019631	-0.28539	
5.188	0.953747	0.09042	-0.018778	-0.286073	
5.215	0.953851	0.085236	-0.016956	-0.287431	
5.239	0.954492	0.0828	-0.015749	-0.286077	
5.27	0.954553	0.083676	-0.014695	-0.285676	
5.294	0.954655	0.078624	-0.01286	-0.286855	
5.317	0.955317	0.070704	-0.01112	-0.286787	
5.344	0.956225	0.06642	-0.009848	-0.284825	
5.371	0.956606	0.066123	-0.009561	-0.283622	
5.393	0.956391	0.063674	-0.009661	-0.284902	
5.421	0.9565	0.055737	-0.0106	-0.286163	
5.457	0.957092	0.047258	-0.01483	-0.285521	
5.483	0.957095	0.045371	-0.019237	-0.285554	
5.508	0.957076	0.041645	-0.0236	-0.285858	
5.541	0.95676	0.033173	-0.027648	-0.287656	
5.564	0.95653	0.026188	-0.030184	-0.288885	
5.591	0.956274	0.015877	-0.032943	-0.290179	
5.619	0.955892	0.008181	-0.032949	-0.291751	
5.647	0.955608	0.001434	-0.032543	-0.292834	
5.668	0.95524	-0.007315	-0.032618	-0.293938	
5.697	0.955105	-0.014153	-0.033704	-0.294003	
5.718	0.954854	-0.022357	-0.034805	-0.29418	
5.744	0.954404	-0.029359	-0.035013	-0.295002	
5.769	0.953869	-0.036748	-0.035558	-0.295838	
5.795	0.953962	-0.039251	-0.036746	-0.295069	
5.819	0.954733	-0.035967	-0.038013	-0.292825	
5.847	0.95559	-0.032284	-0.038672	-0.290364	
5.87	0.956662	-0.027512	-0.038844	-0.287284	
5.895	0.957869	-0.023898	-0.040299	-0.28336	
5.919	0.959426	-0.020942	-0.042786	-0.277906	
5.945	0.961132	-0.014704	-0.043936	-0.272176	
5.969	0.962647	-0.003592	-0.043431	-0.267229	
5.996	0.963497	-0.0003	-0.042171	-0.264378	
6.02	0.96485	0.003821	-0.039235	-0.259827	
6.047	0.965617	0.011071	-0.034788	-0.257392	
6.07	0.965966	0.011038	-0.029729	-0.25672	
6.095	0.966903	0.007539	-0.026396	-0.253664	
6.12	0.96793	0.007674	-0.021215	-0.250204	
6.158	0.968113	0.004997	-0.014429	-0.250047	
6.189	0.969024	0.000137	-0.010471	-0.246746	
6.221	0.969573	0.001758	-0.008983	-0.244631	
6.246	0.969594	0.000331	-0.005807	-0.244651	
6.27	0.969987	-0.001893	-0.003002	-0.243133	
6.294	0.970465	0.000655	-0.001503	-0.241238	
6.321	0.970984	0.004057	-0.002586	-0.239098	
6.346	0.97153	0.010418	-0.004086	-0.236651	
6.369	0.971999	0.015218	-0.005556	-0.234425	
6.394	0.972319	0.021772	-0.00763	-0.232518	
6.419	0.972213	0.030349	-0.009768	-0.231916	
6.444	0.972134	0.034679	-0.010713	-0.231601	
6.471	0.972331	0.038462	-0.011424	-0.230137	
6.495	0.972363	0.043587	-0.012097	-0.229051	
6.522	0.972166	0.046638	-0.01273	-0.229251	
6.545	0.971992	0.048564	-0.013305	-0.229557	
6.57	0.971993	0.051485	-0.014307	-0.228854	
6.594	0.971843	0.05766	-0.016408	-0.227877	
6.62	0.971089	0.066264	-0.019303	-0.228523	
6.658	0.970109	0.073072	-0.020592	-0.230487	
6.688	0.969704	0.07962	-0.021959	-0.229899	
6.715	0.968911	0.088597	-0.023265	-0.229826	
6.74	0.967859	0.096644	-0.02517	-0.230816	
6.764	0.966334	0.105365	-0.027067	-0.233162	
6.808	0.965211	0.114726	-0.029964	-0.233041	
6.839	0.963107	0.128655	-0.03291	-0.234073	
6.87	0.961986	0.134856	-0.034062	-0.235023	
6.896	0.960657	0.142348	-0.035146	-0.235883	
6.933	0.959133	0.149825	-0.035499	-0.237393	
6.957	0.958199	0.153968	-0.035369	-0.238534	
6.982	0.957328	0.157741	-0.03545	-0.239549	
7.007	0.956662	0.159173	-0.035594	-0.241237	
7.033	0.956408	0.157989	-0.036007	-0.242954	
7.065	0.956265	0.155674	-0.035202	-0.24512	
7.089	0.956498	0.149168	-0.036162	-0.248099	
7.12	0.956328	0.14489	-0.035934	-0.251301	
7.145	0.956021	0.142096	-0.034932	-0.25419	
7.169	0.956014	0.139577	-0.033987	-0.255737	
7.195	0.955846	0.137634	-0.033986	-0.25741	
7.22	0.955421	0.137024	-0.033616	-0.259356	
7.247	0.955151	0.139524	-0.032712	-0.259133	
7.271	0.954785	0.14271	-0.03085	-0.258975	
7.296	0.954568	0.141223	-0.030033	-0.260681	
7.321	0.95444	0.136456	-0.028415	-0.263849	
7.345	0.954376	0.134279	-0.026855	-0.265359	
7.37	0.95458	0.129942	-0.025699	-0.266893	
7.394	0.9551	0.124516	-0.02499	-0.267685	
7.42	0.955295	0.122288	-0.023893	-0.268116	
7.444	0.955287	0.120718	-0.022784	-0.26895	
7.47	0.955263	0.1178	-0.022776	-0.270328	
7.495	0.954974	0.115769	-0.02354	-0.272155	
7.521	0.954781	0.114899	-0.023539	-0.2732	
7.545	0.954579	0.114419	-0.023488	-0.27411	
7.569	0.95431	0.113081	-0.024141	-0.275539	
7.608	0.95419	0.110281	-0.024302	-0.277072	
7.64	0.954248	0.110221	-0.021588	-0.277123	
7.682	0.954456	0.107079	-0.021373	-0.277652	
7.708	0.954346	0.104962	-0.022195	-0.278773	
7.733	0.954518	0.102598	-0.022197	-0.279065	
7.759	0.95433	0.101501	-0.021387	-0.28017	
7.79	0.953963	0.099775	-0.022436	-0.281951	
7.82	0.954342	0.097035	-0.023051	-0.281573	
7.846	0.95483	0.094738	-0.022116	-0.280777	
7.871	0.955059	0.092499	-0.020683	-0.280852	
7.897	0.954962	0.09123	-0.019873	-0.281655	
7.92	0.955256	0.090919	-0.019814	-0.280763	
7.946	0.955498	0.091649	-0.018819	-0.279767	
7.971	0.955331	0.088419	-0.016752	-0.281505	
7.994	0.955083	0.081873	-0.014937	-0.284413	
8.032	0.95561	0.073434	-0.01469	-0.28496	
8.058	0.955835	0.066619	-0.014678	-0.285877	
8.089	0.955456	0.056212	-0.014455	-0.28937	
8.114	0.955058	0.045198	-0.015797	-0.292526	
8.146	0.95477	0.039347	-0.016993	-0.29424	
8.171	0.954569	0.032676	-0.018014	-0.295643	
8.196	0.955192	0.028715	-0.019277	-0.29396	
8.221	0.95636	0.025665	-0.021389	-0.290275	
8.245	0.957831	0.021453	-0.024249	-0.285503	
8.271	0.959458	0.01745	-0.027396	-0.279974	
8.295	0.961008	0.016419	-0.031151	-0.27427	
8.32	0.962231	0.019701	-0.034213	-0.269356	
8.346	0.962977	0.023047	-0.035488	-0.266243	
8.37	0.964018	0.02588	-0.036186	-0.26209	
8.407	0.96524	0.030287	-0.037633	-0.256864	
8.433	0.965942	0.034435	-0.03781	-0.253655	
8.463	0.96668	0.03434	-0.038216	-0.250779	
8.49	0.967918	0.036021	-0.040653	-0.245324	
8.521	0.968481	0.041047	-0.041584	-0.242136	
8.558	0.968787	0.046511	-0.041263	-0.239971	
8.589	0.969192	0.043961	-0.041849	-0.238709	
8.614	0.969777	0.045079	-0.043347	-0.235843	
8.646	0.969735	0.049301	-0.04199	-0.235414	
8.67	0.969702	0.050339	-0.041659	-0.23539	
8.695	0.969669	0.053034	-0.042957	-0.234702	
8.722	0.969473	0.057205	-0.044122	-0.234312	
8.745	0.96922	0.058879	-0.04509	-0.234763	
8.771	0.969101	0.058671	-0.04597	-0.235134	
8.808	0.968794	0.060404	-0.047537	-0.235646	
8.833	0.968224	0.065709	-0.048487	-0.236376	
8.858	0.967674	0.069453	-0.048322	-0.237587	
8.891	0.967351	0.071985	-0.048732	-0.238065	
8.916	0.966898	0.077353	-0.048487	-0.238271	
8.94	0.966264	0.082985	-0.047282	-0.239191	
8.966	0.96562	0.086878	-0.046093	-0.240636	
8.995	0.964956	0.092162	-0.046835	-0.241188	
9.02	0.964076	0.09797	-0.046923	-0.242401	
9.045	0.963392	0.100805	-0.047434	-0.243851	
9.072	0.963015	0.101344	-0.048292	-0.244949	
9.097	0.962796	0.101174	-0.048795	-0.245777	
9.122	0.962588	0.101451	-0.049431	-0.24635	
9.146	0.962631	0.099261	-0.050197	-0.246921	
9.169	0.962893	0.093857	-0.051643	-0.24771	
9.194	0.963189	0.088791	-0.051586	-0.24844	
9.221	0.963573	0.082022	-0.050594	-0.249479	
9.257	0.964104	0.073516	-0.048659	-0.250464	
9.287	0.964714	0.066658	-0.04643	-0.250455	
9.316	0.96531	0.060918	-0.04377	-0.2501	
9.346	0.965557	0.058456	-0.043032	-0.24986	
9.37	0.965749	0.057719	-0.042592	-0.249365	
9.396	0.96589	0.057266	-0.042418	-0.248955	
9.419	0.966092	0.055781	-0.042717	-0.248456	
9.445	0.966291	0.054412	-0.043313	-0.247883	
9.482	0.966362	0.054027	-0.043774	-0.247607	
9.515	0.966327	0.053547	-0.043878	-0.247832	
9.54	0.966345	0.054182	-0.044174	-0.24757	
9.569	0.966396	0.054788	-0.043964	-0.247272	
9.607	0.966366	0.056828	-0.043971	-0.246927	
9.633	0.966231	0.059139	-0.044027	-0.246904	
