Hora de inicio de la toma de datos: 11:30:41
AT(s)	W	X	Y	Z
0.01	0.995545	0.074819	-0.057269	0.00347	
0.037	0.995642	0.073444	-0.057341	0.00382	
0.063	0.995654	0.073318	-0.057289	0.004074	
0.087	0.995642	0.073553	-0.057172	0.004176	
0.112	0.995603	0.074187	-0.057049	0.004137	
0.138	0.995501	0.075774	-0.056763	0.0038	
0.162	0.995359	0.077987	-0.056283	0.003271	
0.187	0.995169	0.08085	-0.055636	0.002446	
0.211	0.994961	0.083816	-0.055004	0.001529	
0.238	0.994716	0.087132	-0.0543	0.000716	
0.261	0.994592	0.088944	-0.05363	0.000315	
0.287	0.994632	0.088655	-0.053369	0.000414	
0.311	0.994846	0.085908	-0.053865	0.000663	
0.336	0.995075	0.082786	-0.05451	0.000635	
0.361	0.995155	0.081328	-0.055244	0.000574	
0.387	0.995136	0.080905	-0.056209	0.000439	
0.412	0.995087	0.080901	-0.057075	0.000559	
0.438	0.995044	0.080902	-0.05781	0.000663	
0.461	0.995037	0.080694	-0.058214	0.000485	
0.488	0.995018	0.080939	-0.058216	0.000141	
0.512	0.994997	0.081248	-0.058134	-0.000249	
0.537	0.994989	0.081378	-0.058095	-0.000724	
0.563	0.994954	0.081681	-0.05825	-0.001255	
0.587	0.994925	0.081886	-0.058452	-0.001657	
0.61	0.994939	0.081483	-0.058776	-0.001609	
0.636	0.994982	0.080539	-0.059352	-0.001148	
0.662	0.995077	0.079067	-0.059745	-0.000534	
0.688	0.995215	0.077204	-0.059888	0.00018	
0.713	0.995377	0.075185	-0.059755	0.000755	
0.743	0.995432	0.074633	-0.059537	0.001058	
0.769	0.995449	0.074608	-0.059274	0.001445	
0.807	0.995545	0.073348	-0.059216	0.001929	
0.837	0.995664	0.071836	-0.05906	0.002117	
0.863	0.995634	0.07255	-0.058698	0.002025	
0.889	0.995506	0.074549	-0.058371	0.001748	
0.912	0.995347	0.076694	-0.058325	0.001122	
0.937	0.995129	0.079354	-0.058488	0.000493	
0.962	0.994902	0.082159	-0.058473	7.1e-05	
0.988	0.99444	0.087068	-0.059226	-0.000499	
1.016	0.993995	0.091577	-0.059896	-0.001097	
1.041	0.993559	0.095847	-0.060411	-0.002041	
1.069	0.993259	0.098726	-0.060664	-0.003061	
1.094	0.993038	0.100738	-0.060938	-0.003878	
1.118	0.992863	0.102306	-0.061138	-0.004341	
1.144	0.992792	0.102925	-0.061226	-0.004659	
1.182	0.992732	0.103326	-0.061507	-0.00496	
1.211	0.99266	0.104026	-0.061448	-0.005351	
1.236	0.992565	0.104897	-0.061456	-0.005823	
1.262	0.992453	0.105991	-0.061352	-0.00628	
1.288	0.992315	0.10733	-0.061193	-0.00685	
1.312	0.992211	0.108348	-0.061036	-0.007321	
1.338	0.992219	0.108347	-0.060849	-0.007716	
1.367	0.992322	0.10739	-0.060888	-0.007601	
1.408	0.992386	0.10693	-0.060674	-0.007355	
1.439	0.992398	0.107112	-0.060148	-0.007409	
1.465	0.992392	0.107326	-0.059838	-0.007708	
1.492	0.99239	0.107405	-0.059681	-0.008012	
1.521	0.992422	0.107191	-0.059517	-0.008131	
1.545	0.992579	0.105821	-0.059375	-0.007926	
1.565	0.992823	0.103496	-0.059446	-0.007579	
1.594	0.992997	0.101782	-0.059552	-0.007127	
1.62	0.993027	0.101539	-0.059495	-0.00697	
1.642	0.992969	0.102218	-0.059285	-0.007049	
1.667	0.992883	0.103213	-0.058947	-0.007433	
1.694	0.992813	0.103951	-0.058773	-0.007869	
1.732	0.992792	0.104232	-0.058615	-0.007976	
1.764	0.992938	0.102995	-0.058368	-0.007658	
1.79	0.993084	0.101473	-0.058625	-0.007095	
1.812	0.993137	0.100814	-0.058913	-0.006763	
1.837	0.993033	0.101753	-0.059038	-0.006829	
1.867	0.992883	0.10322	-0.058961	-0.007242	
1.891	0.992759	0.104429	-0.058865	-0.007631	
1.917	0.992764	0.104341	-0.058922	-0.007858	
1.941	0.992891	0.102983	-0.059198	-0.007656	
1.967	0.993049	0.101388	-0.059347	-0.007188	
1.994	0.993219	0.099675	-0.059448	-0.006873	
2.017	0.993313	0.098663	-0.059584	-0.00665	
2.043	0.993315	0.098641	-0.059595	-0.0066	
2.081	0.993252	0.099338	-0.059486	-0.006675	
2.107	0.993197	0.099893	-0.059466	-0.006745	
2.135	0.993188	0.099954	-0.059492	-0.006857	
2.163	0.993239	0.09939	-0.059598	-0.006816	
2.192	0.993237	0.099401	-0.059625	-0.006688	
2.231	0.993179	0.100013	-0.059577	-0.006619	
2.256	0.993105	0.100907	-0.059304	-0.006563	
2.285	0.993079	0.101215	-0.059261	-0.006142	
2.312	0.993175	0.100151	-0.059493	-0.005764	
2.337	0.993292	0.098938	-0.059612	-0.005398	
2.363	0.993409	0.097934	-0.059356	-0.005037	
2.406	0.993427	0.097696	-0.059457	-0.004732	
2.438	0.993412	0.097497	-0.060078	-0.004187	
2.465	0.99337	0.097456	-0.060873	-0.003693	
2.496	0.993329	0.09752	-0.06145	-0.003465	
2.517	0.993186	0.098676	-0.06191	-0.003336	
2.543	0.99303	0.100136	-0.06206	-0.003467	
2.567	0.992955	0.101099	-0.061707	-0.003514	
2.606	0.993009	0.100706	-0.061491	-0.003248	
2.639	0.993142	0.099204	-0.061807	-0.002843	
2.662	0.993207	0.098447	-0.061975	-0.002596	
2.687	0.993268	0.097875	-0.06191	-0.002407	
2.713	0.993428	0.096234	-0.061933	-0.00207	
2.743	0.993595	0.09439	-0.062099	-0.001722	
2.781	0.993789	0.0922	-0.062302	-0.001124	
2.808	0.993903	0.090843	-0.062487	-0.000419	
2.838	0.99396	0.08981	-0.063071	0.000121	
2.868	0.993892	0.090247	-0.06351	0.000275	
2.894	0.993778	0.091376	-0.063683	0.000551	
2.915	0.993747	0.091539	-0.063934	0.000985	
2.957	0.993814	0.090507	-0.064338	0.001547	
2.986	0.993894	0.089583	-0.064385	0.001938	
3.011	0.994009	0.088443	-0.06418	0.002392	
3.036	0.994182	0.086612	-0.063976	0.002905	
3.062	0.994358	0.084788	-0.063658	0.003421	
3.088	0.994592	0.0821	-0.063473	0.004093	
3.133	0.994712	0.080813	-0.063208	0.004676	
3.162	0.994938	0.078348	-0.062676	0.005562	
3.193	0.995069	0.076731	-0.062585	0.00584	
3.231	0.995092	0.07661	-0.062341	0.006021	
3.256	0.995053	0.077023	-0.062435	0.00626	
3.281	0.995076	0.076476	-0.062696	0.006707	
3.31	0.995163	0.075284	-0.062715	0.007087	
3.336	0.995212	0.074749	-0.062525	0.00746	
3.361	0.99527	0.074175	-0.062246	0.007825	
3.387	0.995381	0.072877	-0.061942	0.008341	
3.433	0.995452	0.07183	-0.061947	0.00886	
3.463	0.995436	0.072097	-0.061837	0.009199	
3.506	0.995401	0.072509	-0.061925	0.009165	
3.531	0.995397	0.072442	-0.062035	0.009407	
3.562	0.995424	0.071669	-0.062442	0.009739	
3.586	0.995418	0.071113	-0.063121	0.010075	
3.619	0.995384	0.071425	-0.063267	0.010351	
3.647	0.995361	0.071692	-0.063283	0.01059	
3.67	0.995386	0.071297	-0.063329	0.010613	
3.691	0.995416	0.071009	-0.06319	0.010583	
3.716	0.995421	0.071129	-0.062956	0.010667	
3.744	0.995474	0.070407	-0.062897	0.010841	
3.77	0.995548	0.069278	-0.062963	0.010974	
3.794	0.995584	0.06867	-0.063043	0.011045	
3.82	0.995603	0.06834	-0.063079	0.011154	
